
0,827.5848257104888,4358.230823072505,5731.0,1,1,AutoPrice,DEBin,1,TT,0,221725
1,854.1409021639429,3335.184242376249,6917.0,1,1,AutoPrice,DEBin,1,TT,0,221726
2,905.4194005498729,3069.146745920582,7969.0,1,1,AutoPrice,DEBin,1,TT,0,180992
3,908.8728858872271,3256.0970499853115,5583.0,1,1,AutoPrice,DEBin,1,TT,0,221728
4,905.5958588282913,2287.13553514458,7500.0,1,1,AutoPrice,DEBin,1,TT,0,221729
5,945.6455571813381,4164.395518452363,5288.0,1,1,AutoPrice,DEBin,1,TT,0,221730
6,920.9735604395606,3242.170780078882,7617.0,1,1,AutoPrice,DEBin,1,TT,0,221731
7,873.3622589906367,3687.727455933454,5278.0,1,1,AutoPrice,DEBin,1,TT,0,221732
8,891.1997514062795,6881.797180255343,5563.0,1,1,AutoPrice,DEBin,1,TT,0,221733
9,875.4084305393383,3499.972800819346,5531.0,1,1,AutoPrice,DEBin,1,TT,0,221734
10,811.9929776356735,4452.253715954217,6116.0,1,1,AutoPrice,DEBin,1,TT,0,221735
11,846.5446704940202,4791.501902065117,7515.0,1,1,AutoPrice,DEBin,1,TT,0,221736
12,891.5077981668331,3847.2839875863283,7828.0,1,1,AutoPrice,DEBin,1,TT,0,181002
13,881.2388162057623,4340.921708025308,6098.0,1,1,AutoPrice,DEBin,1,TT,0,221738
14,873.2214836130822,2977.777439496891,5621.0,1,1,AutoPrice,DEBin,1,TT,0,221739
15,882.2197453094597,3085.4448378521924,7558.0,1,1,AutoPrice,DEBin,1,TT,0,221740
16,904.4873779214035,3772.025746784037,8000.0,1,1,AutoPrice,DEBin,1,TT,0,181006
17,925.2143870068753,5407.131406259037,5210.0,1,1,AutoPrice,DEBin,1,TT,0,221742
18,924.1487528163688,4136.087255071513,7643.0,1,1,AutoPrice,DEBin,1,TT,0,221743
19,908.809528187052,4310.113388540371,7681.0,1,1,AutoPrice,DEBin,1,TT,0,221744
20,903.0195345213889,5282.132253196133,7968.0,1,1,AutoPrice,DEBin,1,TT,0,181010
21,873.138439281368,3774.2292296282526,5686.0,1,1,AutoPrice,DEBin,1,TT,0,221746
22,901.1423284076727,5295.553727883213,7734.0,1,1,AutoPrice,DEBin,1,TT,0,221747
23,905.0759331534415,3406.9744092153146,5670.0,1,1,AutoPrice,DEBin,1,TT,0,221748
24,906.3672301617445,2769.9201033870577,7622.0,1,1,AutoPrice,DEBin,1,TT,0,221749
25,882.6586462076084,3554.6786062084498,7764.0,1,1,AutoPrice,DEBin,1,TT,0,221750
26,881.959788617469,4449.450903960699,7724.0,1,1,AutoPrice,DEBin,1,TT,0,221751
27,884.8730114021175,5562.572050776049,6043.0,1,1,AutoPrice,DEBin,1,TT,0,221752
28,888.1508414124446,4018.3947943445073,5547.0,1,1,AutoPrice,DEBin,1,TT,0,221753
29,858.2900315486419,3257.39435240882,5547.0,1,1,AutoPrice,DEBin,1,TT,0,221754
30,857.1093870404112,4189.3912171387165,5266.0,1,1,AutoPrice,DEBin,1,TT,0,221755
31,891.624128016467,4263.468329886438,5625.0,1,1,AutoPrice,DEBin,1,TT,0,221756
32,899.0130315380899,3727.325258712359,5733.0,1,1,AutoPrice,DEBin,1,TT,0,221757
33,892.6704832778015,3750.244414801628,5267.0,1,1,AutoPrice,DEBin,1,TT,0,221758
34,896.9678868119505,3227.621101240031,5531.0,1,1,AutoPrice,DEBin,1,TT,0,221759