
0,0.6274952949684797,1.553294051397927,8109.0,1,1,BodyFat,DEBin,1,TT,0,221935
1,0.6403281779210728,1.1915234437432616,8031.0,1,1,BodyFat,DEBin,1,TT,0,221936
2,0.6312520744950921,0.9266530925092107,8047.0,1,1,BodyFat,DEBin,1,TT,0,221937
3,0.6476867520026656,1.3620550633254855,8015.0,1,1,BodyFat,DEBin,1,TT,0,221938
4,0.6624890910386452,2.395677589584292,11672.0,1,1,BodyFat,DEBin,1,TT,0,181174
5,0.6715762146769342,1.1095691976947215,8139.0,1,1,BodyFat,DEBin,1,TT,0,221940
6,0.6646262557307516,1.4173627926334735,7603.0,1,1,BodyFat,DEBin,1,TT,0,221941
7,0.6540740826270033,1.5473702657329125,8268.0,1,1,BodyFat,DEBin,1,TT,0,221942
8,0.6757838872777177,1.0225798419360024,8333.0,1,1,BodyFat,DEBin,1,TT,0,221943
9,0.6757332356783464,1.108732688667755,11657.0,1,1,BodyFat,DEBin,1,TT,0,181179
10,0.6586994293975452,1.4386364763510568,8188.0,1,1,BodyFat,DEBin,1,TT,0,221945
11,0.6519636104708231,1.0865042492282213,8125.0,1,1,BodyFat,DEBin,1,TT,0,221946
12,0.6650329586100242,1.6359387642556797,8410.0,1,1,BodyFat,DEBin,1,TT,0,221947
13,0.6727416064298958,1.119833075408742,8031.0,1,1,BodyFat,DEBin,1,TT,0,221948
14,0.6687810319509784,2.166212318695851,8109.0,1,1,BodyFat,DEBin,1,TT,0,221949
15,0.6506289599807916,1.0929201208348605,8100.0,1,1,BodyFat,DEBin,1,TT,0,221950
16,0.671075235857023,1.4054965944344457,9174.0,1,1,BodyFat,DEBin,1,TT,0,221951
17,0.6630037922003313,1.1942508541354708,8386.0,1,1,BodyFat,DEBin,1,TT,0,221952
18,0.6723139551659756,1.5146133915596898,8245.0,1,1,BodyFat,DEBin,1,TT,0,221953
19,0.6595314013030125,1.0224171729579992,8394.0,1,1,BodyFat,DEBin,1,TT,0,221954
20,0.6479604726948388,3.07600344524256,8220.0,1,1,BodyFat,DEBin,1,TT,0,221955
21,0.6620112553866965,1.0157177442261,8392.0,1,1,BodyFat,DEBin,1,TT,0,221956
22,0.6456800446004314,1.1357948314780948,11165.0,1,1,BodyFat,DEBin,1,TT,0,221957
23,0.6655256983186846,1.073126162223841,11226.0,1,1,BodyFat,DEBin,1,TT,0,221958
24,0.6298448949666994,1.083868037157196,11084.0,1,1,BodyFat,DEBin,1,TT,0,221959
25,0.6740198642696813,1.2715246714932793,11657.0,1,1,BodyFat,DEBin,1,TT,0,181195
26,0.6632280693808781,1.3217923583431113,11160.0,1,1,BodyFat,DEBin,1,TT,0,221961
27,0.6487918174940877,2.0832110279012115,10009.0,1,1,BodyFat,DEBin,1,TT,0,221962
28,0.6562938326962953,1.4845276830567118,11247.0,1,1,BodyFat,DEBin,1,TT,0,221963
29,0.6496914518282555,0.8802513935535502,11531.0,1,1,BodyFat,DEBin,1,TT,0,181199
30,0.6633804680403286,0.9733092394812721,8283.0,1,1,BodyFat,DEBin,1,TT,0,221965
31,0.6696487563418996,0.9344657490054674,8093.0,1,1,BodyFat,DEBin,1,TT,0,221966
32,0.683205718441929,2.222513620688702,8398.0,1,1,BodyFat,DEBin,1,TT,0,221967
33,0.6368399292148293,1.0561326819753927,8372.0,1,1,BodyFat,DEBin,1,TT,0,221968
34,0.6658879933836963,1.0322972718275154,8094.0,1,1,BodyFat,DEBin,1,TT,0,221969