
0,70.70742406720852,194.19680087562017,4704.0,1,1,Veteran,DEBin,1,TT,0,221865
1,71.20206963684537,296.9571778916462,5782.0,1,1,Veteran,DEBin,1,TT,0,221866
2,74.52873872328458,446.6466228063523,5770.0,1,1,Veteran,DEBin,1,TT,0,221867
3,69.435549417419,272.2558270849427,4641.0,1,1,Veteran,DEBin,1,TT,0,221868
4,70.88486896765943,309.55233252407294,6797.0,1,1,Veteran,DEBin,1,TT,0,181114
5,72.98162464340398,478.6856475795365,5764.0,1,1,Veteran,DEBin,1,TT,0,221870
6,74.22990395956252,449.5488508795945,4757.0,1,1,Veteran,DEBin,1,TT,0,221871
7,72.36978596211843,587.2302742322549,5862.0,1,1,Veteran,DEBin,1,TT,0,221872
8,72.85875948115319,346.4897982153148,4803.0,1,1,Veteran,DEBin,1,TT,0,221873
9,73.30809639261884,377.99441160471224,5149.0,1,1,Veteran,DEBin,1,TT,0,221874
10,71.06572177439291,243.44898916526327,4845.0,1,1,Veteran,DEBin,1,TT,0,221875
11,71.60478100840994,273.7121793080611,4704.0,1,1,Veteran,DEBin,1,TT,0,221876
12,74.11522649689236,203.40690568235084,5097.0,1,1,Veteran,DEBin,1,TT,0,221877
13,73.10613518502583,224.87025766494187,6141.0,1,1,Veteran,DEBin,1,TT,0,221878
14,74.58551805888368,284.74558920806,5156.0,1,1,Veteran,DEBin,1,TT,0,221879
15,73.26127389233915,477.03014070411854,6418.0,1,1,Veteran,DEBin,1,TT,0,221880
16,71.88930238663153,218.1432242352177,4855.0,1,1,Veteran,DEBin,1,TT,0,221881
17,72.7840932188403,278.5140796412638,4656.0,1,1,Veteran,DEBin,1,TT,0,221882
18,74.24873282029274,185.03169430456086,5222.0,1,1,Veteran,DEBin,1,TT,0,221883
19,71.08871717758944,250.50074358969945,5791.0,1,1,Veteran,DEBin,1,TT,0,221884
20,74.11956352942553,431.5763872364319,5089.0,1,1,Veteran,DEBin,1,TT,0,221885
21,72.4401459233415,251.285720218713,5303.0,1,1,Veteran,DEBin,1,TT,0,221886
22,70.87339466404592,370.8547217064583,6414.0,1,1,Veteran,DEBin,1,TT,0,221887
23,69.52761217877428,256.99697998838644,5272.0,1,1,Veteran,DEBin,1,TT,0,221888
24,72.95585476430921,200.3531818370635,6578.0,1,1,Veteran,DEBin,1,TT,0,181134
25,73.39538127616424,222.54207744750713,6408.0,1,1,Veteran,DEBin,1,TT,0,221890
26,73.35242569217883,248.26828085865907,6351.0,1,1,Veteran,DEBin,1,TT,0,221891
27,70.88752028588128,211.9043304035992,6094.0,1,1,Veteran,DEBin,1,TT,0,221892
28,72.26144815101033,383.7707731482514,6031.0,1,1,Veteran,DEBin,1,TT,0,221893
29,72.10190374843933,358.68247829140154,6501.0,1,1,Veteran,DEBin,1,TT,0,221894
30,75.87801189932637,344.3447723793897,6399.0,1,1,Veteran,DEBin,1,TT,0,221895
31,75.13048884370646,281.41912131213434,4677.0,1,1,Veteran,DEBin,1,TT,0,221896
32,72.76861840221886,209.90318976213098,4657.0,1,1,Veteran,DEBin,1,TT,0,221897
33,72.80572542996414,253.09955214381216,4656.0,1,1,Veteran,DEBin,1,TT,0,221898
34,76.03354677367517,247.34430671615996,4734.0,1,1,Veteran,DEBin,1,TT,0,221899