
0,0.0,1.0,40527.0,1,1,Banknote,DEBin,3,TT,0,223545
1,0.0,1.0,52347.0,1,1,Banknote,DEBin,3,TT,0,223546
2,0.0,1.0,40571.0,1,1,Banknote,DEBin,3,TT,0,223547
3,0.0,1.0,37028.0,1,1,Banknote,DEBin,3,TT,0,223548
4,0.0,1.0,52792.0,1,1,Banknote,DEBin,3,TT,0,223549
5,0.0,1.0,36339.0,1,1,Banknote,DEBin,3,TT,0,223550
6,0.0,1.0,36757.0,1,1,Banknote,DEBin,3,TT,0,223551
7,0.0,1.0,36532.0,1,1,Banknote,DEBin,3,TT,0,223552
8,0.0,1.0,37530.0,1,1,Banknote,DEBin,3,TT,0,223553
9,0.0,0.9977777777777778,36912.0,1,1,Banknote,DEBin,3,TT,0,223554
10,0.0,1.0,45719.0,1,1,Banknote,DEBin,3,TT,0,223555
11,0.0,1.0,40577.0,1,1,Banknote,DEBin,3,TT,0,223556
12,0.0,1.0,36813.0,1,1,Banknote,DEBin,3,TT,0,223557
13,0.0,1.0,46766.0,1,1,Banknote,DEBin,3,TT,0,223558
14,0.0,1.0,36185.0,1,1,Banknote,DEBin,3,TT,0,223559
15,0.0,0.9977777777777778,40740.0,1,1,Banknote,DEBin,3,TT,0,223560
16,0.0,1.0,40379.0,1,1,Banknote,DEBin,3,TT,0,223561
17,0.0,1.0,36701.0,1,1,Banknote,DEBin,3,TT,0,223562
18,0.0,0.9955555555555555,46172.0,1,1,Banknote,DEBin,3,TT,0,223563
19,0.0,1.0,40968.0,1,1,Banknote,DEBin,3,TT,0,223564
20,0.0,1.0,37425.0,1,1,Banknote,DEBin,3,TT,0,223565
21,0.0,1.0,36964.0,1,1,Banknote,DEBin,3,TT,0,223566
22,0.0,1.0,40933.0,1,1,Banknote,DEBin,3,TT,0,223567
23,0.0,1.0,36876.0,1,1,Banknote,DEBin,3,TT,0,223568
24,0.0,1.0,39859.0,1,1,Banknote,DEBin,3,TT,0,223569
25,0.0,1.0,40718.0,1,1,Banknote,DEBin,3,TT,0,223570
26,0.0,1.0,40116.0,1,1,Banknote,DEBin,3,TT,0,223571
27,0.0,1.0,42336.0,1,1,Banknote,DEBin,3,TT,0,223572
28,0.0,1.0,39625.0,1,1,Banknote,DEBin,3,TT,0,223573
29,0.0,1.0,39727.0,1,1,Banknote,DEBin,3,TT,0,223574
30,0.0,1.0,41840.0,1,1,Banknote,DEBin,3,TT,0,223575
31,0.0,1.0,42953.0,1,1,Banknote,DEBin,3,TT,0,223576
32,0.0,1.0,41407.0,1,1,Banknote,DEBin,3,TT,0,223577
33,0.0,1.0,40647.0,1,1,Banknote,DEBin,3,TT,0,223578
34,0.0,1.0,46187.0,1,1,Banknote,DEBin,3,TT,0,223579