
0,866.6815309385219,3623.5935724256024,5260.0,1,1,AutoPrice,DEBin,5,TT,0,227605
1,876.1368111603283,4818.448428678034,5749.0,1,1,AutoPrice,DEBin,5,TT,0,186991
2,928.0854553624606,4929.039474260591,5998.0,1,1,AutoPrice,DEBin,5,TT,0,186992
3,863.8173868297107,3513.8767157976517,5628.0,1,1,AutoPrice,DEBin,5,TT,0,227608
4,859.9445437795806,4467.805039699682,7610.0,1,1,AutoPrice,DEBin,5,TT,0,186994
5,907.9062178220062,3185.75707633403,5532.0,1,1,AutoPrice,DEBin,5,TT,0,227610
6,884.4734989180267,3702.4082970935183,6044.0,1,1,AutoPrice,DEBin,5,TT,0,227611
7,929.153745372905,4541.426132118206,7691.0,1,1,AutoPrice,DEBin,5,TT,0,227612
8,875.3645237350629,4234.085319059771,5857.0,1,1,AutoPrice,DEBin,5,TT,0,186998
9,912.8703038820988,4148.041610821036,5260.0,1,1,AutoPrice,DEBin,5,TT,0,227614
10,862.1664839403709,2916.2868360018965,5531.0,1,1,AutoPrice,DEBin,5,TT,0,227615
11,901.6407167443011,2865.092338792809,5859.0,1,1,AutoPrice,DEBin,5,TT,0,187001
12,901.5876372303755,3646.1211790126436,6297.0,1,1,AutoPrice,DEBin,5,TT,0,187002
13,930.0073848372263,4485.414133568059,5851.0,1,1,AutoPrice,DEBin,5,TT,0,187003
14,823.3447543707961,3497.3317133721057,5774.0,1,1,AutoPrice,DEBin,5,TT,0,227619
15,931.633068739732,6909.0659788076755,6478.0,1,1,AutoPrice,DEBin,5,TT,0,227620
16,885.4007991386087,3995.968131824115,5562.0,1,1,AutoPrice,DEBin,5,TT,0,227621
17,900.2467609294894,5457.22866868282,6907.0,1,1,AutoPrice,DEBin,5,TT,0,187007
18,867.3462275405992,5258.107275443248,5241.0,1,1,AutoPrice,DEBin,5,TT,0,227623
19,903.7071787592747,2602.1969952515005,5920.0,1,1,AutoPrice,DEBin,5,TT,0,187009
20,904.5066845107207,5066.614851720361,5698.0,1,1,AutoPrice,DEBin,5,TT,0,227625
21,879.11504522305,3842.8528547726546,5911.0,1,1,AutoPrice,DEBin,5,TT,0,227626
22,894.7564149980317,4409.072599705645,6082.0,1,1,AutoPrice,DEBin,5,TT,0,227627
23,872.4619741238301,4473.189732713569,5608.0,1,1,AutoPrice,DEBin,5,TT,0,227628
24,866.8609046787888,3396.7723943423825,5563.0,1,1,AutoPrice,DEBin,5,TT,0,227629
25,917.618297789967,2935.358594072311,5594.0,1,1,AutoPrice,DEBin,5,TT,0,227630
26,890.6855169705842,3782.165458525106,5906.0,1,1,AutoPrice,DEBin,5,TT,0,187016
27,899.7222221487513,3669.16397998063,5691.0,1,1,AutoPrice,DEBin,5,TT,0,187017
28,881.1451043720831,3956.8631165038382,5640.0,1,1,AutoPrice,DEBin,5,TT,0,227633
29,900.8779116761993,3256.32504583012,5641.0,1,1,AutoPrice,DEBin,5,TT,0,227634
30,901.4921078486474,3796.974662134766,5778.0,1,1,AutoPrice,DEBin,5,TT,0,227635
31,910.7844939729155,3325.997533928039,5283.0,1,1,AutoPrice,DEBin,5,TT,0,227636
32,892.964273949298,4808.806144029466,7669.0,1,1,AutoPrice,DEBin,5,TT,0,227637
33,879.239997185454,4315.819075139948,6115.0,1,1,AutoPrice,DEBin,5,TT,0,227638
34,872.5498013114608,3737.6124764842666,6168.0,1,1,AutoPrice,DEBin,5,TT,0,227639