
0,0.7244891240218112,0.8344727198686518,23408.0,1,1,Sensory,DEBin,7,TT,0,230615
1,0.7239826750556602,0.8728911538958387,19730.0,1,1,Sensory,DEBin,7,TT,0,230616
2,0.720451225149477,0.8427688156692867,19588.0,1,1,Sensory,DEBin,7,TT,0,230617
3,0.7136840355861744,0.794467717160469,15839.0,1,1,Sensory,DEBin,7,TT,0,230618
4,0.7218710452999314,0.8690406639354268,16610.0,1,1,Sensory,DEBin,7,TT,0,230619
5,0.7185632997553283,0.8368932651051472,22933.0,1,1,Sensory,DEBin,7,TT,0,230620
6,0.7186684923222152,0.812792477864135,21697.0,1,1,Sensory,DEBin,7,TT,0,230621
7,0.7149930725082243,0.8232818283774731,15954.0,1,1,Sensory,DEBin,7,TT,0,230622
8,0.7205103976007501,0.8134537943250927,17121.0,1,1,Sensory,DEBin,7,TT,0,230623
9,0.7213836900400948,0.8152582435640973,21472.0,1,1,Sensory,DEBin,7,TT,0,230624
10,0.7217639188687799,0.834132969174805,17268.0,1,1,Sensory,DEBin,7,TT,0,230625
11,0.7205511496502381,0.8320615793854719,21845.0,1,1,Sensory,DEBin,7,TT,0,189461
12,0.7141772849896773,0.8128543477501864,18353.0,1,1,Sensory,DEBin,7,TT,0,230627
13,0.7250983823692855,0.7991176292267755,22562.0,1,1,Sensory,DEBin,7,TT,0,230628
14,0.7203403919366044,0.8408168928085173,16859.0,1,1,Sensory,DEBin,7,TT,0,230629
15,0.7092110678193618,0.8346267396253833,17705.0,1,1,Sensory,DEBin,7,TT,0,230630
16,0.7150248117293811,0.7958739139780898,17109.0,1,1,Sensory,DEBin,7,TT,0,230631
17,0.7176125228459747,0.8016472122320252,27627.0,1,1,Sensory,DEBin,7,TT,0,189467
18,0.7196901964788476,0.8536121443168825,16922.0,1,1,Sensory,DEBin,7,TT,0,230633
19,0.7197174907748581,0.8368729304376036,17132.0,1,1,Sensory,DEBin,7,TT,0,230634
20,0.7117840931439251,0.7594756156735667,17256.0,1,1,Sensory,DEBin,7,TT,0,230635
21,0.7214458275967824,0.7873477623304912,18831.0,1,1,Sensory,DEBin,7,TT,0,189471
22,0.7258871098511259,0.8438680594160538,18504.0,1,1,Sensory,DEBin,7,TT,0,230637
23,0.7168075535069616,0.8160270945757722,17062.0,1,1,Sensory,DEBin,7,TT,0,230638
24,0.7161945271039549,0.7948040817810584,17716.0,1,1,Sensory,DEBin,7,TT,0,230639
25,0.7183745902339952,0.8849093023554921,23361.0,1,1,Sensory,DEBin,7,TT,0,230640
26,0.7169145677556992,0.7939253309360839,16844.0,1,1,Sensory,DEBin,7,TT,0,230641
27,0.7153337420233497,0.8503817665943941,24057.0,1,1,Sensory,DEBin,7,TT,0,189477
28,0.7159005888587695,0.8132113255498447,18433.0,1,1,Sensory,DEBin,7,TT,0,230643
29,0.7088224600896186,0.8174979217628785,23075.0,1,1,Sensory,DEBin,7,TT,0,230644
30,0.7152315847471089,0.8305247203575121,18507.0,1,1,Sensory,DEBin,7,TT,0,230645
31,0.7156544198667181,0.8346496579250997,16875.0,1,1,Sensory,DEBin,7,TT,0,230646
32,0.7223495280141226,0.804880429489181,17234.0,1,1,Sensory,DEBin,7,TT,0,230647
34,0.7117427505741052,0.7839206747273155,17149.0,1,1,Sensory,DEBin,7,TT,0,230649
33,0.7033783048800042,0.8085714213223069,20859.0,1,1,Sensory,DEBin,7,TT,0,190395