
0,0.08095238095238096,0.81,12739.0,1,1,Vertebral2C,GHS,0,TT,1,303120
1,0.08571428571428572,0.83,9249.0,1,1,Vertebral2C,GHS,0,TT,1,303121
2,0.08095238095238096,0.84,8696.0,1,1,Vertebral2C,GHS,0,TT,1,303122
3,0.08571428571428572,0.81,9330.0,1,1,Vertebral2C,GHS,0,TT,1,303123
4,0.08571428571428572,0.84,9292.0,1,1,Vertebral2C,GHS,0,TT,1,303124
5,0.08571428571428572,0.8,8696.0,1,1,Vertebral2C,GHS,0,TT,1,303125
6,0.08571428571428572,0.83,9311.0,1,1,Vertebral2C,GHS,0,TT,1,303126
7,0.08095238095238096,0.81,9351.0,1,1,Vertebral2C,GHS,0,TT,1,303127
8,0.08095238095238096,0.81,8531.0,1,1,Vertebral2C,GHS,0,TT,1,303128
9,0.08095238095238096,0.8,8571.0,1,1,Vertebral2C,GHS,0,TT,1,303129
10,0.08095238095238096,0.83,9361.0,1,1,Vertebral2C,GHS,0,TT,1,303130
11,0.08571428571428572,0.8,12739.0,1,1,Vertebral2C,GHS,0,TT,1,303131
12,0.08571428571428572,0.8,9330.0,1,1,Vertebral2C,GHS,0,TT,1,303132
13,0.08571428571428572,0.83,8633.0,1,1,Vertebral2C,GHS,0,TT,1,303133
14,0.08095238095238096,0.79,9188.0,1,1,Vertebral2C,GHS,0,TT,1,303134
15,0.08571428571428572,0.8200000000000001,8203.0,1,1,Vertebral2C,GHS,0,TT,1,303135
16,0.08095238095238096,0.79,9343.0,1,1,Vertebral2C,GHS,0,TT,1,303136
17,0.08571428571428572,0.81,9292.0,1,1,Vertebral2C,GHS,0,TT,1,303137
18,0.08095238095238096,0.8,8647.0,1,1,Vertebral2C,GHS,0,TT,1,303138
19,0.08571428571428572,0.81,8234.0,1,1,Vertebral2C,GHS,0,TT,1,303139
20,0.08571428571428572,0.8,8807.0,1,1,Vertebral2C,GHS,0,TT,1,303140
21,0.08095238095238096,0.78,9323.0,1,1,Vertebral2C,GHS,0,TT,1,303141
22,0.08571428571428572,0.8200000000000001,9203.0,1,1,Vertebral2C,GHS,0,TT,1,303142
23,0.08095238095238096,0.81,8638.0,1,1,Vertebral2C,GHS,0,TT,1,303143
24,0.08571428571428572,0.8,9275.0,1,1,Vertebral2C,GHS,0,TT,1,303144
25,0.08095238095238096,0.83,8484.0,1,1,Vertebral2C,GHS,0,TT,1,303145
26,0.08571428571428572,0.8,8403.0,1,1,Vertebral2C,GHS,0,TT,1,303146
27,0.08095238095238096,0.8,9302.0,1,1,Vertebral2C,GHS,0,TT,1,303147
28,0.08571428571428572,0.79,8560.0,1,1,Vertebral2C,GHS,0,TT,1,303148
29,0.08571428571428572,0.8200000000000001,9261.0,1,1,Vertebral2C,GHS,0,TT,1,303149
30,0.08095238095238096,0.81,9484.0,1,1,Vertebral2C,GHS,0,TT,1,313704
31,0.08095238095238096,0.78,11781.0,1,1,Vertebral2C,GHS,0,TT,1,307264
32,0.08095238095238096,0.84,12406.0,1,1,Vertebral2C,GHS,0,TT,1,307304
33,0.08571428571428572,0.81,12109.0,1,1,Vertebral2C,GHS,0,TT,1,307344