
0,0.08571428571428572,0.8200000000000001,10328.0,1,1,Vertebral3C,GHS,10,TT,1,324905
1,0.08095238095238096,0.8200000000000001,9281.0,1,1,Vertebral3C,GHS,10,TT,1,324945
2,0.08095238095238096,0.8,9266.0,1,1,Vertebral3C,GHS,10,TT,1,324985
3,0.08571428571428572,0.78,9766.0,1,1,Vertebral3C,GHS,10,TT,1,325025
4,0.08095238095238096,0.78,9650.0,1,1,Vertebral3C,GHS,10,TT,1,325065
5,0.08571428571428572,0.81,9661.0,1,1,Vertebral3C,GHS,10,TT,1,325105
6,0.08095238095238096,0.83,9797.0,1,1,Vertebral3C,GHS,10,TT,1,325145
7,0.08571428571428572,0.8,9891.0,1,1,Vertebral3C,GHS,10,TT,1,325185
8,0.08571428571428572,0.85,9453.0,1,1,Vertebral3C,GHS,10,TT,1,325225
9,0.08095238095238096,0.81,9719.0,1,1,Vertebral3C,GHS,10,TT,1,325265
10,0.08571428571428572,0.81,9172.0,1,1,Vertebral3C,GHS,10,TT,1,325305
11,0.08095238095238096,0.81,9547.0,1,1,Vertebral3C,GHS,10,TT,1,325345
12,0.08095238095238096,0.8,9281.0,1,1,Vertebral3C,GHS,10,TT,1,325385
13,0.08095238095238096,0.83,9343.0,1,1,Vertebral3C,GHS,10,TT,1,325425
14,0.08571428571428572,0.8,8875.0,1,1,Vertebral3C,GHS,10,TT,1,325465
15,0.08095238095238096,0.77,9406.0,1,1,Vertebral3C,GHS,10,TT,1,325505
16,0.08095238095238096,0.8,10203.0,1,1,Vertebral3C,GHS,10,TT,1,325545
17,0.08571428571428572,0.79,10128.0,1,1,Vertebral3C,GHS,10,TT,1,325585
18,0.08095238095238096,0.81,10219.0,1,1,Vertebral3C,GHS,10,TT,1,325625
19,0.08095238095238096,0.8,9937.0,1,1,Vertebral3C,GHS,10,TT,1,325665
20,0.08095238095238096,0.79,10297.0,1,1,Vertebral3C,GHS,10,TT,1,325705
21,0.08095238095238096,0.8200000000000001,9813.0,1,1,Vertebral3C,GHS,10,TT,1,325745
22,0.08571428571428572,0.8,9594.0,1,1,Vertebral3C,GHS,10,TT,1,325785
23,0.08095238095238096,0.8,8656.0,1,1,Vertebral3C,GHS,10,TT,1,325825
24,0.08095238095238096,0.8,9328.0,1,1,Vertebral3C,GHS,10,TT,1,325865
25,0.08095238095238096,0.81,12313.0,1,1,Vertebral3C,GHS,10,TT,1,325905
26,0.08095238095238096,0.83,9657.0,1,1,Vertebral3C,GHS,10,TT,1,325945
27,0.08095238095238096,0.8,8922.0,1,1,Vertebral3C,GHS,10,TT,1,325985
28,0.08095238095238096,0.8,9406.0,1,1,Vertebral3C,GHS,10,TT,1,326025
29,0.08095238095238096,0.8200000000000001,9406.0,1,1,Vertebral3C,GHS,10,TT,1,326065
30,0.08571428571428572,0.81,9297.0,1,1,Vertebral3C,GHS,10,TT,1,326105
31,0.08095238095238096,0.8,12078.0,1,1,Vertebral3C,GHS,10,TT,1,320865
32,0.08095238095238096,0.78,10968.0,1,1,Vertebral3C,GHS,10,TT,1,320905
33,0.08571428571428572,0.81,16102.0,1,1,Vertebral3C,GHS,10,TT,1,320945