
0,1.7054327873077486,3.7825497500188106,12078.0,1,1,AutoMpg,GHS,10,TT,1,324912
1,1.7188845310327943,3.3643616611897897,13203.0,1,1,AutoMpg,GHS,10,TT,1,324952
2,1.7405750656385581,3.690339568554132,12375.0,1,1,AutoMpg,GHS,10,TT,1,324992
3,1.7284361858974027,3.6451721305844553,13000.0,1,1,AutoMpg,GHS,10,TT,1,325032
4,1.731577141506746,3.4520580895206887,12233.0,1,1,AutoMpg,GHS,10,TT,1,325072
5,1.7209301192119288,3.6004716724095847,12297.0,1,1,AutoMpg,GHS,10,TT,1,325112
6,1.7318052239766086,3.4801547923721436,11750.0,1,1,AutoMpg,GHS,10,TT,1,325152
7,1.7086632111523414,3.408214060754389,12311.0,1,1,AutoMpg,GHS,10,TT,1,325192
8,1.7471398586400364,3.7380222616052565,12672.0,1,1,AutoMpg,GHS,10,TT,1,325232
9,1.7181214705571672,3.3570122173929726,12109.0,1,1,AutoMpg,GHS,10,TT,1,325272
10,1.7126753990353738,3.4980535880248316,13282.0,1,1,AutoMpg,GHS,10,TT,1,325312
11,1.724365777778896,3.6276700223533895,12656.0,1,1,AutoMpg,GHS,10,TT,1,325352
12,1.72917418552346,3.345618546354275,11891.0,1,1,AutoMpg,GHS,10,TT,1,325392
13,1.71664513157526,3.7707464117876452,12719.0,1,1,AutoMpg,GHS,10,TT,1,325432
14,1.7319848995220266,3.504632453377816,12125.0,1,1,AutoMpg,GHS,10,TT,1,325472
15,1.729216651184403,3.6283235895884114,13359.0,1,1,AutoMpg,GHS,10,TT,1,325512
16,1.7176057323211558,3.5667864367014053,12640.0,1,1,AutoMpg,GHS,10,TT,1,325552
17,1.7371073533065373,3.4823230527616102,12282.0,1,1,AutoMpg,GHS,10,TT,1,325592
18,1.7202040658577535,3.575222112193673,12781.0,1,1,AutoMpg,GHS,10,TT,1,325632
19,1.7466832450639913,3.582973943026592,11313.0,1,1,AutoMpg,GHS,10,TT,1,325672
20,1.7321688340237404,3.635289148890251,12953.0,1,1,AutoMpg,GHS,10,TT,1,325712
21,1.744158782760827,3.65068492772671,11015.0,1,1,AutoMpg,GHS,10,TT,1,325752
22,1.7453994022034052,3.4559628544695973,11110.0,1,1,AutoMpg,GHS,10,TT,1,325792
23,1.7286292181818854,3.791407453137497,12047.0,1,1,AutoMpg,GHS,10,TT,1,325832
24,1.7569855392707796,3.6616372845644896,12187.0,1,1,AutoMpg,GHS,10,TT,1,325872
25,1.7121614390256248,3.239180404119568,12539.0,1,1,AutoMpg,GHS,10,TT,1,325912
26,1.7256449718475118,3.4940682512475885,12250.0,1,1,AutoMpg,GHS,10,TT,1,325952
27,1.7203343315483692,3.437197873333749,12485.0,1,1,AutoMpg,GHS,10,TT,1,325992
28,1.7026225478723835,3.500917708015085,15593.0,1,1,AutoMpg,GHS,10,TT,1,326032
29,1.695923073852348,3.3320756543106893,12688.0,1,1,AutoMpg,GHS,10,TT,1,326072
30,1.7284346526990644,3.5137031745926497,12172.0,1,1,AutoMpg,GHS,10,TT,1,326112
31,1.7064566904040528,3.4971617940906623,12937.0,1,1,AutoMpg,GHS,10,TT,1,320872
32,1.7558011191451208,3.509361154923216,14453.0,1,1,AutoMpg,GHS,10,TT,1,320912
33,1.7400731644455414,3.310218726928609,15656.0,1,1,AutoMpg,GHS,10,TT,1,320952