
0,0.644593163012178,2.329383279079643,8735.0,1,1,BodyFat,GHS,10,TT,1,324919
1,0.6648394697527988,1.2719690888836832,8672.0,1,1,BodyFat,GHS,10,TT,1,324959
2,0.6366717014199654,1.0177754237242496,8532.0,1,1,BodyFat,GHS,10,TT,1,324999
3,0.6578466561505443,1.4818717404952555,8937.0,1,1,BodyFat,GHS,10,TT,1,325039
4,0.6623628063714665,1.4270094658706414,9078.0,1,1,BodyFat,GHS,10,TT,1,325079
5,0.6545690655598333,1.218535325660148,8469.0,1,1,BodyFat,GHS,10,TT,1,325119
6,0.6681534912763079,1.1046518752208747,8645.0,1,1,BodyFat,GHS,10,TT,1,325159
7,0.6695579710919052,0.9148003913120334,9344.0,1,1,BodyFat,GHS,10,TT,1,325199
8,0.6254665853053314,2.9691950644182894,9266.0,1,1,BodyFat,GHS,10,TT,1,325239
9,0.6581461835083922,1.0460642832731035,9101.0,1,1,BodyFat,GHS,10,TT,1,325279
10,0.6436607712280475,1.1440299508894702,8235.0,1,1,BodyFat,GHS,10,TT,1,325319
11,0.6568268712060578,1.2574714192942282,8578.0,1,1,BodyFat,GHS,10,TT,1,325359
12,0.6437191186036397,0.9430690298315205,8984.0,1,1,BodyFat,GHS,10,TT,1,325399
13,0.6358203278600738,0.9295773870908802,9132.0,1,1,BodyFat,GHS,10,TT,1,325439
14,0.6424027189074359,1.4326874174114184,8656.0,1,1,BodyFat,GHS,10,TT,1,325479
15,0.6605908114004733,1.0473659800234398,9031.0,1,1,BodyFat,GHS,10,TT,1,325519
16,0.6634987936089912,1.2347348520213672,9438.0,1,1,BodyFat,GHS,10,TT,1,325559
17,0.6166300933409509,1.0878982454434167,8890.0,1,1,BodyFat,GHS,10,TT,1,325599
18,0.6615074962948593,1.133445699577032,8610.0,1,1,BodyFat,GHS,10,TT,1,325639
19,0.6634343309091506,1.238751321438455,8797.0,1,1,BodyFat,GHS,10,TT,1,325679
20,0.6506146938505453,1.4567865665415103,9406.0,1,1,BodyFat,GHS,10,TT,1,325719
21,0.6611838730058796,1.211082349183285,7781.0,1,1,BodyFat,GHS,10,TT,1,325759
22,0.6711058981395728,1.7618546545008933,9453.0,1,1,BodyFat,GHS,10,TT,1,325799
23,0.6632094592541141,1.243802122495441,8812.0,1,1,BodyFat,GHS,10,TT,1,325839
24,0.6804147542989144,1.13264734480771,8578.0,1,1,BodyFat,GHS,10,TT,1,325879
25,0.6614272478354267,0.9736876026293888,7828.0,1,1,BodyFat,GHS,10,TT,1,325919
26,0.6675854036601256,0.9828499694993915,8047.0,1,1,BodyFat,GHS,10,TT,1,325959
27,0.6403073355902559,0.9799129535496057,8703.0,1,1,BodyFat,GHS,10,TT,1,325999
28,0.6461356154048425,1.0904113805640234,7985.0,1,1,BodyFat,GHS,10,TT,1,326039
29,0.6690511564541886,1.1286459265408866,7922.0,1,1,BodyFat,GHS,10,TT,1,326079
30,0.6606416816438463,1.122949656197259,10828.0,1,1,BodyFat,GHS,10,TT,1,326119
31,0.6693676903323231,1.0206473310950148,11453.0,1,1,BodyFat,GHS,10,TT,1,320879
32,0.6577228706922724,1.5408465725394616,10672.0,1,1,BodyFat,GHS,10,TT,1,320919
33,0.6569786962764533,1.5625482689523709,10563.0,1,1,BodyFat,GHS,10,TT,1,320959