
0,0.1753472222222222,0.7604166666666666,23360.0,1,1,Diabetes,GHS,10,TT,1,324889
1,0.1753472222222222,0.75,24609.0,1,1,Diabetes,GHS,10,TT,1,324929
2,0.17708333333333334,0.734375,25212.0,1,1,Diabetes,GHS,10,TT,1,324969
3,0.171875,0.75,24667.0,1,1,Diabetes,GHS,10,TT,1,325009
4,0.1753472222222222,0.75,26203.0,1,1,Diabetes,GHS,10,TT,1,325049
5,0.17708333333333334,0.7291666666666667,26203.0,1,1,Diabetes,GHS,10,TT,1,325089
6,0.17708333333333334,0.765625,24609.0,1,1,Diabetes,GHS,10,TT,1,325129
7,0.17708333333333334,0.7291666666666667,24844.0,1,1,Diabetes,GHS,10,TT,1,325169
8,0.1753472222222222,0.7604166666666666,25469.0,1,1,Diabetes,GHS,10,TT,1,325209
9,0.1736111111111111,0.7291666666666667,26406.0,1,1,Diabetes,GHS,10,TT,1,325249
10,0.17708333333333334,0.7708333333333334,26163.0,1,1,Diabetes,GHS,10,TT,1,325289
11,0.1753472222222222,0.765625,25203.0,1,1,Diabetes,GHS,10,TT,1,325329
12,0.1701388888888889,0.7604166666666666,26610.0,1,1,Diabetes,GHS,10,TT,1,325369
13,0.17708333333333334,0.7604166666666666,26066.0,1,1,Diabetes,GHS,10,TT,1,325409
14,0.1753472222222222,0.7760416666666666,25781.0,1,1,Diabetes,GHS,10,TT,1,325449
15,0.1736111111111111,0.7552083333333334,25390.0,1,1,Diabetes,GHS,10,TT,1,325489
16,0.1753472222222222,0.7552083333333334,26922.0,1,1,Diabetes,GHS,10,TT,1,325529
17,0.1753472222222222,0.7604166666666666,25438.0,1,1,Diabetes,GHS,10,TT,1,325569
18,0.1753472222222222,0.75,25359.0,1,1,Diabetes,GHS,10,TT,1,325609
19,0.1753472222222222,0.7447916666666667,25062.0,1,1,Diabetes,GHS,10,TT,1,325649
20,0.1736111111111111,0.7552083333333334,24890.0,1,1,Diabetes,GHS,10,TT,1,325689
21,0.17708333333333334,0.7447916666666667,22937.0,1,1,Diabetes,GHS,10,TT,1,325729
22,0.1736111111111111,0.7552083333333334,24766.0,1,1,Diabetes,GHS,10,TT,1,325769
23,0.171875,0.7552083333333334,24782.0,1,1,Diabetes,GHS,10,TT,1,325809
24,0.17708333333333334,0.7395833333333333,25527.0,1,1,Diabetes,GHS,10,TT,1,325849
25,0.1753472222222222,0.7447916666666667,26812.0,1,1,Diabetes,GHS,10,TT,1,325889
26,0.1736111111111111,0.78125,25401.0,1,1,Diabetes,GHS,10,TT,1,325929
27,0.171875,0.7447916666666667,22797.0,1,1,Diabetes,GHS,10,TT,1,325969
28,0.17708333333333334,0.75,24688.0,1,1,Diabetes,GHS,10,TT,1,326009
29,0.1736111111111111,0.7708333333333334,26207.0,1,1,Diabetes,GHS,10,TT,1,326049
30,0.17708333333333334,0.7604166666666666,31344.0,1,1,Diabetes,GHS,10,TT,1,326089
31,0.1753472222222222,0.7447916666666667,29906.0,1,1,Diabetes,GHS,10,TT,1,320849
32,0.1753472222222222,0.765625,42061.0,1,1,Diabetes,GHS,10,TT,1,320889
33,0.1753472222222222,0.7760416666666666,31750.0,1,1,Diabetes,GHS,10,TT,1,320929