
0,0.014285714285714285,0.7,4047.0,1,1,Fertility,GHS,11,TT,1,326131
1,0.014285714285714285,0.8333333333333334,3969.0,1,1,Fertility,GHS,11,TT,1,326171
2,0.014285714285714285,0.8,4031.0,1,1,Fertility,GHS,11,TT,1,326211
3,0.014285714285714285,0.7666666666666666,4922.0,1,1,Fertility,GHS,11,TT,1,326251
4,0.014285714285714285,0.8333333333333334,4219.0,1,1,Fertility,GHS,11,TT,1,326291
5,0.014285714285714285,0.7666666666666666,3609.0,1,1,Fertility,GHS,11,TT,1,326331
6,0.014285714285714285,0.7,3594.0,1,1,Fertility,GHS,11,TT,1,326371
7,0.014285714285714285,0.8,3953.0,1,1,Fertility,GHS,11,TT,1,326411
8,0.014285714285714285,0.9,3656.0,1,1,Fertility,GHS,11,TT,1,326451
9,0.014285714285714285,0.7333333333333334,3968.0,1,1,Fertility,GHS,11,TT,1,326491
10,0.014285714285714285,0.9,4062.0,1,1,Fertility,GHS,11,TT,1,326531
11,0.014285714285714285,0.8,4172.0,1,1,Fertility,GHS,11,TT,1,326571
12,0.014285714285714285,0.9,3813.0,1,1,Fertility,GHS,11,TT,1,326611
13,0.014285714285714285,0.8333333333333334,3641.0,1,1,Fertility,GHS,11,TT,1,326651
14,0.014285714285714285,0.9,3671.0,1,1,Fertility,GHS,11,TT,1,326691
15,0.014285714285714285,0.8,3671.0,1,1,Fertility,GHS,11,TT,1,326731
16,0.014285714285714285,0.8666666666666667,3844.0,1,1,Fertility,GHS,11,TT,1,326771
17,0.014285714285714285,0.8,3938.0,1,1,Fertility,GHS,11,TT,1,326811
18,0.014285714285714285,0.9,3765.0,1,1,Fertility,GHS,11,TT,1,326851
19,0.014285714285714285,0.8333333333333334,3750.0,1,1,Fertility,GHS,11,TT,1,326891
20,0.014285714285714285,0.8,3891.0,1,1,Fertility,GHS,11,TT,1,326931
21,0.014285714285714285,0.8333333333333334,4687.0,1,1,Fertility,GHS,11,TT,1,326971
22,0.014285714285714285,0.7666666666666666,3766.0,1,1,Fertility,GHS,11,TT,1,327011
23,0.014285714285714285,0.8,4078.0,1,1,Fertility,GHS,11,TT,1,327051
24,0.014285714285714285,0.8666666666666667,4188.0,1,1,Fertility,GHS,11,TT,1,327091
25,0.014285714285714285,0.8333333333333334,3875.0,1,1,Fertility,GHS,11,TT,1,327131
26,0.014285714285714285,0.8333333333333334,3610.0,1,1,Fertility,GHS,11,TT,1,327171
27,0.014285714285714285,0.8,4296.0,1,1,Fertility,GHS,11,TT,1,327211
28,0.014285714285714285,0.8666666666666667,4016.0,1,1,Fertility,GHS,11,TT,1,327251
29,0.014285714285714285,0.7333333333333334,4250.0,1,1,Fertility,GHS,11,TT,1,327291
30,0.014285714285714285,0.8,4453.0,1,1,Fertility,GHS,11,TT,1,327331
31,0.014285714285714285,0.7333333333333334,5187.0,1,1,Fertility,GHS,11,TT,1,322211
32,0.014285714285714285,0.8666666666666667,4984.0,1,1,Fertility,GHS,11,TT,1,322251
33,0.014285714285714285,0.8,5079.0,1,1,Fertility,GHS,11,TT,1,322291