
0,1.726208300216621,3.5834548212763595,15547.0,1,1,AutoMpg,GHS,11,TT,1,326152
1,1.7167109950003687,3.5824254966980136,11390.0,1,1,AutoMpg,GHS,11,TT,1,326192
2,1.725267893097051,3.420651009256125,11938.0,1,1,AutoMpg,GHS,11,TT,1,326232
3,1.7457435394289593,3.3608976049081845,11860.0,1,1,AutoMpg,GHS,11,TT,1,326272
4,1.7241975206763396,3.5532265855063616,11375.0,1,1,AutoMpg,GHS,11,TT,1,326312
5,1.7392643860993404,3.460596042808786,15610.0,1,1,AutoMpg,GHS,11,TT,1,326352
6,1.680300463207592,3.558322318603072,12723.0,1,1,AutoMpg,GHS,11,TT,1,326392
7,1.7077370163095897,3.479468114422731,12203.0,1,1,AutoMpg,GHS,11,TT,1,326432
8,1.7103123775692042,3.5859870856128038,12719.0,1,1,AutoMpg,GHS,11,TT,1,326472
9,1.6993491336811675,3.321734372639573,12359.0,1,1,AutoMpg,GHS,11,TT,1,326512
10,1.7450053834890795,3.523039284037079,11281.0,1,1,AutoMpg,GHS,11,TT,1,326552
11,1.7157768686023613,3.510948515082737,11500.0,1,1,AutoMpg,GHS,11,TT,1,326592
12,1.7419494998189757,3.299156516563608,12578.0,1,1,AutoMpg,GHS,11,TT,1,326632
13,1.73616906038688,3.766009760937686,14587.0,1,1,AutoMpg,GHS,11,TT,1,326672
14,1.718929339846646,3.674803350921754,13328.0,1,1,AutoMpg,GHS,11,TT,1,326712
15,1.7137570089776546,3.7581038353977627,11906.0,1,1,AutoMpg,GHS,11,TT,1,326752
16,1.7382984196314806,3.5633233772905033,12078.0,1,1,AutoMpg,GHS,11,TT,1,326792
17,1.7380769049300038,3.4835737744600017,13250.0,1,1,AutoMpg,GHS,11,TT,1,326832
18,1.6767021887584648,3.4293101185455903,11360.0,1,1,AutoMpg,GHS,11,TT,1,326872
19,1.7283016946667833,3.427032783361736,11297.0,1,1,AutoMpg,GHS,11,TT,1,326912
20,1.7188019676634465,3.3328031478358286,11937.0,1,1,AutoMpg,GHS,11,TT,1,326952
21,1.7148309127074821,3.553064528931958,12000.0,1,1,AutoMpg,GHS,11,TT,1,326992
22,1.7467264821053448,3.5353654497894444,12328.0,1,1,AutoMpg,GHS,11,TT,1,327032
23,1.7191690732522371,3.6409562047663506,11172.0,1,1,AutoMpg,GHS,11,TT,1,327072
24,1.7079986392052442,3.9212218896849698,12047.0,1,1,AutoMpg,GHS,11,TT,1,327112
25,1.7269825046070233,3.515284768976892,12875.0,1,1,AutoMpg,GHS,11,TT,1,327152
26,1.7119945849212592,3.4352125281658252,14797.0,1,1,AutoMpg,GHS,11,TT,1,327192
27,1.6946829607276133,3.5327606579340785,11171.0,1,1,AutoMpg,GHS,11,TT,1,327232
28,1.73296929385967,3.8433804702658154,12922.0,1,1,AutoMpg,GHS,11,TT,1,327272
29,1.7319740926080491,3.6701797212571012,12078.0,1,1,AutoMpg,GHS,11,TT,1,327312
30,1.7297634810496567,3.8304316543198182,13000.0,1,1,AutoMpg,GHS,11,TT,1,327352
31,1.7349846038042194,3.636096423663292,13406.0,1,1,AutoMpg,GHS,11,TT,1,322232
32,1.7130165217881625,3.4994093102256096,15609.0,1,1,AutoMpg,GHS,11,TT,1,322272
33,1.7433033487872653,3.5990479540174567,14984.0,1,1,AutoMpg,GHS,11,TT,1,322312