
0,0.08095238095238096,0.79,9547.0,1,1,Vertebral3C,GHS,11,TT,1,326145
1,0.08571428571428572,0.8,9469.0,1,1,Vertebral3C,GHS,11,TT,1,326185
2,0.0761904761904762,0.8200000000000001,9500.0,1,1,Vertebral3C,GHS,11,TT,1,326225
3,0.08095238095238096,0.81,9609.0,1,1,Vertebral3C,GHS,11,TT,1,326265
4,0.08095238095238096,0.83,9828.0,1,1,Vertebral3C,GHS,11,TT,1,326305
5,0.08095238095238096,0.81,9328.0,1,1,Vertebral3C,GHS,11,TT,1,326345
6,0.08571428571428572,0.77,8782.0,1,1,Vertebral3C,GHS,11,TT,1,326385
7,0.08095238095238096,0.81,10391.0,1,1,Vertebral3C,GHS,11,TT,1,326425
8,0.08095238095238096,0.78,9953.0,1,1,Vertebral3C,GHS,11,TT,1,326465
9,0.08095238095238096,0.79,9578.0,1,1,Vertebral3C,GHS,11,TT,1,326505
10,0.08095238095238096,0.8,9656.0,1,1,Vertebral3C,GHS,11,TT,1,326545
11,0.08571428571428572,0.8200000000000001,9547.0,1,1,Vertebral3C,GHS,11,TT,1,326585
12,0.08095238095238096,0.8,8875.0,1,1,Vertebral3C,GHS,11,TT,1,326625
13,0.08571428571428572,0.81,9235.0,1,1,Vertebral3C,GHS,11,TT,1,326665
14,0.08095238095238096,0.77,8906.0,1,1,Vertebral3C,GHS,11,TT,1,326705
15,0.08571428571428572,0.84,9390.0,1,1,Vertebral3C,GHS,11,TT,1,326745
16,0.08571428571428572,0.85,9531.0,1,1,Vertebral3C,GHS,11,TT,1,326785
17,0.08095238095238096,0.81,9047.0,1,1,Vertebral3C,GHS,11,TT,1,326825
18,0.08095238095238096,0.81,9656.0,1,1,Vertebral3C,GHS,11,TT,1,326865
19,0.08095238095238096,0.86,10172.0,1,1,Vertebral3C,GHS,11,TT,1,326905
20,0.08095238095238096,0.8200000000000001,9516.0,1,1,Vertebral3C,GHS,11,TT,1,326945
21,0.08571428571428572,0.79,8859.0,1,1,Vertebral3C,GHS,11,TT,1,326985
22,0.08095238095238096,0.81,11781.0,1,1,Vertebral3C,GHS,11,TT,1,327025
23,0.08095238095238096,0.8200000000000001,8891.0,1,1,Vertebral3C,GHS,11,TT,1,327065
24,0.08095238095238096,0.84,11875.0,1,1,Vertebral3C,GHS,11,TT,1,327105
25,0.08571428571428572,0.79,9390.0,1,1,Vertebral3C,GHS,11,TT,1,327145
26,0.08095238095238096,0.8200000000000001,9515.0,1,1,Vertebral3C,GHS,11,TT,1,327185
27,0.08095238095238096,0.81,10390.0,1,1,Vertebral3C,GHS,11,TT,1,327225
28,0.08095238095238096,0.8200000000000001,9422.0,1,1,Vertebral3C,GHS,11,TT,1,327265
29,0.0761904761904762,0.8200000000000001,9710.0,1,1,Vertebral3C,GHS,11,TT,1,327305
30,0.08095238095238096,0.83,9468.0,1,1,Vertebral3C,GHS,11,TT,1,327345
31,0.08095238095238096,0.8200000000000001,12438.0,1,1,Vertebral3C,GHS,11,TT,1,322225
32,0.08095238095238096,0.84,12203.0,1,1,Vertebral3C,GHS,11,TT,1,322265
33,0.08095238095238096,0.8200000000000001,11781.0,1,1,Vertebral3C,GHS,11,TT,1,322305