
0,0.010554089709762533,0.968421052631579,18547.0,1,1,Wdbc,GHS,11,TT,1,326148
1,0.010554089709762533,0.9578947368421052,23594.0,1,1,Wdbc,GHS,11,TT,1,326188
2,0.010554089709762533,0.968421052631579,23453.0,1,1,Wdbc,GHS,11,TT,1,326228
3,0.010554089709762533,0.9736842105263158,18250.0,1,1,Wdbc,GHS,11,TT,1,326268
4,0.010554089709762533,0.9736842105263158,19997.0,1,1,Wdbc,GHS,11,TT,1,326308
5,0.010554089709762533,0.9473684210526316,16907.0,1,1,Wdbc,GHS,11,TT,1,326348
6,0.010554089709762533,0.968421052631579,23547.0,1,1,Wdbc,GHS,11,TT,1,326388
7,0.010554089709762533,0.9631578947368421,19984.0,1,1,Wdbc,GHS,11,TT,1,326428
8,0.010554089709762533,0.9526315789473684,16875.0,1,1,Wdbc,GHS,11,TT,1,326468
9,0.010554089709762533,0.9631578947368421,17641.0,1,1,Wdbc,GHS,11,TT,1,326508
10,0.010554089709762533,0.9526315789473684,18844.0,1,1,Wdbc,GHS,11,TT,1,326548
11,0.010554089709762533,0.9578947368421052,18807.0,1,1,Wdbc,GHS,11,TT,1,326588
12,0.010554089709762533,0.9315789473684211,17140.0,1,1,Wdbc,GHS,11,TT,1,326628
13,0.010554089709762533,0.9631578947368421,17391.0,1,1,Wdbc,GHS,11,TT,1,326668
14,0.010554089709762533,0.9736842105263158,18125.0,1,1,Wdbc,GHS,11,TT,1,326708
15,0.010554089709762533,0.9578947368421052,18062.0,1,1,Wdbc,GHS,11,TT,1,326748
16,0.013192612137203167,0.9578947368421052,18546.0,1,1,Wdbc,GHS,11,TT,1,326788
17,0.010554089709762533,0.9421052631578948,18438.0,1,1,Wdbc,GHS,11,TT,1,326828
18,0.010554089709762533,0.9578947368421052,17594.0,1,1,Wdbc,GHS,11,TT,1,326868
19,0.010554089709762533,0.968421052631579,18860.0,1,1,Wdbc,GHS,11,TT,1,326908
20,0.010554089709762533,0.9473684210526316,18844.0,1,1,Wdbc,GHS,11,TT,1,326948
21,0.010554089709762533,0.968421052631579,18156.0,1,1,Wdbc,GHS,11,TT,1,326988
22,0.010554089709762533,0.9631578947368421,18813.0,1,1,Wdbc,GHS,11,TT,1,327028
23,0.010554089709762533,0.9578947368421052,18657.0,1,1,Wdbc,GHS,11,TT,1,327068
24,0.010554089709762533,0.968421052631579,17843.0,1,1,Wdbc,GHS,11,TT,1,327108
25,0.010554089709762533,0.9789473684210527,19859.0,1,1,Wdbc,GHS,11,TT,1,327148
26,0.010554089709762533,0.9631578947368421,19672.0,1,1,Wdbc,GHS,11,TT,1,327188
27,0.010554089709762533,0.9789473684210527,17047.0,1,1,Wdbc,GHS,11,TT,1,327228
28,0.010554089709762533,0.9526315789473684,18297.0,1,1,Wdbc,GHS,11,TT,1,327268
29,0.010554089709762533,0.9526315789473684,20860.0,1,1,Wdbc,GHS,11,TT,1,327308
30,0.013192612137203167,0.9789473684210527,18422.0,1,1,Wdbc,GHS,11,TT,1,327348
31,0.010554089709762533,0.9789473684210527,23828.0,1,1,Wdbc,GHS,11,TT,1,322228
32,0.010554089709762533,0.9526315789473684,21297.0,1,1,Wdbc,GHS,11,TT,1,322268
33,0.010554089709762533,0.9789473684210527,24485.0,1,1,Wdbc,GHS,11,TT,1,322308