
0,0.05803571428571429,0.8660714285714286,10446.0,1,1,Ecoli,GHS,1,TT,1,303900
1,0.05803571428571429,0.875,13073.0,1,1,Ecoli,GHS,1,TT,1,303901
2,0.05803571428571429,0.8571428571428572,12973.0,1,1,Ecoli,GHS,1,TT,1,303902
3,0.05803571428571429,0.8303571428571428,12976.0,1,1,Ecoli,GHS,1,TT,1,303903
4,0.05803571428571429,0.8571428571428572,13078.0,1,1,Ecoli,GHS,1,TT,1,303904
5,0.05803571428571429,0.8392857142857143,10028.0,1,1,Ecoli,GHS,1,TT,1,303905
6,0.05803571428571429,0.8660714285714286,12951.0,1,1,Ecoli,GHS,1,TT,1,303906
7,0.05803571428571429,0.8660714285714286,12952.0,1,1,Ecoli,GHS,1,TT,1,303907
8,0.05803571428571429,0.8482142857142857,9765.0,1,1,Ecoli,GHS,1,TT,1,303908
9,0.05803571428571429,0.8303571428571428,12202.0,1,1,Ecoli,GHS,1,TT,1,303909
10,0.05803571428571429,0.8303571428571428,12787.0,1,1,Ecoli,GHS,1,TT,1,303910
11,0.05803571428571429,0.875,12977.0,1,1,Ecoli,GHS,1,TT,1,303911
12,0.05803571428571429,0.8482142857142857,10452.0,1,1,Ecoli,GHS,1,TT,1,303912
13,0.05803571428571429,0.875,10965.0,1,1,Ecoli,GHS,1,TT,1,303913
14,0.05803571428571429,0.8839285714285714,12977.0,1,1,Ecoli,GHS,1,TT,1,303914
15,0.05803571428571429,0.8482142857142857,10047.0,1,1,Ecoli,GHS,1,TT,1,303915
16,0.05803571428571429,0.8660714285714286,12923.0,1,1,Ecoli,GHS,1,TT,1,303916
17,0.05803571428571429,0.8660714285714286,12756.0,1,1,Ecoli,GHS,1,TT,1,303917
18,0.05357142857142857,0.8571428571428572,9740.0,1,1,Ecoli,GHS,1,TT,1,303918
19,0.05803571428571429,0.8392857142857143,9817.0,1,1,Ecoli,GHS,1,TT,1,303919
20,0.05803571428571429,0.8482142857142857,10276.0,1,1,Ecoli,GHS,1,TT,1,303920
21,0.05803571428571429,0.8660714285714286,12888.0,1,1,Ecoli,GHS,1,TT,1,303921
22,0.05803571428571429,0.8482142857142857,10016.0,1,1,Ecoli,GHS,1,TT,1,303922
23,0.05803571428571429,0.8660714285714286,12962.0,1,1,Ecoli,GHS,1,TT,1,303923
24,0.05803571428571429,0.8482142857142857,12314.0,1,1,Ecoli,GHS,1,TT,1,303924
25,0.05803571428571429,0.875,12873.0,1,1,Ecoli,GHS,1,TT,1,303925
26,0.05803571428571429,0.8571428571428572,12371.0,1,1,Ecoli,GHS,1,TT,1,303926
27,0.05803571428571429,0.8660714285714286,12956.0,1,1,Ecoli,GHS,1,TT,1,303927
28,0.05803571428571429,0.8660714285714286,10602.0,1,1,Ecoli,GHS,1,TT,1,303928
29,0.05803571428571429,0.8660714285714286,10445.0,1,1,Ecoli,GHS,1,TT,1,303929
30,0.05803571428571429,0.8660714285714286,11906.0,1,1,Ecoli,GHS,1,TT,1,314930
31,0.05803571428571429,0.8571428571428572,12688.0,1,1,Ecoli,GHS,1,TT,1,308610
32,0.05803571428571429,0.8571428571428572,16412.0,1,1,Ecoli,GHS,1,TT,1,308650
33,0.05803571428571429,0.8571428571428572,13985.0,1,1,Ecoli,GHS,1,TT,1,308690