
0,0.18024172222345372,1.219222077502314,6643.0,1,1,Servo,GHS,1,TT,1,304680
1,0.17000612933502246,1.0514972306906607,6715.0,1,1,Servo,GHS,1,TT,1,304681
2,0.18130352101965075,1.1058140762458257,6811.0,1,1,Servo,GHS,1,TT,1,304682
3,0.1765046247344608,1.085999465525791,5031.0,1,1,Servo,GHS,1,TT,1,304683
4,0.18188926371903671,1.0494069876353378,6769.0,1,1,Servo,GHS,1,TT,1,304684
5,0.17628546920484905,0.9715231498507961,6698.0,1,1,Servo,GHS,1,TT,1,304685
6,0.17654267871735446,1.228344406784417,6712.0,1,1,Servo,GHS,1,TT,1,304686
7,0.17492512556434278,1.2460884377705683,6728.0,1,1,Servo,GHS,1,TT,1,304687
8,0.1732045035256906,1.1115264197792023,5706.0,1,1,Servo,GHS,1,TT,1,304688
9,0.1813396265201915,1.1355848779984872,4984.0,1,1,Servo,GHS,1,TT,1,304689
10,0.1774119335655787,1.1816228619120535,6684.0,1,1,Servo,GHS,1,TT,1,304690
11,0.17787534660553378,1.0836367017810795,6832.0,1,1,Servo,GHS,1,TT,1,304691
12,0.1724830556873288,1.1764343235631027,6651.0,1,1,Servo,GHS,1,TT,1,304692
13,0.17258732353137965,1.122859908418526,4937.0,1,1,Servo,GHS,1,TT,1,304693
14,0.17943687685437534,1.1409132567122096,5047.0,1,1,Servo,GHS,1,TT,1,304694
15,0.17256984930567615,1.117858415709645,5669.0,1,1,Servo,GHS,1,TT,1,304695
16,0.17940537864267464,1.1607554351706968,5625.0,1,1,Servo,GHS,1,TT,1,304696
17,0.17764201472489097,1.1494332357323422,6689.0,1,1,Servo,GHS,1,TT,1,304697
18,0.17882307580830017,1.0312316017412149,6759.0,1,1,Servo,GHS,1,TT,1,304698
19,0.17855088514804546,1.052010853670472,6736.0,1,1,Servo,GHS,1,TT,1,304699
20,0.17685332215810434,1.1928354416201215,6686.0,1,1,Servo,GHS,1,TT,1,304700
21,0.1732534089572592,1.4542103473703456,6822.0,1,1,Servo,GHS,1,TT,1,304701
22,0.17327162716913752,1.0869274671993294,4953.0,1,1,Servo,GHS,1,TT,1,304702
23,0.17942609057540965,1.010677236180537,5172.0,1,1,Servo,GHS,1,TT,1,304703
24,0.17565132668018457,1.0744644358569668,6827.0,1,1,Servo,GHS,1,TT,1,304704
25,0.17127501495057593,1.099233532663076,5643.0,1,1,Servo,GHS,1,TT,1,304705
26,0.17414739553616793,1.1041686577592156,5063.0,1,1,Servo,GHS,1,TT,1,304706
27,0.1802141233882771,1.1711561489190037,6675.0,1,1,Servo,GHS,1,TT,1,304707
28,0.17847278220211674,1.1593406088365317,6968.0,1,1,Servo,GHS,1,TT,1,304708
29,0.1778614690104417,1.1099503329205014,6721.0,1,1,Servo,GHS,1,TT,1,304709
30,0.18046712369622628,1.2340515929458122,5730.0,1,1,Servo,GHS,1,TT,1,314956
31,0.17992548160019936,1.5446602857316218,7375.0,1,1,Servo,GHS,1,TT,1,308636
32,0.1810205778099893,1.1325936241120103,7109.0,1,1,Servo,GHS,1,TT,1,308676
33,0.1718988201969128,1.2700260931798777,7869.0,1,1,Servo,GHS,1,TT,1,308716