
0,0.21949509116409538,0.7557142857142858,84663.0,1,1,Cardiotocography,GHS,2,TT,1,304890
1,0.2187938288920056,0.75,84844.0,1,1,Cardiotocography,GHS,2,TT,1,304891
2,0.22159887798036465,0.7442857142857142,83834.0,1,1,Cardiotocography,GHS,2,TT,1,304892
3,0.21248246844319776,0.75,84253.0,1,1,Cardiotocography,GHS,2,TT,1,304893
4,0.21809256661991586,0.7685714285714286,84492.0,1,1,Cardiotocography,GHS,2,TT,1,304894
5,0.2187938288920056,0.7457142857142858,66854.0,1,1,Cardiotocography,GHS,2,TT,1,304895
6,0.22159887798036465,0.7528571428571429,60584.0,1,1,Cardiotocography,GHS,2,TT,1,304896
7,0.21949509116409538,0.7442857142857142,64250.0,1,1,Cardiotocography,GHS,2,TT,1,304897
8,0.2138849929873773,0.7642857142857142,62597.0,1,1,Cardiotocography,GHS,2,TT,1,304898
9,0.2208976157082749,0.7428571428571429,67890.0,1,1,Cardiotocography,GHS,2,TT,1,304899
10,0.21809256661991586,0.7542857142857142,68174.0,1,1,Cardiotocography,GHS,2,TT,1,304900
11,0.2187938288920056,0.7528571428571429,68936.0,1,1,Cardiotocography,GHS,2,TT,1,304901
12,0.21598877980364656,0.7614285714285715,83651.0,1,1,Cardiotocography,GHS,2,TT,1,304902
13,0.22019635343618513,0.74,85047.0,1,1,Cardiotocography,GHS,2,TT,1,304903
14,0.21739130434782608,0.7528571428571429,84743.0,1,1,Cardiotocography,GHS,2,TT,1,304904
15,0.22370266479663395,0.7485714285714286,114779.0,1,1,Cardiotocography,GHS,2,TT,1,304905
16,0.22019635343618513,0.7357142857142858,70172.0,1,1,Cardiotocography,GHS,2,TT,1,304906
17,0.22300140252454417,0.7414285714285714,72203.0,1,1,Cardiotocography,GHS,2,TT,1,304907
18,0.22159887798036465,0.75,62020.0,1,1,Cardiotocography,GHS,2,TT,1,304908
19,0.2208976157082749,0.7371428571428571,86490.0,1,1,Cardiotocography,GHS,2,TT,1,304909
20,0.22019635343618513,0.75,64156.0,1,1,Cardiotocography,GHS,2,TT,1,304910
21,0.22370266479663395,0.7342857142857142,62615.0,1,1,Cardiotocography,GHS,2,TT,1,304911
22,0.22300140252454417,0.7528571428571429,63562.0,1,1,Cardiotocography,GHS,2,TT,1,304912
23,0.21598877980364656,0.7414285714285714,68179.0,1,1,Cardiotocography,GHS,2,TT,1,304913
24,0.22159887798036465,0.7442857142857142,68318.0,1,1,Cardiotocography,GHS,2,TT,1,304914
25,0.2208976157082749,0.75,84839.0,1,1,Cardiotocography,GHS,2,TT,1,304915
26,0.21458625525946703,0.77,84166.0,1,1,Cardiotocography,GHS,2,TT,1,304916
27,0.22019635343618513,0.7385714285714285,85065.0,1,1,Cardiotocography,GHS,2,TT,1,304917
28,0.2244039270687237,0.76,84777.0,1,1,Cardiotocography,GHS,2,TT,1,304918
29,0.21949509116409538,0.7357142857142858,84728.0,1,1,Cardiotocography,GHS,2,TT,1,304919
30,0.22300140252454417,0.7414285714285714,90485.0,1,1,Cardiotocography,GHS,2,TT,1,316163
31,0.22019635343618513,0.7542857142857142,84835.0,1,1,Cardiotocography,GHS,2,TT,1,309963
32,0.21669004207573633,0.7314285714285714,82906.0,1,1,Cardiotocography,GHS,2,TT,1,310003
33,0.2138849929873773,0.7657142857142857,82703.0,1,1,Cardiotocography,GHS,2,TT,1,310043