
0,0.2992666666666667,0.6888000000000001,2159536.0,1,1,Letter,GHS,2,TT,1,305370
1,0.29233333333333333,0.7088,1624634.0,1,1,Letter,GHS,2,TT,1,305371
2,0.2964,0.6932,1623816.0,1,1,Letter,GHS,2,TT,1,305372
3,0.29893333333333333,0.6948,2367766.0,1,1,Letter,GHS,2,TT,1,305373
4,0.2942,0.7,2162100.0,1,1,Letter,GHS,2,TT,1,305374
5,0.29773333333333335,0.6948,4406791.0,1,1,Letter,GHS,2,TT,1,305375
6,0.298,0.6906,1256313.0,1,1,Letter,GHS,2,TT,1,305376
7,0.2988,0.698,2161619.0,1,1,Letter,GHS,2,TT,1,305377
8,0.2976666666666667,0.6910000000000001,1592094.0,1,1,Letter,GHS,2,TT,1,305378
9,0.2969333333333333,0.6924,2231824.0,1,1,Letter,GHS,2,TT,1,305379
10,0.29846666666666666,0.688,1863817.0,1,1,Letter,GHS,2,TT,1,305380
11,0.29933333333333334,0.6896,2359616.0,1,1,Letter,GHS,2,TT,1,305381
12,0.2982,0.6992,2045990.0,1,1,Letter,GHS,2,TT,1,305382
13,0.2946,0.6930000000000001,2053876.0,1,1,Letter,GHS,2,TT,1,305383
14,0.29833333333333334,0.6961999999999999,2042303.0,1,1,Letter,GHS,2,TT,1,305384
15,0.2996,0.6926,2155581.0,1,1,Letter,GHS,2,TT,1,305385
16,0.29786666666666667,0.6881999999999999,2056147.0,1,1,Letter,GHS,2,TT,1,305386
17,0.296,0.6926,3680239.0,1,1,Letter,GHS,2,TT,1,305387
18,0.29833333333333334,0.6950000000000001,2124305.0,1,1,Letter,GHS,2,TT,1,305388
19,0.2988,0.6846,1557975.0,1,1,Letter,GHS,2,TT,1,305389
20,0.301,0.6974,2833480.0,1,1,Letter,GHS,2,TT,1,305390
21,0.299,0.6914,4026392.0,1,1,Letter,GHS,2,TT,1,305391
22,0.2972666666666667,0.6961999999999999,2189210.0,1,1,Letter,GHS,2,TT,1,305392
23,0.2956666666666667,0.6936,2245540.0,1,1,Letter,GHS,2,TT,1,305393
24,0.2949333333333333,0.6968,1918934.0,1,1,Letter,GHS,2,TT,1,305394
25,0.29773333333333335,0.685,2215535.0,1,1,Letter,GHS,2,TT,1,305395
26,0.2995333333333333,0.6841999999999999,1852754.0,1,1,Letter,GHS,2,TT,1,305396
27,0.29513333333333336,0.7001999999999999,3460216.0,1,1,Letter,GHS,2,TT,1,305397
29,0.2972,0.6972,2455362.0,1,1,Letter,GHS,2,TT,1,305399
30,0.2991333333333333,0.6910000000000001,1550627.0,1,1,Letter,GHS,2,TT,1,316179
28,0.29586666666666667,0.6986,1637798.0,1,1,Letter,GHS,2,TT,1,316099
31,0.29573333333333335,0.6950000000000001,1681536.0,1,1,Letter,GHS,2,TT,1,309979
33,0.2962666666666667,0.6968,1786927.0,1,1,Letter,GHS,2,TT,1,310059
32,0.2996666666666667,0.6936,1912093.0,1,1,Letter,GHS,2,TT,1,310019