
0,74.6743371227331,202.40024649947762,4880.0,1,1,Veteran,GHS,2,TT,1,305910
1,72.82884716100344,319.621999111655,4885.0,1,1,Veteran,GHS,2,TT,1,305911
2,73.41289836407871,381.4613662198845,5873.0,1,1,Veteran,GHS,2,TT,1,305912
3,73.59693295386496,485.5575313890382,5927.0,1,1,Veteran,GHS,2,TT,1,305913
4,71.14089845427878,257.49504301430477,5978.0,1,1,Veteran,GHS,2,TT,1,305914
5,74.17075286767786,186.23332482859075,5884.0,1,1,Veteran,GHS,2,TT,1,305915
6,72.86394999007098,643.9890944066793,5902.0,1,1,Veteran,GHS,2,TT,1,305916
7,73.5382155030821,265.6972985157801,4415.0,1,1,Veteran,GHS,2,TT,1,305917
8,72.02438061912034,388.1591382285859,4594.0,1,1,Veteran,GHS,2,TT,1,305918
9,72.32385822899447,201.28011658610777,4738.0,1,1,Veteran,GHS,2,TT,1,305919
10,71.2672965683982,210.8521543515832,5935.0,1,1,Veteran,GHS,2,TT,1,305920
11,73.46133225514224,214.61102907968797,5888.0,1,1,Veteran,GHS,2,TT,1,305921
12,73.7409810835144,238.26796462151427,4510.0,1,1,Veteran,GHS,2,TT,1,305922
13,73.92271935447945,250.70778298294468,4863.0,1,1,Veteran,GHS,2,TT,1,305923
14,72.90570838495607,242.96807675863775,4479.0,1,1,Veteran,GHS,2,TT,1,305924
15,72.17042673734667,337.9781768150315,4922.0,1,1,Veteran,GHS,2,TT,1,305925
16,73.4664311567232,168.77620430719304,5581.0,1,1,Veteran,GHS,2,TT,1,305926
17,70.85607691061696,231.14952633956727,5850.0,1,1,Veteran,GHS,2,TT,1,305927
18,74.21751283802634,528.0883423116112,5815.0,1,1,Veteran,GHS,2,TT,1,305928
19,72.96349493829372,268.51448983697514,4578.0,1,1,Veteran,GHS,2,TT,1,305929
20,74.36143554157594,465.66544250495025,5909.0,1,1,Veteran,GHS,2,TT,1,305930
21,72.19794189465954,178.56692127710986,5903.0,1,1,Veteran,GHS,2,TT,1,305931
22,71.47345092056271,269.0722940021662,6008.0,1,1,Veteran,GHS,2,TT,1,305932
23,73.56196502188145,399.59812069030613,4763.0,1,1,Veteran,GHS,2,TT,1,305933
24,73.48608699685013,187.55836710821822,5901.0,1,1,Veteran,GHS,2,TT,1,305934
25,70.36901972455942,243.2902944038471,4393.0,1,1,Veteran,GHS,2,TT,1,305935
26,71.72263051786749,190.0014662108724,4546.0,1,1,Veteran,GHS,2,TT,1,305936
27,68.96012026615423,227.4927712179468,5912.0,1,1,Veteran,GHS,2,TT,1,305937
28,69.43653880961462,296.24198058746606,5849.0,1,1,Veteran,GHS,2,TT,1,305938
29,73.23329243580567,496.2993987354522,4383.0,1,1,Veteran,GHS,2,TT,1,305939
30,70.45271429188404,257.6225706068546,5140.0,1,1,Veteran,GHS,2,TT,1,316197
31,73.46631265790035,159.02623736278812,5954.0,1,1,Veteran,GHS,2,TT,1,309997
32,74.57819252594683,422.2876329336477,5938.0,1,1,Veteran,GHS,2,TT,1,310037
33,71.76635141610612,550.8350179536293,6297.0,1,1,Veteran,GHS,2,TT,1,310077