
0,0.0,0.9672131147540983,16907.0,1,1,Dermatology,GHS,3,TT,1,306240
1,0.0,0.9672131147540983,17434.0,1,1,Dermatology,GHS,3,TT,1,306241
2,0.0,0.9672131147540983,15357.0,1,1,Dermatology,GHS,3,TT,1,306242
3,0.0,0.9590163934426229,18440.0,1,1,Dermatology,GHS,3,TT,1,306243
4,0.0,0.9918032786885246,15322.0,1,1,Dermatology,GHS,3,TT,1,306244
5,0.0,0.9590163934426229,15887.0,1,1,Dermatology,GHS,3,TT,1,306245
6,0.0,0.9590163934426229,17022.0,1,1,Dermatology,GHS,3,TT,1,306246
7,0.0,0.9754098360655737,17099.0,1,1,Dermatology,GHS,3,TT,1,306247
8,0.0,0.9754098360655737,17599.0,1,1,Dermatology,GHS,3,TT,1,306248
9,0.0,0.9754098360655737,16852.0,1,1,Dermatology,GHS,3,TT,1,306249
10,0.0,0.9754098360655737,15132.0,1,1,Dermatology,GHS,3,TT,1,306250
11,0.0,0.9590163934426229,13262.0,1,1,Dermatology,GHS,3,TT,1,306251
12,0.0,0.9426229508196722,17236.0,1,1,Dermatology,GHS,3,TT,1,306252
13,0.0,0.9754098360655737,13371.0,1,1,Dermatology,GHS,3,TT,1,306253
14,0.0,0.9672131147540983,40044.0,1,1,Dermatology,GHS,3,TT,1,306254
15,0.0,0.9754098360655737,39248.0,1,1,Dermatology,GHS,3,TT,1,306255
16,0.0,0.9754098360655737,38059.0,1,1,Dermatology,GHS,3,TT,1,306256
17,0.0,0.9918032786885246,18696.0,1,1,Dermatology,GHS,3,TT,1,306257
18,0.0,0.9836065573770492,15181.0,1,1,Dermatology,GHS,3,TT,1,306258
19,0.0,0.9836065573770492,17863.0,1,1,Dermatology,GHS,3,TT,1,306259
20,0.0,0.9836065573770492,20315.0,1,1,Dermatology,GHS,3,TT,1,306260
21,0.0,0.9754098360655737,18095.0,1,1,Dermatology,GHS,3,TT,1,306261
22,0.0,0.9672131147540983,18192.0,1,1,Dermatology,GHS,3,TT,1,306262
23,0.0,0.9590163934426229,18989.0,1,1,Dermatology,GHS,3,TT,1,306263
24,0.0,0.9754098360655737,11874.0,1,1,Dermatology,GHS,3,TT,1,306264
25,0.0,0.9672131147540983,12349.0,1,1,Dermatology,GHS,3,TT,1,306265
26,0.0,0.9672131147540983,12660.0,1,1,Dermatology,GHS,3,TT,1,306266
27,0.0,0.9836065573770492,12460.0,1,1,Dermatology,GHS,3,TT,1,306267
28,0.0,0.9836065573770492,13352.0,1,1,Dermatology,GHS,3,TT,1,306268
29,0.0,0.9754098360655737,13501.0,1,1,Dermatology,GHS,3,TT,1,306269
30,0.0,0.9836065573770492,13844.0,1,1,Dermatology,GHS,3,TT,1,317408
31,0.0,0.9754098360655737,16718.0,1,1,Dermatology,GHS,3,TT,1,311328
32,0.0,0.9426229508196722,16937.0,1,1,Dermatology,GHS,3,TT,1,311368
33,0.0,0.9590163934426229,17750.0,1,1,Dermatology,GHS,3,TT,1,311408