
0,2.823521178491401,4.076723988701646,18891.0,1,1,Housing,GHS,3,TT,1,307140
1,2.758084013249792,3.8518842675005436,15157.0,1,1,Housing,GHS,3,TT,1,307141
2,2.8408884663928915,4.0366262112823454,18941.0,1,1,Housing,GHS,3,TT,1,307142
3,2.72332613442426,4.298456529599063,15003.0,1,1,Housing,GHS,3,TT,1,307143
4,2.830473513713622,4.351839592652228,14344.0,1,1,Housing,GHS,3,TT,1,307144
5,2.818032255759467,4.404027468882768,18781.0,1,1,Housing,GHS,3,TT,1,307145
6,2.7752820574850574,4.509886338703589,19041.0,1,1,Housing,GHS,3,TT,1,307146
7,2.8580414350772076,4.005032435495399,18961.0,1,1,Housing,GHS,3,TT,1,307147
8,2.6940164349392277,3.991856176394142,19121.0,1,1,Housing,GHS,3,TT,1,307148
9,2.8227841984702406,4.507694673276967,20658.0,1,1,Housing,GHS,3,TT,1,307149
10,2.7587935026864128,3.7001737353469037,18821.0,1,1,Housing,GHS,3,TT,1,307150
11,2.703369574628186,3.9741257158411414,18996.0,1,1,Housing,GHS,3,TT,1,307151
12,2.713859194418661,4.349243731453799,97054.0,1,1,Housing,GHS,3,TT,1,307152
13,2.7827048264988004,4.1620723384301614,14985.0,1,1,Housing,GHS,3,TT,1,307153
14,2.8549613143654167,4.012351510464356,17537.0,1,1,Housing,GHS,3,TT,1,307154
15,2.8204206024819194,4.050928568255518,14365.0,1,1,Housing,GHS,3,TT,1,307155
16,2.856067917043602,4.461615593753874,14778.0,1,1,Housing,GHS,3,TT,1,307156
17,2.793775202952371,4.354007191982142,18779.0,1,1,Housing,GHS,3,TT,1,307157
18,2.791552862074093,4.013858661514058,18907.0,1,1,Housing,GHS,3,TT,1,307158
19,2.83006225822199,4.558635473872818,18856.0,1,1,Housing,GHS,3,TT,1,307159
20,2.8276535558125997,3.7295791708058186,18942.0,1,1,Housing,GHS,3,TT,1,307160
21,2.804648630234543,4.07483453602141,18928.0,1,1,Housing,GHS,3,TT,1,307161
22,2.7659279375562926,4.0332530836190115,18678.0,1,1,Housing,GHS,3,TT,1,307162
23,2.8177718864666903,4.565182635572601,18565.0,1,1,Housing,GHS,3,TT,1,307163
24,2.7389212143127493,3.9070988703051728,18891.0,1,1,Housing,GHS,3,TT,1,307164
25,2.780869453789454,4.730053990498959,15702.0,1,1,Housing,GHS,3,TT,1,307165
26,2.8267978831519756,4.725356780552246,15000.0,1,1,Housing,GHS,3,TT,1,307166
27,2.765277141312748,4.729057461058195,14515.0,1,1,Housing,GHS,3,TT,1,307167
28,2.8052277133807704,4.678160856808483,22528.0,1,1,Housing,GHS,3,TT,1,307168
29,2.8201932264362077,4.073695162519175,15486.0,1,1,Housing,GHS,3,TT,1,307169
30,2.694342538996703,3.881524599417126,21922.0,1,1,Housing,GHS,3,TT,1,317438
31,2.852796203780221,3.9446193943443295,21390.0,1,1,Housing,GHS,3,TT,1,311358
32,2.8152911514890158,4.739462105496393,19141.0,1,1,Housing,GHS,3,TT,1,311398
33,2.794451192217831,4.539409382618376,20140.0,1,1,Housing,GHS,3,TT,1,311438