
0,0.26485148514851486,0.7178217821782178,32920.0,1,1,Hill,GHS,3,TT,1,306450
1,0.2400990099009901,0.7178217821782178,24322.0,1,1,Hill,GHS,3,TT,1,306451
2,0.26732673267326734,0.6732673267326732,32930.0,1,1,Hill,GHS,3,TT,1,306452
3,0.2400990099009901,0.6881188118811881,24452.0,1,1,Hill,GHS,3,TT,1,306453
4,0.2623762376237624,0.693069306930693,29656.0,1,1,Hill,GHS,3,TT,1,306454
5,0.26485148514851486,0.693069306930693,26929.0,1,1,Hill,GHS,3,TT,1,306455
6,0.2722772277227723,0.6782178217821782,33007.0,1,1,Hill,GHS,3,TT,1,306456
7,0.26732673267326734,0.7227722772277227,25844.0,1,1,Hill,GHS,3,TT,1,306457
8,0.22277227722772278,0.7029702970297029,23963.0,1,1,Hill,GHS,3,TT,1,306458
9,0.2623762376237624,0.6633663366336633,33011.0,1,1,Hill,GHS,3,TT,1,306459
10,0.26732673267326734,0.6534653465346535,23749.0,1,1,Hill,GHS,3,TT,1,306460
11,0.2698019801980198,0.7029702970297029,309908.0,1,1,Hill,GHS,3,TT,1,306461
12,0.2698019801980198,0.6732673267326732,26516.0,1,1,Hill,GHS,3,TT,1,306462
13,0.26732673267326734,0.7128712871287128,26693.0,1,1,Hill,GHS,3,TT,1,306463
14,0.26485148514851486,0.6831683168316831,27374.0,1,1,Hill,GHS,3,TT,1,306464
15,0.22277227722772278,0.7178217821782178,32689.0,1,1,Hill,GHS,3,TT,1,306465
16,0.2524752475247525,0.693069306930693,25263.0,1,1,Hill,GHS,3,TT,1,306466
17,0.26485148514851486,0.6732673267326732,32949.0,1,1,Hill,GHS,3,TT,1,306467
18,0.21534653465346534,0.6881188118811881,33060.0,1,1,Hill,GHS,3,TT,1,306468
19,0.2698019801980198,0.693069306930693,32660.0,1,1,Hill,GHS,3,TT,1,306469
20,0.26485148514851486,0.6831683168316831,24392.0,1,1,Hill,GHS,3,TT,1,306470
21,0.26732673267326734,0.6881188118811881,87123.0,1,1,Hill,GHS,3,TT,1,306471
22,0.26732673267326734,0.7079207920792079,77931.0,1,1,Hill,GHS,3,TT,1,306472
23,0.22524752475247525,0.7128712871287128,25692.0,1,1,Hill,GHS,3,TT,1,306473
24,0.2698019801980198,0.6782178217821782,24101.0,1,1,Hill,GHS,3,TT,1,306474
25,0.2698019801980198,0.6683168316831682,23924.0,1,1,Hill,GHS,3,TT,1,306475
26,0.25,0.6732673267326732,25797.0,1,1,Hill,GHS,3,TT,1,306476
27,0.2722772277227723,0.6683168316831682,27391.0,1,1,Hill,GHS,3,TT,1,306477
28,0.2722772277227723,0.6683168316831682,24266.0,1,1,Hill,GHS,3,TT,1,306478
29,0.2301980198019802,0.693069306930693,24132.0,1,1,Hill,GHS,3,TT,1,306479
30,0.2698019801980198,0.6831683168316831,28828.0,1,1,Hill,GHS,3,TT,1,317415
31,0.25742574257425743,0.6584158415841583,33828.0,1,1,Hill,GHS,3,TT,1,311335
32,0.2698019801980198,0.6732673267326732,32328.0,1,1,Hill,GHS,3,TT,1,311375
33,0.1905940594059406,0.7425742574257426,31984.0,1,1,Hill,GHS,3,TT,1,311415