
0,0.1786151680657453,1.0863771112190899,6671.0,1,1,Servo,GHS,3,TT,1,307080
1,0.18033741541188741,1.1203672530357978,6650.0,1,1,Servo,GHS,3,TT,1,307081
2,0.17760974539460386,1.0834970514490452,6695.0,1,1,Servo,GHS,3,TT,1,307082
3,0.17725739781942434,1.170433370331013,6601.0,1,1,Servo,GHS,3,TT,1,307083
4,0.1781162051972091,1.0486197016479275,6702.0,1,1,Servo,GHS,3,TT,1,307084
5,0.1712809374137486,1.0573226127404023,5718.0,1,1,Servo,GHS,3,TT,1,307085
6,0.17149660029548483,1.0960731936549017,5125.0,1,1,Servo,GHS,3,TT,1,307086
7,0.16969736931541202,1.0058204823609633,6594.0,1,1,Servo,GHS,3,TT,1,307087
8,0.18098588359410897,1.0136264625928397,6678.0,1,1,Servo,GHS,3,TT,1,307088
9,0.1778557785233557,1.03089606586617,6595.0,1,1,Servo,GHS,3,TT,1,307089
10,0.1779016958057438,1.1260760390452198,6603.0,1,1,Servo,GHS,3,TT,1,307090
11,0.1736845575231406,1.2981426523208308,6629.0,1,1,Servo,GHS,3,TT,1,307091
12,0.16969077141654745,1.210234682033029,6675.0,1,1,Servo,GHS,3,TT,1,307092
13,0.17768842347550604,1.2488716281127263,6508.0,1,1,Servo,GHS,3,TT,1,307093
14,0.17796973362023213,1.0181903445228917,5062.0,1,1,Servo,GHS,3,TT,1,307094
15,0.17356103645866727,1.1490063222217035,5123.0,1,1,Servo,GHS,3,TT,1,307095
16,0.18239701518549015,1.2739557237709285,5353.0,1,1,Servo,GHS,3,TT,1,307096
17,0.18010332514831306,1.2172160175963065,6646.0,1,1,Servo,GHS,3,TT,1,307097
18,0.1766719575826804,1.0726390293787529,6604.0,1,1,Servo,GHS,3,TT,1,307098
19,0.18174396230262937,1.2261241642684395,5094.0,1,1,Servo,GHS,3,TT,1,307099
20,0.17359338168221014,1.10578556772504,6676.0,1,1,Servo,GHS,3,TT,1,307100
21,0.17727895898167137,1.1861052513024763,6622.0,1,1,Servo,GHS,3,TT,1,307101
22,0.17850397776980173,1.2333902755149868,6627.0,1,1,Servo,GHS,3,TT,1,307102
23,0.1719674410800176,1.0340826162805852,6689.0,1,1,Servo,GHS,3,TT,1,307103
24,0.1772179346171221,1.0240465779926777,5985.0,1,1,Servo,GHS,3,TT,1,307104
25,0.17977294637923397,1.0688639426687379,5176.0,1,1,Servo,GHS,3,TT,1,307105
26,0.1718326603594782,1.0186231185165335,5276.0,1,1,Servo,GHS,3,TT,1,307106
27,0.1770450788459796,1.2245759407414587,6625.0,1,1,Servo,GHS,3,TT,1,307107
28,0.1722071051295032,1.1277493939663543,5110.0,1,1,Servo,GHS,3,TT,1,307108
29,0.18207172873288271,1.2473345651970547,6623.0,1,1,Servo,GHS,3,TT,1,307109
30,0.18044387152289754,0.9958243790508347,5750.0,1,1,Servo,GHS,3,TT,1,317436
31,0.1798698391680592,1.051667630607719,6688.0,1,1,Servo,GHS,3,TT,1,311356
32,0.17862769966592232,1.0927882975032632,7563.0,1,1,Servo,GHS,3,TT,1,311396
33,0.1770851906417891,1.3965565738766024,6750.0,1,1,Servo,GHS,3,TT,1,311436