
0,1.2620786760808216,43.35431739905831,7997.0,1,1,Cpu,GHS,4,TT,1,308220
1,1.3364049809491292,56.50009594201225,8010.0,1,1,Cpu,GHS,4,TT,1,308221
2,1.3704888576050736,10.552047605647035,8121.0,1,1,Cpu,GHS,4,TT,1,308222
3,1.3326993231153847,43.82387481218851,8196.0,1,1,Cpu,GHS,4,TT,1,308223
4,1.3289554220113924,18.876150372641092,7216.0,1,1,Cpu,GHS,4,TT,1,308224
5,1.3164471673197673,54.51001303957176,8167.0,1,1,Cpu,GHS,4,TT,1,308225
6,1.3395004283499437,50.40031344198521,8889.0,1,1,Cpu,GHS,4,TT,1,308226
7,1.2981752764289918,42.85580258212766,9062.0,1,1,Cpu,GHS,4,TT,1,308227
8,1.3149722729615279,85.13891096488058,7699.0,1,1,Cpu,GHS,4,TT,1,308228
9,1.351263256672033,13.167002800933421,8155.0,1,1,Cpu,GHS,4,TT,1,308229
10,1.3301781785956728,18.170349184558344,8202.0,1,1,Cpu,GHS,4,TT,1,308230
11,1.3340456867191501,66.71915278599658,7266.0,1,1,Cpu,GHS,4,TT,1,308231
12,1.3647936465126675,15.43326924956199,6753.0,1,1,Cpu,GHS,4,TT,1,308232
13,1.3667539451372512,53.74291664375731,8270.0,1,1,Cpu,GHS,4,TT,1,308233
14,1.375592724962625,11.278117777573225,8285.0,1,1,Cpu,GHS,4,TT,1,308234
15,1.3300669408619674,109.07143934696809,8202.0,1,1,Cpu,GHS,4,TT,1,308235
16,1.2846259745760704,141.54986102123036,8087.0,1,1,Cpu,GHS,4,TT,1,308236
18,1.287172604337469,6.819385778823768,7681.0,1,1,Cpu,GHS,4,TT,1,308238
19,1.336419223923797,10.919634940722329,8210.0,1,1,Cpu,GHS,4,TT,1,308239
20,1.3567997471133226,48.62549313697661,8336.0,1,1,Cpu,GHS,4,TT,1,308240
21,1.3561589219128865,23.99343705471048,8484.0,1,1,Cpu,GHS,4,TT,1,308241
22,1.392986245763548,19.02783068575863,10938.0,1,1,Cpu,GHS,4,TT,1,308242
23,1.3630579254227073,80.08425314422395,6953.0,1,1,Cpu,GHS,4,TT,1,308243
24,1.3899286532057296,37.94305990576718,8293.0,1,1,Cpu,GHS,4,TT,1,308244
25,1.3796219750344296,65.90266706247229,8357.0,1,1,Cpu,GHS,4,TT,1,308245
26,1.3711694213361107,47.71025598004115,8208.0,1,1,Cpu,GHS,4,TT,1,308246
27,1.3302455863230882,26.24058301144019,8359.0,1,1,Cpu,GHS,4,TT,1,308247
28,1.304587715387715,23.632437118978014,8324.0,1,1,Cpu,GHS,4,TT,1,308248
29,1.3939074521085797,5.893208582389664,7412.0,1,1,Cpu,GHS,4,TT,1,308249
17,1.4210700449245093,40.38518280498344,7343.0,1,1,Cpu,GHS,4,TT,1,318154
30,1.302093340798014,27.094207978531188,8437.0,1,1,Cpu,GHS,4,TT,1,318674
31,1.3297913689617573,15.750838527106113,8360.0,1,1,Cpu,GHS,4,TT,1,312714
32,1.3458906499492964,24.6559347068042,8828.0,1,1,Cpu,GHS,4,TT,1,312754
33,1.3066121927073908,14.673593688932936,9469.0,1,1,Cpu,GHS,4,TT,1,312794