
0,0.05803571428571429,0.8303571428571428,12857.0,1,1,Ecoli,GHS,4,TT,1,307500
1,0.05803571428571429,0.8660714285714286,12870.0,1,1,Ecoli,GHS,4,TT,1,307501
2,0.05803571428571429,0.875,12848.0,1,1,Ecoli,GHS,4,TT,1,307502
3,0.05803571428571429,0.8303571428571428,12738.0,1,1,Ecoli,GHS,4,TT,1,307503
4,0.05803571428571429,0.8660714285714286,10268.0,1,1,Ecoli,GHS,4,TT,1,307504
5,0.05803571428571429,0.8482142857142857,10016.0,1,1,Ecoli,GHS,4,TT,1,307505
6,0.05803571428571429,0.8660714285714286,9683.0,1,1,Ecoli,GHS,4,TT,1,307506
7,0.05803571428571429,0.8571428571428572,12774.0,1,1,Ecoli,GHS,4,TT,1,307507
8,0.05803571428571429,0.8392857142857143,12945.0,1,1,Ecoli,GHS,4,TT,1,307508
9,0.05803571428571429,0.8392857142857143,9657.0,1,1,Ecoli,GHS,4,TT,1,307509
10,0.05803571428571429,0.8482142857142857,12674.0,1,1,Ecoli,GHS,4,TT,1,307510
11,0.05803571428571429,0.8392857142857143,10426.0,1,1,Ecoli,GHS,4,TT,1,307511
12,0.05803571428571429,0.8392857142857143,12739.0,1,1,Ecoli,GHS,4,TT,1,307512
13,0.05803571428571429,0.8571428571428572,10406.0,1,1,Ecoli,GHS,4,TT,1,307513
14,0.05803571428571429,0.8571428571428572,12746.0,1,1,Ecoli,GHS,4,TT,1,307514
15,0.05803571428571429,0.8482142857142857,10225.0,1,1,Ecoli,GHS,4,TT,1,307515
16,0.05803571428571429,0.8392857142857143,12831.0,1,1,Ecoli,GHS,4,TT,1,307516
17,0.05803571428571429,0.8660714285714286,12881.0,1,1,Ecoli,GHS,4,TT,1,307517
18,0.05803571428571429,0.8571428571428572,12733.0,1,1,Ecoli,GHS,4,TT,1,307518
19,0.05803571428571429,0.8392857142857143,9602.0,1,1,Ecoli,GHS,4,TT,1,307519
20,0.05803571428571429,0.8660714285714286,9609.0,1,1,Ecoli,GHS,4,TT,1,307520
21,0.05803571428571429,0.8303571428571428,9235.0,1,1,Ecoli,GHS,4,TT,1,307521
22,0.05803571428571429,0.8839285714285714,11957.0,1,1,Ecoli,GHS,4,TT,1,307522
23,0.05803571428571429,0.875,10432.0,1,1,Ecoli,GHS,4,TT,1,307523
24,0.05803571428571429,0.8660714285714286,12585.0,1,1,Ecoli,GHS,4,TT,1,307524
25,0.05803571428571429,0.8482142857142857,12796.0,1,1,Ecoli,GHS,4,TT,1,307525
26,0.05803571428571429,0.8660714285714286,10400.0,1,1,Ecoli,GHS,4,TT,1,307526
27,0.05803571428571429,0.8392857142857143,12611.0,1,1,Ecoli,GHS,4,TT,1,307527
28,0.05803571428571429,0.8839285714285714,10273.0,1,1,Ecoli,GHS,4,TT,1,307528
29,0.05803571428571429,0.8571428571428572,12094.0,1,1,Ecoli,GHS,4,TT,1,307529
30,0.05803571428571429,0.8660714285714286,10891.0,1,1,Ecoli,GHS,4,TT,1,318650
31,0.05803571428571429,0.8571428571428572,12797.0,1,1,Ecoli,GHS,4,TT,1,312690
32,0.05803571428571429,0.8571428571428572,17062.0,1,1,Ecoli,GHS,4,TT,1,312730
33,0.05803571428571429,0.8839285714285714,13781.0,1,1,Ecoli,GHS,4,TT,1,312770