
0,0.08441558441558442,0.6166666666666667,9051.0,1,1,Glass,GHS,4,TT,1,307560
1,0.07792207792207792,0.65,6995.0,1,1,Glass,GHS,4,TT,1,307561
2,0.07142857142857142,0.6333333333333333,7487.0,1,1,Glass,GHS,4,TT,1,307562
3,0.08441558441558442,0.6333333333333333,7334.0,1,1,Glass,GHS,4,TT,1,307563
4,0.07792207792207792,0.7,9238.0,1,1,Glass,GHS,4,TT,1,307564
5,0.09090909090909091,0.6666666666666667,6828.0,1,1,Glass,GHS,4,TT,1,307565
6,0.08441558441558442,0.6333333333333333,9140.0,1,1,Glass,GHS,4,TT,1,307566
7,0.07792207792207792,0.6,9076.0,1,1,Glass,GHS,4,TT,1,307567
8,0.08441558441558442,0.6333333333333333,17057.0,1,1,Glass,GHS,4,TT,1,307568
9,0.09090909090909091,0.7,7000.0,1,1,Glass,GHS,4,TT,1,307569
10,0.09090909090909091,0.6166666666666667,8989.0,1,1,Glass,GHS,4,TT,1,307570
11,0.08441558441558442,0.65,9105.0,1,1,Glass,GHS,4,TT,1,307571
12,0.08441558441558442,0.6833333333333333,7476.0,1,1,Glass,GHS,4,TT,1,307572
13,0.08441558441558442,0.7,8709.0,1,1,Glass,GHS,4,TT,1,307573
14,0.07792207792207792,0.5833333333333333,9120.0,1,1,Glass,GHS,4,TT,1,307574
15,0.08441558441558442,0.6833333333333333,8812.0,1,1,Glass,GHS,4,TT,1,307575
16,0.09090909090909091,0.65,9040.0,1,1,Glass,GHS,4,TT,1,307576
17,0.08441558441558442,0.6666666666666667,25180.0,1,1,Glass,GHS,4,TT,1,307577
18,0.09090909090909091,0.65,7441.0,1,1,Glass,GHS,4,TT,1,307578
19,0.08441558441558442,0.5666666666666667,7351.0,1,1,Glass,GHS,4,TT,1,307579
20,0.08441558441558442,0.6166666666666667,6926.0,1,1,Glass,GHS,4,TT,1,307580
21,0.07792207792207792,0.7,6859.0,1,1,Glass,GHS,4,TT,1,307581
22,0.08441558441558442,0.6333333333333333,9094.0,1,1,Glass,GHS,4,TT,1,307582
23,0.09090909090909091,0.6166666666666667,6968.0,1,1,Glass,GHS,4,TT,1,307583
24,0.07792207792207792,0.6166666666666667,7541.0,1,1,Glass,GHS,4,TT,1,307584
25,0.09090909090909091,0.6666666666666667,9079.0,1,1,Glass,GHS,4,TT,1,307585
26,0.08441558441558442,0.6166666666666667,9032.0,1,1,Glass,GHS,4,TT,1,307586
27,0.09090909090909091,0.6,9189.0,1,1,Glass,GHS,4,TT,1,307587
28,0.09090909090909091,0.6666666666666667,9045.0,1,1,Glass,GHS,4,TT,1,307588
29,0.08441558441558442,0.65,9224.0,1,1,Glass,GHS,4,TT,1,307589
30,0.08441558441558442,0.65,8297.0,1,1,Glass,GHS,4,TT,1,318652
31,0.08441558441558442,0.6,8328.0,1,1,Glass,GHS,4,TT,1,312692
32,0.08441558441558442,0.65,9750.0,1,1,Glass,GHS,4,TT,1,312732
33,0.09090909090909091,0.6,12656.0,1,1,Glass,GHS,4,TT,1,312772