
0,0.7113757338750978,0.7896986077655477,21634.0,1,1,Sensory,GHS,4,TT,1,308250
1,0.7100857671322083,0.7933407517522715,21605.0,1,1,Sensory,GHS,4,TT,1,308251
2,0.7154269923755465,0.8148053673123014,18412.0,1,1,Sensory,GHS,4,TT,1,308252
3,0.7114374432158768,0.7814542239070426,23844.0,1,1,Sensory,GHS,4,TT,1,308253
4,0.7144514067919439,0.8332855516862984,34808.0,1,1,Sensory,GHS,4,TT,1,308254
5,0.7061056865463228,0.7742297376674605,18952.0,1,1,Sensory,GHS,4,TT,1,308255
6,0.7090105287096569,0.7884349108625306,18493.0,1,1,Sensory,GHS,4,TT,1,308256
7,0.7126211226897777,0.7879548527773522,21192.0,1,1,Sensory,GHS,4,TT,1,308257
8,0.7109393507266081,0.7830772953318665,87712.0,1,1,Sensory,GHS,4,TT,1,308258
9,0.7146353009326811,0.7928990037047319,31876.0,1,1,Sensory,GHS,4,TT,1,308259
10,0.707468882086931,0.7827149839262713,21459.0,1,1,Sensory,GHS,4,TT,1,308260
11,0.7142454680097317,0.8052093549000586,21190.0,1,1,Sensory,GHS,4,TT,1,308261
12,0.6998889199241233,0.8211491997188833,21733.0,1,1,Sensory,GHS,4,TT,1,308262
13,0.7068694354957445,0.8039387103267417,21768.0,1,1,Sensory,GHS,4,TT,1,308263
14,0.7154421154361963,0.8211042067313837,18436.0,1,1,Sensory,GHS,4,TT,1,308264
15,0.706203444603088,0.826117639942984,18698.0,1,1,Sensory,GHS,4,TT,1,308265
16,0.7128494382385475,0.7949445905593225,19056.0,1,1,Sensory,GHS,4,TT,1,308266
17,0.7148212521616483,0.8574293294206011,21675.0,1,1,Sensory,GHS,4,TT,1,308267
18,0.7095581384267308,0.8344344232067156,21331.0,1,1,Sensory,GHS,4,TT,1,308268
19,0.716396215301382,0.8379506110143153,18872.0,1,1,Sensory,GHS,4,TT,1,308269
20,0.701681188200497,0.79634218493904,21466.0,1,1,Sensory,GHS,4,TT,1,308270
21,0.6939908961476356,0.7783633628812033,18961.0,1,1,Sensory,GHS,4,TT,1,308271
22,0.7146360344150534,0.7666562684156125,23719.0,1,1,Sensory,GHS,4,TT,1,308272
23,0.7089377716777503,0.7861460132496434,21451.0,1,1,Sensory,GHS,4,TT,1,308273
24,0.709938563065452,0.8106913607726697,21301.0,1,1,Sensory,GHS,4,TT,1,308274
25,0.7153247188111964,0.7956942748331503,21718.0,1,1,Sensory,GHS,4,TT,1,308275
26,0.7033297967161017,0.8094331752471683,21628.0,1,1,Sensory,GHS,4,TT,1,308276
27,0.7159780198636403,0.8093743947354848,27453.0,1,1,Sensory,GHS,4,TT,1,308277
28,0.7080117891776405,0.8155387081502573,19611.0,1,1,Sensory,GHS,4,TT,1,308278
29,0.7132330366277921,0.8146592564341691,19398.0,1,1,Sensory,GHS,4,TT,1,308279
30,0.7053483604632482,0.799875038133273,20343.0,1,1,Sensory,GHS,4,TT,1,318675
31,0.7089126197991037,0.8377464890252995,22656.0,1,1,Sensory,GHS,4,TT,1,312715
32,0.7178092653371394,0.8140610905711007,22531.0,1,1,Sensory,GHS,4,TT,1,312755
33,0.7068561200304158,0.8244426552893028,20141.0,1,1,Sensory,GHS,4,TT,1,312795