
0,75.3959235538447,188.0775194383449,6308.0,1,1,Veteran,GHS,4,TT,1,308310
1,73.3487859960051,242.35917149626928,4457.0,1,1,Veteran,GHS,4,TT,1,308311
2,72.30271072095918,300.9453249827509,5399.0,1,1,Veteran,GHS,4,TT,1,308312
3,74.74011848274047,181.73910109374177,6450.0,1,1,Veteran,GHS,4,TT,1,308313
4,74.3935001219192,317.78138398932157,6263.0,1,1,Veteran,GHS,4,TT,1,308314
5,73.38134564778822,263.59668714875687,7250.0,1,1,Veteran,GHS,4,TT,1,308315
6,73.34095622027596,347.2792492148656,5953.0,1,1,Veteran,GHS,4,TT,1,308316
7,69.77522903994914,223.82657470265306,5529.0,1,1,Veteran,GHS,4,TT,1,308317
8,71.40431516420992,232.18059427600159,6284.0,1,1,Veteran,GHS,4,TT,1,308318
9,74.010191424709,239.977454595661,5744.0,1,1,Veteran,GHS,4,TT,1,308319
10,74.54897280353931,186.3119352501747,5356.0,1,1,Veteran,GHS,4,TT,1,308320
11,73.39491921529033,386.16250880663694,5441.0,1,1,Veteran,GHS,4,TT,1,308321
12,73.63434231243137,264.4299065774058,6381.0,1,1,Veteran,GHS,4,TT,1,308322
13,75.1359192785636,289.40461278954393,6130.0,1,1,Veteran,GHS,4,TT,1,308323
14,72.3367421178306,376.99244164805316,6064.0,1,1,Veteran,GHS,4,TT,1,308324
15,73.00620837216762,290.5786838690593,6409.0,1,1,Veteran,GHS,4,TT,1,308325
16,67.85487034646313,488.9777830760755,6478.0,1,1,Veteran,GHS,4,TT,1,308326
17,72.78432130660053,413.7559095010469,6232.0,1,1,Veteran,GHS,4,TT,1,308327
18,70.98361303634476,481.09560763349646,5584.0,1,1,Veteran,GHS,4,TT,1,308328
19,74.56877139512933,207.4140258058813,4558.0,1,1,Veteran,GHS,4,TT,1,308329
20,71.43178915468354,281.11195891815333,5937.0,1,1,Veteran,GHS,4,TT,1,308330
21,72.06997339020126,363.131140306936,5412.0,1,1,Veteran,GHS,4,TT,1,308331
22,71.35785216838384,236.8187659676042,6271.0,1,1,Veteran,GHS,4,TT,1,308332
23,73.98887252764958,199.7299531837559,5453.0,1,1,Veteran,GHS,4,TT,1,308333
24,72.05915666775898,272.1637678867676,5466.0,1,1,Veteran,GHS,4,TT,1,308334
25,72.57973880081653,308.33912803105926,8031.0,1,1,Veteran,GHS,4,TT,1,308335
26,74.4423393818377,203.70978266717538,6152.0,1,1,Veteran,GHS,4,TT,1,308336
27,73.57136657415961,317.98827417242654,6223.0,1,1,Veteran,GHS,4,TT,1,308337
28,71.8644136893885,259.6965831997806,6494.0,1,1,Veteran,GHS,4,TT,1,308338
29,70.83402333025134,223.16214358402206,4383.0,1,1,Veteran,GHS,4,TT,1,308339
30,72.28996073503386,272.0996674000988,5141.0,1,1,Veteran,GHS,4,TT,1,318677
31,70.95378225055774,382.98858381738427,7718.0,1,1,Veteran,GHS,4,TT,1,312717
32,72.89832753045995,243.30581517519514,5532.0,1,1,Veteran,GHS,4,TT,1,312757
33,74.38033302893325,352.97294784441704,6328.0,1,1,Veteran,GHS,4,TT,1,312797