
0,0.0,0.9977777777777778,38672.0,1,1,Banknote,GHS,6,TT,1,319921
1,0.0,1.0,39219.0,1,1,Banknote,GHS,6,TT,1,319961
2,0.0,1.0,36797.0,1,1,Banknote,GHS,6,TT,1,320001
3,0.0,1.0,40468.0,1,1,Banknote,GHS,6,TT,1,320041
4,0.0,1.0,42671.0,1,1,Banknote,GHS,6,TT,1,320081
5,0.0,1.0,42124.0,1,1,Banknote,GHS,6,TT,1,320121
6,0.0,1.0,42031.0,1,1,Banknote,GHS,6,TT,1,320161
7,0.0,1.0,40172.0,1,1,Banknote,GHS,6,TT,1,320201
8,0.0,1.0,39906.0,1,1,Banknote,GHS,6,TT,1,320241
9,0.0,1.0,41515.0,1,1,Banknote,GHS,6,TT,1,320281
10,0.0,1.0,40484.0,1,1,Banknote,GHS,6,TT,1,320321
11,0.0,1.0,39532.0,1,1,Banknote,GHS,6,TT,1,320361
12,0.0,1.0,39390.0,1,1,Banknote,GHS,6,TT,1,320401
13,0.0,1.0,42297.0,1,1,Banknote,GHS,6,TT,1,320441
14,0.0,1.0,41296.0,1,1,Banknote,GHS,6,TT,1,320481
15,0.0,1.0,41484.0,1,1,Banknote,GHS,6,TT,1,320521
16,0.0,0.9977777777777778,41406.0,1,1,Banknote,GHS,6,TT,1,320561
17,0.0,1.0,47547.0,1,1,Banknote,GHS,6,TT,1,320601
18,0.0,0.9977777777777778,40688.0,1,1,Banknote,GHS,6,TT,1,320641
19,0.0,1.0,40687.0,1,1,Banknote,GHS,6,TT,1,320681
20,0.0,1.0,50562.0,1,1,Banknote,GHS,6,TT,1,320721
21,0.0,1.0,38078.0,1,1,Banknote,GHS,6,TT,1,320761
22,0.0,1.0,38343.0,1,1,Banknote,GHS,6,TT,1,320801
23,0.0,1.0,40984.0,1,1,Banknote,GHS,6,TT,1,320841
24,0.0,1.0,38063.0,1,1,Banknote,GHS,6,TT,1,320881
25,0.0,1.0,38328.0,1,1,Banknote,GHS,6,TT,1,320921
26,0.0,1.0,37953.0,1,1,Banknote,GHS,6,TT,1,320961
27,0.0,1.0,39235.0,1,1,Banknote,GHS,6,TT,1,321001
28,0.0,1.0,39141.0,1,1,Banknote,GHS,6,TT,1,321041
29,0.0,1.0,38032.0,1,1,Banknote,GHS,6,TT,1,321081
30,0.0,1.0,37343.0,1,1,Banknote,GHS,6,TT,1,321121
31,0.0,1.0,51140.0,1,1,Banknote,GHS,6,TT,1,315401
32,0.0,1.0,47890.0,1,1,Banknote,GHS,6,TT,1,315441
33,0.0,1.0,49937.0,1,1,Banknote,GHS,6,TT,1,315481