
0,0.014285714285714285,0.7666666666666666,3954.0,1,1,Fertility,GHS,6,TT,1,319931
1,0.014285714285714285,0.7333333333333334,3828.0,1,1,Fertility,GHS,6,TT,1,319971
2,0.014285714285714285,0.7333333333333334,4292.0,1,1,Fertility,GHS,6,TT,1,320011
3,0.014285714285714285,0.8,4285.0,1,1,Fertility,GHS,6,TT,1,320051
4,0.014285714285714285,0.7666666666666666,3828.0,1,1,Fertility,GHS,6,TT,1,320091
5,0.014285714285714285,0.8333333333333334,4234.0,1,1,Fertility,GHS,6,TT,1,320131
6,0.014285714285714285,0.7,4219.0,1,1,Fertility,GHS,6,TT,1,320171
7,0.014285714285714285,0.7666666666666666,4859.0,1,1,Fertility,GHS,6,TT,1,320211
8,0.014285714285714285,0.7666666666666666,4077.0,1,1,Fertility,GHS,6,TT,1,320251
9,0.014285714285714285,0.8,4203.0,1,1,Fertility,GHS,6,TT,1,320291
10,0.014285714285714285,0.8,4125.0,1,1,Fertility,GHS,6,TT,1,320331
11,0.014285714285714285,0.8666666666666667,4235.0,1,1,Fertility,GHS,6,TT,1,320371
12,0.014285714285714285,0.7333333333333334,4219.0,1,1,Fertility,GHS,6,TT,1,320411
13,0.014285714285714285,0.8333333333333334,4219.0,1,1,Fertility,GHS,6,TT,1,320451
14,0.014285714285714285,0.7666666666666666,4203.0,1,1,Fertility,GHS,6,TT,1,320491
15,0.014285714285714285,0.8333333333333334,4313.0,1,1,Fertility,GHS,6,TT,1,320531
16,0.014285714285714285,0.7666666666666666,4313.0,1,1,Fertility,GHS,6,TT,1,320571
17,0.014285714285714285,0.8666666666666667,4312.0,1,1,Fertility,GHS,6,TT,1,320611
18,0.014285714285714285,0.8333333333333334,4375.0,1,1,Fertility,GHS,6,TT,1,320651
19,0.014285714285714285,0.8333333333333334,4171.0,1,1,Fertility,GHS,6,TT,1,320691
20,0.014285714285714285,0.7666666666666666,4078.0,1,1,Fertility,GHS,6,TT,1,320731
21,0.014285714285714285,0.8666666666666667,4265.0,1,1,Fertility,GHS,6,TT,1,320771
22,0.014285714285714285,0.8,3891.0,1,1,Fertility,GHS,6,TT,1,320811
23,0.014285714285714285,0.8666666666666667,4484.0,1,1,Fertility,GHS,6,TT,1,320851
24,0.014285714285714285,0.8333333333333334,4203.0,1,1,Fertility,GHS,6,TT,1,320891
25,0.014285714285714285,0.8,4203.0,1,1,Fertility,GHS,6,TT,1,320931
26,0.014285714285714285,0.8666666666666667,4203.0,1,1,Fertility,GHS,6,TT,1,320971
27,0.014285714285714285,0.9,4390.0,1,1,Fertility,GHS,6,TT,1,321011
28,0.014285714285714285,0.8,4341.0,1,1,Fertility,GHS,6,TT,1,321051
29,0.014285714285714285,0.8,4047.0,1,1,Fertility,GHS,6,TT,1,321091
30,0.014285714285714285,0.8666666666666667,3890.0,1,1,Fertility,GHS,6,TT,1,321131
31,0.014285714285714285,0.8333333333333334,5625.0,1,1,Fertility,GHS,6,TT,1,315411
32,0.014285714285714285,0.8333333333333334,5437.0,1,1,Fertility,GHS,6,TT,1,315451
32,0.014285714285714285,0.8333333333333334,5297.0,1,1,Fertility,GHS,6,TT,1,315451
33,0.014285714285714285,0.8,5344.0,1,1,Fertility,GHS,6,TT,1,315491