
0,0.2524752475247525,0.6831683168316831,28640.0,1,1,Hill,GHS,6,TT,1,319935
1,0.25,0.698019801980198,26031.0,1,1,Hill,GHS,6,TT,1,319975
2,0.16831683168316833,0.7623762376237624,28172.0,1,1,Hill,GHS,6,TT,1,320015
3,0.25495049504950495,0.6732673267326732,29301.0,1,1,Hill,GHS,6,TT,1,320055
4,0.2202970297029703,0.698019801980198,33844.0,1,1,Hill,GHS,6,TT,1,320095
5,0.2722772277227723,0.6534653465346535,29875.0,1,1,Hill,GHS,6,TT,1,320135
6,0.24752475247524752,0.7079207920792079,29297.0,1,1,Hill,GHS,6,TT,1,320175
7,0.26732673267326734,0.6881188118811881,32664.0,1,1,Hill,GHS,6,TT,1,320215
8,0.26732673267326734,0.693069306930693,30015.0,1,1,Hill,GHS,6,TT,1,320255
9,0.26485148514851486,0.7079207920792079,28485.0,1,1,Hill,GHS,6,TT,1,320295
10,0.2202970297029703,0.7079207920792079,29000.0,1,1,Hill,GHS,6,TT,1,320335
11,0.21534653465346534,0.693069306930693,29281.0,1,1,Hill,GHS,6,TT,1,320375
12,0.24504950495049505,0.6732673267326732,29641.0,1,1,Hill,GHS,6,TT,1,320415
13,0.2698019801980198,0.6584158415841583,29969.0,1,1,Hill,GHS,6,TT,1,320455
14,0.26732673267326734,0.6881188118811881,30188.0,1,1,Hill,GHS,6,TT,1,320495
15,0.24504950495049505,0.6881188118811881,29016.0,1,1,Hill,GHS,6,TT,1,320535
16,0.2722772277227723,0.6584158415841583,34328.0,1,1,Hill,GHS,6,TT,1,320575
17,0.23267326732673269,0.7029702970297029,28796.0,1,1,Hill,GHS,6,TT,1,320615
18,0.2698019801980198,0.698019801980198,26547.0,1,1,Hill,GHS,6,TT,1,320655
19,0.2698019801980198,0.6831683168316831,28250.0,1,1,Hill,GHS,6,TT,1,320695
20,0.25742574257425743,0.7227722772277227,26985.0,1,1,Hill,GHS,6,TT,1,320735
21,0.26732673267326734,0.6782178217821782,29907.0,1,1,Hill,GHS,6,TT,1,320775
22,0.21782178217821782,0.6881188118811881,28828.0,1,1,Hill,GHS,6,TT,1,320815
23,0.22277227722772278,0.6881188118811881,28219.0,1,1,Hill,GHS,6,TT,1,320855
24,0.2599009900990099,0.693069306930693,28625.0,1,1,Hill,GHS,6,TT,1,320895
25,0.2079207920792079,0.7079207920792079,31687.0,1,1,Hill,GHS,6,TT,1,320935
26,0.2623762376237624,0.6831683168316831,29609.0,1,1,Hill,GHS,6,TT,1,320975
27,0.2623762376237624,0.6485148514851485,33000.0,1,1,Hill,GHS,6,TT,1,321015
28,0.26485148514851486,0.693069306930693,32890.0,1,1,Hill,GHS,6,TT,1,321055
29,0.20297029702970298,0.7079207920792079,30219.0,1,1,Hill,GHS,6,TT,1,321095
30,0.22524752475247525,0.7128712871287128,26453.0,1,1,Hill,GHS,6,TT,1,321135
31,0.26485148514851486,0.7079207920792079,36500.0,1,1,Hill,GHS,6,TT,1,315415
32,0.24752475247524752,0.693069306930693,40296.0,1,1,Hill,GHS,6,TT,1,315455
33,0.25742574257425743,0.6386138613861386,37406.0,1,1,Hill,GHS,6,TT,1,315495