
0,0.21119592875318066,0.7105263157894737,19203.0,1,1,Indian,GHS,6,TT,1,319936
1,0.21119592875318066,0.7263157894736842,18341.0,1,1,Indian,GHS,6,TT,1,319976
2,0.21374045801526717,0.6947368421052631,18274.0,1,1,Indian,GHS,6,TT,1,320016
3,0.21374045801526717,0.7210526315789474,16500.0,1,1,Indian,GHS,6,TT,1,320056
4,0.20865139949109415,0.7,17657.0,1,1,Indian,GHS,6,TT,1,320096
5,0.21374045801526717,0.7157894736842105,17078.0,1,1,Indian,GHS,6,TT,1,320136
6,0.20610687022900764,0.7,17063.0,1,1,Indian,GHS,6,TT,1,320176
7,0.2035623409669211,0.6894736842105262,17063.0,1,1,Indian,GHS,6,TT,1,320216
8,0.21374045801526717,0.7052631578947368,18985.0,1,1,Indian,GHS,6,TT,1,320256
9,0.21628498727735368,0.7105263157894737,18437.0,1,1,Indian,GHS,6,TT,1,320296
10,0.21374045801526717,0.7210526315789474,17078.0,1,1,Indian,GHS,6,TT,1,320336
11,0.21374045801526717,0.6894736842105262,18141.0,1,1,Indian,GHS,6,TT,1,320376
12,0.2010178117048346,0.736842105263158,18687.0,1,1,Indian,GHS,6,TT,1,320416
13,0.21119592875318066,0.6947368421052631,17719.0,1,1,Indian,GHS,6,TT,1,320456
14,0.21119592875318066,0.6894736842105262,17547.0,1,1,Indian,GHS,6,TT,1,320496
15,0.21628498727735368,0.6947368421052631,18468.0,1,1,Indian,GHS,6,TT,1,320536
16,0.21628498727735368,0.7315789473684211,17094.0,1,1,Indian,GHS,6,TT,1,320576
17,0.20865139949109415,0.7157894736842105,18219.0,1,1,Indian,GHS,6,TT,1,320616
18,0.21119592875318066,0.7052631578947368,18609.0,1,1,Indian,GHS,6,TT,1,320656
19,0.20865139949109415,0.7263157894736842,18593.0,1,1,Indian,GHS,6,TT,1,320696
20,0.21374045801526717,0.6894736842105262,18156.0,1,1,Indian,GHS,6,TT,1,320736
21,0.20865139949109415,0.7157894736842105,17953.0,1,1,Indian,GHS,6,TT,1,320776
22,0.21374045801526717,0.6894736842105262,17391.0,1,1,Indian,GHS,6,TT,1,320816
23,0.21374045801526717,0.7,17172.0,1,1,Indian,GHS,6,TT,1,320856
24,0.20865139949109415,0.7,19516.0,1,1,Indian,GHS,6,TT,1,320896
25,0.20610687022900764,0.7,17734.0,1,1,Indian,GHS,6,TT,1,320936
26,0.21119592875318066,0.6947368421052631,18189.0,1,1,Indian,GHS,6,TT,1,320976
27,0.21119592875318066,0.6842105263157895,19453.0,1,1,Indian,GHS,6,TT,1,321016
28,0.21374045801526717,0.7,18379.0,1,1,Indian,GHS,6,TT,1,321056
29,0.21628498727735368,0.6947368421052631,17781.0,1,1,Indian,GHS,6,TT,1,321096
30,0.21628498727735368,0.7052631578947368,21359.0,1,1,Indian,GHS,6,TT,1,321136
31,0.21628498727735368,0.7,22172.0,1,1,Indian,GHS,6,TT,1,315416
32,0.21374045801526717,0.7210526315789474,22906.0,1,1,Indian,GHS,6,TT,1,315456
33,0.20865139949109415,0.7,23109.0,1,1,Indian,GHS,6,TT,1,315496