
0,0.014285714285714285,0.8,4125.0,1,1,Fertility,GHS,7,TT,1,321171
1,0.014285714285714285,0.7333333333333334,4402.0,1,1,Fertility,GHS,7,TT,1,321211
2,0.014285714285714285,0.8666666666666667,4313.0,1,1,Fertility,GHS,7,TT,1,321251
3,0.014285714285714285,0.8,4203.0,1,1,Fertility,GHS,7,TT,1,321291
4,0.014285714285714285,0.8,4203.0,1,1,Fertility,GHS,7,TT,1,321331
5,0.014285714285714285,0.8333333333333334,3984.0,1,1,Fertility,GHS,7,TT,1,321371
6,0.014285714285714285,0.7333333333333334,4000.0,1,1,Fertility,GHS,7,TT,1,321411
7,0.014285714285714285,0.8666666666666667,4250.0,1,1,Fertility,GHS,7,TT,1,321451
8,0.014285714285714285,0.9333333333333333,4219.0,1,1,Fertility,GHS,7,TT,1,321491
9,0.014285714285714285,0.8,4359.0,1,1,Fertility,GHS,7,TT,1,321531
10,0.014285714285714285,0.8333333333333334,4266.0,1,1,Fertility,GHS,7,TT,1,321571
11,0.014285714285714285,0.8666666666666667,4890.0,1,1,Fertility,GHS,7,TT,1,321611
12,0.014285714285714285,0.8,4860.0,1,1,Fertility,GHS,7,TT,1,321651
13,0.014285714285714285,0.8,4172.0,1,1,Fertility,GHS,7,TT,1,321691
14,0.014285714285714285,0.8333333333333334,4141.0,1,1,Fertility,GHS,7,TT,1,321731
15,0.014285714285714285,0.9333333333333333,4343.0,1,1,Fertility,GHS,7,TT,1,321771
16,0.014285714285714285,0.8666666666666667,4156.0,1,1,Fertility,GHS,7,TT,1,321811
17,0.014285714285714285,0.8333333333333334,4984.0,1,1,Fertility,GHS,7,TT,1,321851
18,0.014285714285714285,0.8,4213.0,1,1,Fertility,GHS,7,TT,1,321891
19,0.014285714285714285,0.8,4000.0,1,1,Fertility,GHS,7,TT,1,321931
20,0.014285714285714285,0.8666666666666667,4235.0,1,1,Fertility,GHS,7,TT,1,321971
21,0.014285714285714285,0.7666666666666666,4875.0,1,1,Fertility,GHS,7,TT,1,322011
22,0.014285714285714285,0.8333333333333334,5109.0,1,1,Fertility,GHS,7,TT,1,322051
23,0.014285714285714285,0.8,4016.0,1,1,Fertility,GHS,7,TT,1,322091
24,0.014285714285714285,0.8,4032.0,1,1,Fertility,GHS,7,TT,1,322131
25,0.014285714285714285,0.9,4218.0,1,1,Fertility,GHS,7,TT,1,322171
26,0.014285714285714285,0.8333333333333334,4032.0,1,1,Fertility,GHS,7,TT,1,322211
27,0.014285714285714285,0.9333333333333333,4250.0,1,1,Fertility,GHS,7,TT,1,322251
28,0.014285714285714285,0.7,3969.0,1,1,Fertility,GHS,7,TT,1,322291
29,0.014285714285714285,0.8,3907.0,1,1,Fertility,GHS,7,TT,1,322331
30,0.014285714285714285,0.8666666666666667,4547.0,1,1,Fertility,GHS,7,TT,1,322371
31,0.014285714285714285,0.8666666666666667,5468.0,1,1,Fertility,GHS,7,TT,1,316771
32,0.014285714285714285,0.8333333333333334,5531.0,1,1,Fertility,GHS,7,TT,1,316811
33,0.014285714285714285,0.7666666666666666,4234.0,1,1,Fertility,GHS,7,TT,1,316851