
0,0.017094017094017096,0.8974358974358975,13407.0,1,1,Ionosphere,GHS,7,TT,1,321177
1,0.017094017094017096,0.9230769230769231,13422.0,1,1,Ionosphere,GHS,7,TT,1,321217
2,0.017094017094017096,0.829059829059829,12203.0,1,1,Ionosphere,GHS,7,TT,1,321257
3,0.01282051282051282,0.8717948717948718,12281.0,1,1,Ionosphere,GHS,7,TT,1,321297
4,0.017094017094017096,0.9230769230769231,13282.0,1,1,Ionosphere,GHS,7,TT,1,321337
5,0.01282051282051282,0.8803418803418803,13547.0,1,1,Ionosphere,GHS,7,TT,1,321377
6,0.01282051282051282,0.8803418803418803,13125.0,1,1,Ionosphere,GHS,7,TT,1,321417
7,0.01282051282051282,0.8888888888888888,13156.0,1,1,Ionosphere,GHS,7,TT,1,321457
8,0.01282051282051282,0.9230769230769231,13594.0,1,1,Ionosphere,GHS,7,TT,1,321497
9,0.01282051282051282,0.8803418803418803,13062.0,1,1,Ionosphere,GHS,7,TT,1,321537
10,0.01282051282051282,0.8803418803418803,13234.0,1,1,Ionosphere,GHS,7,TT,1,321577
11,0.01282051282051282,0.8974358974358975,13656.0,1,1,Ionosphere,GHS,7,TT,1,321617
12,0.017094017094017096,0.8974358974358975,13094.0,1,1,Ionosphere,GHS,7,TT,1,321657
13,0.017094017094017096,0.8547008547008547,13500.0,1,1,Ionosphere,GHS,7,TT,1,321697
14,0.017094017094017096,0.9230769230769231,14453.0,1,1,Ionosphere,GHS,7,TT,1,321737
15,0.017094017094017096,0.8974358974358975,15469.0,1,1,Ionosphere,GHS,7,TT,1,321777
16,0.01282051282051282,0.9145299145299145,12782.0,1,1,Ionosphere,GHS,7,TT,1,321817
17,0.017094017094017096,0.9316239316239316,13844.0,1,1,Ionosphere,GHS,7,TT,1,321857
18,0.01282051282051282,0.8974358974358975,13046.0,1,1,Ionosphere,GHS,7,TT,1,321897
19,0.017094017094017096,0.8974358974358975,13312.0,1,1,Ionosphere,GHS,7,TT,1,321937
20,0.017094017094017096,0.8888888888888888,15532.0,1,1,Ionosphere,GHS,7,TT,1,321977
21,0.01282051282051282,0.905982905982906,13828.0,1,1,Ionosphere,GHS,7,TT,1,322017
22,0.017094017094017096,0.9145299145299145,16187.0,1,1,Ionosphere,GHS,7,TT,1,322057
23,0.017094017094017096,0.8803418803418803,12484.0,1,1,Ionosphere,GHS,7,TT,1,322097
24,0.01282051282051282,0.8974358974358975,12563.0,1,1,Ionosphere,GHS,7,TT,1,322137
25,0.01282051282051282,0.9145299145299145,13047.0,1,1,Ionosphere,GHS,7,TT,1,322177
26,0.017094017094017096,0.9230769230769231,12234.0,1,1,Ionosphere,GHS,7,TT,1,322217
27,0.01282051282051282,0.905982905982906,13407.0,1,1,Ionosphere,GHS,7,TT,1,322257
28,0.01282051282051282,0.8803418803418803,16594.0,1,1,Ionosphere,GHS,7,TT,1,322297
29,0.017094017094017096,0.8632478632478633,12438.0,1,1,Ionosphere,GHS,7,TT,1,322337
30,0.01282051282051282,0.9145299145299145,12171.0,1,1,Ionosphere,GHS,7,TT,1,322377
31,0.017094017094017096,0.8974358974358975,13469.0,1,1,Ionosphere,GHS,7,TT,1,316777
32,0.017094017094017096,0.9316239316239316,15844.0,1,1,Ionosphere,GHS,7,TT,1,316817
33,0.017094017094017096,0.8888888888888888,20172.0,1,1,Ionosphere,GHS,7,TT,1,316857