
0,0.21949509116409538,0.7557142857142858,73484.0,1,1,Cardiotocography,GHS,8,TT,1,322403
1,0.22159887798036465,0.7357142857142858,74667.0,1,1,Cardiotocography,GHS,8,TT,1,322443
2,0.2208976157082749,0.7357142857142858,74547.0,1,1,Cardiotocography,GHS,8,TT,1,322483
3,0.22230014025245443,0.7371428571428571,81172.0,1,1,Cardiotocography,GHS,8,TT,1,322523
4,0.22019635343618513,0.7528571428571429,73203.0,1,1,Cardiotocography,GHS,8,TT,1,322563
5,0.22159887798036465,0.7528571428571429,70937.0,1,1,Cardiotocography,GHS,8,TT,1,322603
6,0.2138849929873773,0.7514285714285714,70468.0,1,1,Cardiotocography,GHS,8,TT,1,322643
7,0.2208976157082749,0.7585714285714286,75984.0,1,1,Cardiotocography,GHS,8,TT,1,322683
8,0.21458625525946703,0.7657142857142857,72797.0,1,1,Cardiotocography,GHS,8,TT,1,322723
9,0.2208976157082749,0.7414285714285714,70578.0,1,1,Cardiotocography,GHS,8,TT,1,322763
10,0.2138849929873773,0.7542857142857142,73536.0,1,1,Cardiotocography,GHS,8,TT,1,322803
11,0.21739130434782608,0.7457142857142858,72187.0,1,1,Cardiotocography,GHS,8,TT,1,322843
12,0.2208976157082749,0.7428571428571429,78671.0,1,1,Cardiotocography,GHS,8,TT,1,322883
13,0.22230014025245443,0.7442857142857142,72608.0,1,1,Cardiotocography,GHS,8,TT,1,322923
14,0.2208976157082749,0.7485714285714286,66469.0,1,1,Cardiotocography,GHS,8,TT,1,322963
15,0.2208976157082749,0.7285714285714286,70172.0,1,1,Cardiotocography,GHS,8,TT,1,323003
16,0.2187938288920056,0.7385714285714285,80625.0,1,1,Cardiotocography,GHS,8,TT,1,323043
17,0.21669004207573633,0.7514285714285714,76125.0,1,1,Cardiotocography,GHS,8,TT,1,323083
18,0.2208976157082749,0.7557142857142858,66453.0,1,1,Cardiotocography,GHS,8,TT,1,323123
19,0.21949509116409538,0.7442857142857142,79609.0,1,1,Cardiotocography,GHS,8,TT,1,323163
20,0.2208976157082749,0.7414285714285714,71687.0,1,1,Cardiotocography,GHS,8,TT,1,323203
21,0.21949509116409538,0.7385714285714285,72860.0,1,1,Cardiotocography,GHS,8,TT,1,323243
22,0.2187938288920056,0.7571428571428571,76656.0,1,1,Cardiotocography,GHS,8,TT,1,323283
23,0.21949509116409538,0.7428571428571429,73171.0,1,1,Cardiotocography,GHS,8,TT,1,323323
24,0.2187938288920056,0.7485714285714286,75641.0,1,1,Cardiotocography,GHS,8,TT,1,323363
25,0.2187938288920056,0.75,79454.0,1,1,Cardiotocography,GHS,8,TT,1,323403
26,0.21458625525946703,0.7557142857142858,75985.0,1,1,Cardiotocography,GHS,8,TT,1,323443
27,0.22230014025245443,0.7485714285714286,72093.0,1,1,Cardiotocography,GHS,8,TT,1,323483
28,0.22230014025245443,0.7385714285714285,70000.0,1,1,Cardiotocography,GHS,8,TT,1,323523
29,0.21809256661991586,0.75,71235.0,1,1,Cardiotocography,GHS,8,TT,1,323563
30,0.21949509116409538,0.7342857142857142,76579.0,1,1,Cardiotocography,GHS,8,TT,1,323603
31,0.22370266479663395,0.7357142857142858,86859.0,1,1,Cardiotocography,GHS,8,TT,1,318123
31,0.22370266479663395,0.7357142857142858,86062.0,1,1,Cardiotocography,GHS,8,TT,1,318123
32,0.22159887798036465,0.7414285714285714,72703.0,1,1,Cardiotocography,GHS,8,TT,1,318163
33,0.22019635343618513,0.7614285714285715,93390.0,1,1,Cardiotocography,GHS,8,TT,1,318203