
0,0.0,0.9836065573770492,13844.0,1,1,Dermatology,GHS,8,TT,1,322408
1,0.0,0.9754098360655737,14000.0,1,1,Dermatology,GHS,8,TT,1,322448
2,0.0,0.9754098360655737,14390.0,1,1,Dermatology,GHS,8,TT,1,322488
3,0.0,0.9754098360655737,13859.0,1,1,Dermatology,GHS,8,TT,1,322528
4,0.0,0.9918032786885246,14594.0,1,1,Dermatology,GHS,8,TT,1,322568
5,0.0,0.9754098360655737,14226.0,1,1,Dermatology,GHS,8,TT,1,322608
6,0.0,0.9672131147540983,14016.0,1,1,Dermatology,GHS,8,TT,1,322648
7,0.0,0.9590163934426229,13453.0,1,1,Dermatology,GHS,8,TT,1,322688
8,0.0,0.9754098360655737,14687.0,1,1,Dermatology,GHS,8,TT,1,322728
9,0.0,0.9836065573770492,13750.0,1,1,Dermatology,GHS,8,TT,1,322768
10,0.0,0.9590163934426229,14813.0,1,1,Dermatology,GHS,8,TT,1,322808
11,0.0,0.9672131147540983,12859.0,1,1,Dermatology,GHS,8,TT,1,322848
12,0.0,0.9754098360655737,14453.0,1,1,Dermatology,GHS,8,TT,1,322888
13,0.0,0.9754098360655737,14016.0,1,1,Dermatology,GHS,8,TT,1,322928
14,0.0,0.9672131147540983,13172.0,1,1,Dermatology,GHS,8,TT,1,322968
15,0.0,0.9590163934426229,13343.0,1,1,Dermatology,GHS,8,TT,1,323008
16,0.0,0.9672131147540983,13954.0,1,1,Dermatology,GHS,8,TT,1,323048
17,0.0,0.9590163934426229,13781.0,1,1,Dermatology,GHS,8,TT,1,323088
18,0.0,0.9754098360655737,15031.0,1,1,Dermatology,GHS,8,TT,1,323128
19,0.0,0.9672131147540983,14547.0,1,1,Dermatology,GHS,8,TT,1,323168
20,0.0,0.9754098360655737,13595.0,1,1,Dermatology,GHS,8,TT,1,323208
21,0.0,0.9590163934426229,17140.0,1,1,Dermatology,GHS,8,TT,1,323248
22,0.0,0.9672131147540983,13000.0,1,1,Dermatology,GHS,8,TT,1,323288
23,0.0,0.9672131147540983,14111.0,1,1,Dermatology,GHS,8,TT,1,323328
24,0.0,0.9590163934426229,13328.0,1,1,Dermatology,GHS,8,TT,1,323368
25,0.0,0.9590163934426229,13828.0,1,1,Dermatology,GHS,8,TT,1,323408
26,0.0,0.9672131147540983,13485.0,1,1,Dermatology,GHS,8,TT,1,323448
27,0.0,0.9836065573770492,16094.0,1,1,Dermatology,GHS,8,TT,1,323488
28,0.0,0.9754098360655737,13812.0,1,1,Dermatology,GHS,8,TT,1,323528
29,0.0,0.9754098360655737,13469.0,1,1,Dermatology,GHS,8,TT,1,323568
30,0.0,0.9754098360655737,14203.0,1,1,Dermatology,GHS,8,TT,1,323608
32,0.0,0.9590163934426229,14813.0,1,1,Dermatology,GHS,8,TT,1,318168
33,0.0,0.9836065573770492,16703.0,1,1,Dermatology,GHS,8,TT,1,318208
31,0.0,0.9836065573770492,17211.0,1,1,Dermatology,GHS,8,TT,1,318128