
0,0.14215686274509803,0.6666666666666667,10234.0,1,1,Haberman,GHS,8,TT,1,322413
1,0.13725490196078433,0.7058823529411764,8734.0,1,1,Haberman,GHS,8,TT,1,322453
2,0.14215686274509803,0.6862745098039216,9203.0,1,1,Haberman,GHS,8,TT,1,322493
3,0.14705882352941177,0.6862745098039216,8906.0,1,1,Haberman,GHS,8,TT,1,322533
4,0.14215686274509803,0.6764705882352942,9266.0,1,1,Haberman,GHS,8,TT,1,322573
5,0.14215686274509803,0.6764705882352942,9109.0,1,1,Haberman,GHS,8,TT,1,322613
6,0.14705882352941177,0.7156862745098039,9751.0,1,1,Haberman,GHS,8,TT,1,322653
7,0.14705882352941177,0.696078431372549,9062.0,1,1,Haberman,GHS,8,TT,1,322693
8,0.14215686274509803,0.6666666666666667,8937.0,1,1,Haberman,GHS,8,TT,1,322733
9,0.14215686274509803,0.7058823529411764,9209.0,1,1,Haberman,GHS,8,TT,1,322773
10,0.14215686274509803,0.7058823529411764,8735.0,1,1,Haberman,GHS,8,TT,1,322813
11,0.14215686274509803,0.696078431372549,9109.0,1,1,Haberman,GHS,8,TT,1,322853
12,0.14215686274509803,0.696078431372549,9219.0,1,1,Haberman,GHS,8,TT,1,322893
13,0.14215686274509803,0.6862745098039216,9219.0,1,1,Haberman,GHS,8,TT,1,322933
14,0.14705882352941177,0.696078431372549,9391.0,1,1,Haberman,GHS,8,TT,1,322973
15,0.14215686274509803,0.7254901960784313,8812.0,1,1,Haberman,GHS,8,TT,1,323013
16,0.14215686274509803,0.6666666666666667,9938.0,1,1,Haberman,GHS,8,TT,1,323053
17,0.14215686274509803,0.7058823529411764,9297.0,1,1,Haberman,GHS,8,TT,1,323093
18,0.14215686274509803,0.6666666666666667,11844.0,1,1,Haberman,GHS,8,TT,1,323133
19,0.14705882352941177,0.6470588235294117,10110.0,1,1,Haberman,GHS,8,TT,1,323173
20,0.14705882352941177,0.7058823529411764,9204.0,1,1,Haberman,GHS,8,TT,1,323213
21,0.14215686274509803,0.7058823529411764,10484.0,1,1,Haberman,GHS,8,TT,1,323253
22,0.14705882352941177,0.696078431372549,10546.0,1,1,Haberman,GHS,8,TT,1,323293
23,0.14215686274509803,0.6764705882352942,9375.0,1,1,Haberman,GHS,8,TT,1,323333
24,0.14215686274509803,0.6274509803921569,9172.0,1,1,Haberman,GHS,8,TT,1,323373
25,0.14705882352941177,0.6568627450980392,9281.0,1,1,Haberman,GHS,8,TT,1,323413
26,0.14215686274509803,0.696078431372549,8843.0,1,1,Haberman,GHS,8,TT,1,323453
27,0.14215686274509803,0.7352941176470589,9188.0,1,1,Haberman,GHS,8,TT,1,323493
28,0.14215686274509803,0.6862745098039216,9079.0,1,1,Haberman,GHS,8,TT,1,323533
29,0.14215686274509803,0.7058823529411764,9078.0,1,1,Haberman,GHS,8,TT,1,323573
30,0.14215686274509803,0.6764705882352942,9422.0,1,1,Haberman,GHS,8,TT,1,323613
31,0.14215686274509803,0.6764705882352942,12000.0,1,1,Haberman,GHS,8,TT,1,318133
32,0.14215686274509803,0.6568627450980392,15828.0,1,1,Haberman,GHS,8,TT,1,318173
33,0.14215686274509803,0.7156862745098039,14312.0,1,1,Haberman,GHS,8,TT,1,318213