
0,0.6963523181813754,0.7866153905903683,19250.0,1,1,Sensory,GHS,8,TT,1,322435
1,0.7108382551955537,0.8016753567239137,18203.0,1,1,Sensory,GHS,8,TT,1,322475
2,0.7016159791314848,0.8077029315859171,17500.0,1,1,Sensory,GHS,8,TT,1,322515
3,0.7102408727039082,0.8208461216134849,18516.0,1,1,Sensory,GHS,8,TT,1,322555
4,0.7106155490643449,0.8075166692002446,20156.0,1,1,Sensory,GHS,8,TT,1,322595
5,0.7074328842859929,0.7707477959387994,18181.0,1,1,Sensory,GHS,8,TT,1,322635
6,0.7025995985311463,0.7839334352313047,19000.0,1,1,Sensory,GHS,8,TT,1,322675
7,0.7034046780728459,0.823808764128113,17469.0,1,1,Sensory,GHS,8,TT,1,322715
8,0.714114993686994,0.8007255868416328,23953.0,1,1,Sensory,GHS,8,TT,1,322755
9,0.7044140141763164,0.7962360956190435,17703.0,1,1,Sensory,GHS,8,TT,1,322795
10,0.7048650996910325,0.7949234735146576,17563.0,1,1,Sensory,GHS,8,TT,1,322835
11,0.7072657339591557,0.8071505444804693,17625.0,1,1,Sensory,GHS,8,TT,1,322875
12,0.7118505866240221,0.8247904811386496,17063.0,1,1,Sensory,GHS,8,TT,1,322915
13,0.7102167075801367,0.8189909098165125,18297.0,1,1,Sensory,GHS,8,TT,1,322955
14,0.7113789306154484,0.828659476839495,17250.0,1,1,Sensory,GHS,8,TT,1,322995
15,0.7113724122051108,0.7731396505356454,19265.0,1,1,Sensory,GHS,8,TT,1,323035
16,0.7050844818436139,0.7834929143895617,18313.0,1,1,Sensory,GHS,8,TT,1,323075
17,0.7102012499381883,0.8097806459868431,19938.0,1,1,Sensory,GHS,8,TT,1,323115
18,0.7033778013542835,0.7728114209759125,19937.0,1,1,Sensory,GHS,8,TT,1,323155
19,0.7057084614149806,0.8069061739429215,18358.0,1,1,Sensory,GHS,8,TT,1,323195
20,0.7079208193857838,0.8063958397737413,18723.0,1,1,Sensory,GHS,8,TT,1,323235
21,0.7097854123126079,0.7722632097571076,17938.0,1,1,Sensory,GHS,8,TT,1,323275
22,0.7122948435112433,0.8126238463530161,17844.0,1,1,Sensory,GHS,8,TT,1,323315
23,0.7135140877212833,0.8061996825235929,18134.0,1,1,Sensory,GHS,8,TT,1,323355
24,0.7066032923736025,0.7820919565436607,18406.0,1,1,Sensory,GHS,8,TT,1,323395
25,0.7131012673860045,0.7572073057388937,16172.0,1,1,Sensory,GHS,8,TT,1,323435
26,0.7181784398807507,0.7949198808192499,17516.0,1,1,Sensory,GHS,8,TT,1,323475
27,0.6996034324192714,0.7780911345786138,18093.0,1,1,Sensory,GHS,8,TT,1,323515
28,0.7137448048707425,0.8383299658731752,17781.0,1,1,Sensory,GHS,8,TT,1,323555
29,0.7140034504347652,0.7588399697315219,17657.0,1,1,Sensory,GHS,8,TT,1,323595
30,0.7158134827397782,0.8013535553837938,17703.0,1,1,Sensory,GHS,8,TT,1,323635
31,0.7153712733283659,0.8180329750649846,19141.0,1,1,Sensory,GHS,8,TT,1,318155
32,0.7084825341478481,0.8079393061512551,22765.0,1,1,Sensory,GHS,8,TT,1,318195
33,0.7047348056358698,0.802334832566309,21547.0,1,1,Sensory,GHS,8,TT,1,318235