
0,0.0,0.9032258064516129,5117.0,1,1,Zoo,GHS,8,TT,1,322431
1,0.0,0.935483870967742,4687.0,1,1,Zoo,GHS,8,TT,1,322471
2,0.0,0.8709677419354839,4625.0,1,1,Zoo,GHS,8,TT,1,322511
3,0.0,0.8387096774193549,5969.0,1,1,Zoo,GHS,8,TT,1,322551
4,0.0,0.8387096774193549,4828.0,1,1,Zoo,GHS,8,TT,1,322591
5,0.0,0.8387096774193549,4703.0,1,1,Zoo,GHS,8,TT,1,322631
6,0.0,0.9032258064516129,4735.0,1,1,Zoo,GHS,8,TT,1,322671
7,0.0,0.9032258064516129,4547.0,1,1,Zoo,GHS,8,TT,1,322711
8,0.0,0.8387096774193549,4628.0,1,1,Zoo,GHS,8,TT,1,322751
9,0.0,0.8387096774193549,4610.0,1,1,Zoo,GHS,8,TT,1,322791
10,0.0,0.8709677419354839,4594.0,1,1,Zoo,GHS,8,TT,1,322831
11,0.0,0.8064516129032258,4890.0,1,1,Zoo,GHS,8,TT,1,322871
12,0.0,0.9032258064516129,4797.0,1,1,Zoo,GHS,8,TT,1,322911
13,0.0,0.9032258064516129,4968.0,1,1,Zoo,GHS,8,TT,1,322951
14,0.0,0.8064516129032258,4406.0,1,1,Zoo,GHS,8,TT,1,322991
15,0.0,0.8064516129032258,4891.0,1,1,Zoo,GHS,8,TT,1,323031
16,0.0,0.8709677419354839,4965.0,1,1,Zoo,GHS,8,TT,1,323071
17,0.0,0.9032258064516129,5172.0,1,1,Zoo,GHS,8,TT,1,323111
18,0.0,0.8387096774193549,5124.0,1,1,Zoo,GHS,8,TT,1,323151
19,0.0,0.8709677419354839,4656.0,1,1,Zoo,GHS,8,TT,1,323191
20,0.0,0.8709677419354839,5140.0,1,1,Zoo,GHS,8,TT,1,323231
21,0.0,0.9032258064516129,4954.0,1,1,Zoo,GHS,8,TT,1,323271
22,0.0,0.8387096774193549,4750.0,1,1,Zoo,GHS,8,TT,1,323311
23,0.0,0.9032258064516129,4281.0,1,1,Zoo,GHS,8,TT,1,323351
24,0.0,0.8709677419354839,4739.0,1,1,Zoo,GHS,8,TT,1,323391
25,0.0,0.967741935483871,4875.0,1,1,Zoo,GHS,8,TT,1,323431
26,0.0,0.8709677419354839,4718.0,1,1,Zoo,GHS,8,TT,1,323471
27,0.0,0.8709677419354839,4892.0,1,1,Zoo,GHS,8,TT,1,323511
28,0.0,0.935483870967742,4375.0,1,1,Zoo,GHS,8,TT,1,323551
29,0.0,0.9032258064516129,4578.0,1,1,Zoo,GHS,8,TT,1,323591
30,0.0,0.9032258064516129,4984.0,1,1,Zoo,GHS,8,TT,1,323631
31,0.0,0.8709677419354839,5719.0,1,1,Zoo,GHS,8,TT,1,318151
32,0.0,0.8709677419354839,5859.0,1,1,Zoo,GHS,8,TT,1,318191
33,0.0,0.8709677419354839,4953.0,1,1,Zoo,GHS,8,TT,1,318231