
0,0.05803571428571429,0.8660714285714286,11202.0,1,1,Ecoli,GHS,9,TT,1,323650
1,0.05803571428571429,0.8660714285714286,11062.0,1,1,Ecoli,GHS,9,TT,1,323690
2,0.05803571428571429,0.8571428571428572,11281.0,1,1,Ecoli,GHS,9,TT,1,323730
3,0.05803571428571429,0.8392857142857143,10843.0,1,1,Ecoli,GHS,9,TT,1,323770
4,0.05803571428571429,0.8839285714285714,11281.0,1,1,Ecoli,GHS,9,TT,1,323810
5,0.05803571428571429,0.8482142857142857,10609.0,1,1,Ecoli,GHS,9,TT,1,323850
6,0.05803571428571429,0.8660714285714286,10531.0,1,1,Ecoli,GHS,9,TT,1,323890
7,0.05803571428571429,0.8303571428571428,10891.0,1,1,Ecoli,GHS,9,TT,1,323930
8,0.05803571428571429,0.8482142857142857,10531.0,1,1,Ecoli,GHS,9,TT,1,323970
9,0.05803571428571429,0.8482142857142857,10688.0,1,1,Ecoli,GHS,9,TT,1,324010
10,0.05357142857142857,0.8392857142857143,11797.0,1,1,Ecoli,GHS,9,TT,1,324050
11,0.05803571428571429,0.8660714285714286,10859.0,1,1,Ecoli,GHS,9,TT,1,324090
12,0.05803571428571429,0.875,10672.0,1,1,Ecoli,GHS,9,TT,1,324130
13,0.05357142857142857,0.8571428571428572,11531.0,1,1,Ecoli,GHS,9,TT,1,324170
14,0.05803571428571429,0.8839285714285714,11641.0,1,1,Ecoli,GHS,9,TT,1,324210
15,0.05803571428571429,0.8839285714285714,11047.0,1,1,Ecoli,GHS,9,TT,1,324250
16,0.05803571428571429,0.8571428571428572,11515.0,1,1,Ecoli,GHS,9,TT,1,324290
17,0.05803571428571429,0.8660714285714286,13172.0,1,1,Ecoli,GHS,9,TT,1,324330
18,0.05803571428571429,0.8482142857142857,13593.0,1,1,Ecoli,GHS,9,TT,1,324370
19,0.05803571428571429,0.8571428571428572,10844.0,1,1,Ecoli,GHS,9,TT,1,324410
20,0.05803571428571429,0.875,10344.0,1,1,Ecoli,GHS,9,TT,1,324450
21,0.05803571428571429,0.8482142857142857,10969.0,1,1,Ecoli,GHS,9,TT,1,324490
22,0.05803571428571429,0.875,10813.0,1,1,Ecoli,GHS,9,TT,1,324530
23,0.05803571428571429,0.8571428571428572,11610.0,1,1,Ecoli,GHS,9,TT,1,324570
24,0.05803571428571429,0.8482142857142857,11063.0,1,1,Ecoli,GHS,9,TT,1,324610
25,0.05803571428571429,0.8660714285714286,10843.0,1,1,Ecoli,GHS,9,TT,1,324650
26,0.05803571428571429,0.8660714285714286,10125.0,1,1,Ecoli,GHS,9,TT,1,324690
27,0.05803571428571429,0.8571428571428572,9594.0,1,1,Ecoli,GHS,9,TT,1,324730
28,0.05803571428571429,0.8482142857142857,10406.0,1,1,Ecoli,GHS,9,TT,1,324770
29,0.05803571428571429,0.8482142857142857,10578.0,1,1,Ecoli,GHS,9,TT,1,324810
30,0.05803571428571429,0.8839285714285714,10235.0,1,1,Ecoli,GHS,9,TT,1,324850
31,0.05803571428571429,0.8392857142857143,13672.0,1,1,Ecoli,GHS,9,TT,1,319490
32,0.05803571428571429,0.8392857142857143,17656.0,1,1,Ecoli,GHS,9,TT,1,319530
33,0.05803571428571429,0.8571428571428572,11642.0,1,1,Ecoli,GHS,9,TT,1,319570