
0,0.07792207792207792,0.6333333333333333,7750.0,1,1,Glass,GHS,9,TT,1,323652
1,0.08441558441558442,0.5833333333333333,6922.0,1,1,Glass,GHS,9,TT,1,323692
2,0.07792207792207792,0.7333333333333334,7609.0,1,1,Glass,GHS,9,TT,1,323732
3,0.09090909090909091,0.6166666666666667,9234.0,1,1,Glass,GHS,9,TT,1,323772
4,0.08441558441558442,0.6333333333333333,8328.0,1,1,Glass,GHS,9,TT,1,323812
5,0.08441558441558442,0.6166666666666667,7829.0,1,1,Glass,GHS,9,TT,1,323852
6,0.07792207792207792,0.6333333333333333,8421.0,1,1,Glass,GHS,9,TT,1,323892
7,0.07792207792207792,0.6666666666666667,7953.0,1,1,Glass,GHS,9,TT,1,323932
8,0.07792207792207792,0.6,7890.0,1,1,Glass,GHS,9,TT,1,323972
9,0.07142857142857142,0.6666666666666667,8500.0,1,1,Glass,GHS,9,TT,1,324012
10,0.08441558441558442,0.6,7813.0,1,1,Glass,GHS,9,TT,1,324052
11,0.08441558441558442,0.6333333333333333,7844.0,1,1,Glass,GHS,9,TT,1,324092
12,0.07792207792207792,0.6166666666666667,7750.0,1,1,Glass,GHS,9,TT,1,324132
13,0.08441558441558442,0.6333333333333333,7578.0,1,1,Glass,GHS,9,TT,1,324172
14,0.08441558441558442,0.6333333333333333,7870.0,1,1,Glass,GHS,9,TT,1,324212
15,0.06493506493506493,0.6166666666666667,8375.0,1,1,Glass,GHS,9,TT,1,324252
16,0.09090909090909091,0.7,7813.0,1,1,Glass,GHS,9,TT,1,324292
17,0.08441558441558442,0.6666666666666667,7549.0,1,1,Glass,GHS,9,TT,1,324332
18,0.07792207792207792,0.6333333333333333,7609.0,1,1,Glass,GHS,9,TT,1,324372
19,0.08441558441558442,0.6833333333333333,8703.0,1,1,Glass,GHS,9,TT,1,324412
20,0.09090909090909091,0.5666666666666667,7578.0,1,1,Glass,GHS,9,TT,1,324452
21,0.07792207792207792,0.6166666666666667,8031.0,1,1,Glass,GHS,9,TT,1,324492
22,0.07792207792207792,0.7,7031.0,1,1,Glass,GHS,9,TT,1,324532
23,0.09090909090909091,0.6166666666666667,9703.0,1,1,Glass,GHS,9,TT,1,324572
24,0.08441558441558442,0.65,8102.0,1,1,Glass,GHS,9,TT,1,324612
25,0.08441558441558442,0.6666666666666667,8000.0,1,1,Glass,GHS,9,TT,1,324652
26,0.08441558441558442,0.6333333333333333,7704.0,1,1,Glass,GHS,9,TT,1,324692
27,0.09090909090909091,0.6166666666666667,8045.0,1,1,Glass,GHS,9,TT,1,324732
28,0.09090909090909091,0.6666666666666667,8018.0,1,1,Glass,GHS,9,TT,1,324772
29,0.09090909090909091,0.6333333333333333,8094.0,1,1,Glass,GHS,9,TT,1,324812
30,0.07792207792207792,0.6833333333333333,7172.0,1,1,Glass,GHS,9,TT,1,324852
31,0.08441558441558442,0.65,10078.0,1,1,Glass,GHS,9,TT,1,319492
32,0.08441558441558442,0.6666666666666667,8969.0,1,1,Glass,GHS,9,TT,1,319532
33,0.08441558441558442,0.6666666666666667,10265.0,1,1,Glass,GHS,9,TT,1,319572