
0,0.07692307692307693,0.74,18922.0,1,1,Libras,GHS,9,TT,1,323660
1,0.06923076923076923,0.76,21391.0,1,1,Libras,GHS,9,TT,1,323700
2,0.06923076923076923,0.73,18953.0,1,1,Libras,GHS,9,TT,1,323740
3,0.07307692307692308,0.78,21328.0,1,1,Libras,GHS,9,TT,1,323780
4,0.06923076923076923,0.72,20328.0,1,1,Libras,GHS,9,TT,1,323820
5,0.07307692307692308,0.77,20375.0,1,1,Libras,GHS,9,TT,1,323860
6,0.06538461538461539,0.71,21516.0,1,1,Libras,GHS,9,TT,1,323900
7,0.06538461538461539,0.74,19937.0,1,1,Libras,GHS,9,TT,1,323940
8,0.07307692307692308,0.75,20922.0,1,1,Libras,GHS,9,TT,1,323980
9,0.07307692307692308,0.78,19953.0,1,1,Libras,GHS,9,TT,1,324020
10,0.06538461538461539,0.77,21812.0,1,1,Libras,GHS,9,TT,1,324060
11,0.06923076923076923,0.79,19875.0,1,1,Libras,GHS,9,TT,1,324100
12,0.07307692307692308,0.71,19734.0,1,1,Libras,GHS,9,TT,1,324140
13,0.07307692307692308,0.76,20797.0,1,1,Libras,GHS,9,TT,1,324180
14,0.06538461538461539,0.8200000000000001,21234.0,1,1,Libras,GHS,9,TT,1,324220
15,0.07307692307692308,0.8,21109.0,1,1,Libras,GHS,9,TT,1,324260
16,0.06923076923076923,0.69,20344.0,1,1,Libras,GHS,9,TT,1,324300
17,0.06923076923076923,0.64,19812.0,1,1,Libras,GHS,9,TT,1,324340
18,0.07692307692307693,0.78,19890.0,1,1,Libras,GHS,9,TT,1,324380
19,0.06538461538461539,0.79,20547.0,1,1,Libras,GHS,9,TT,1,324420
20,0.06923076923076923,0.71,18469.0,1,1,Libras,GHS,9,TT,1,324460
21,0.08076923076923077,0.73,20485.0,1,1,Libras,GHS,9,TT,1,324500
22,0.07692307692307693,0.76,19406.0,1,1,Libras,GHS,9,TT,1,324540
23,0.08076923076923077,0.75,19421.0,1,1,Libras,GHS,9,TT,1,324580
24,0.06923076923076923,0.78,20780.0,1,1,Libras,GHS,9,TT,1,324620
25,0.07307692307692308,0.73,20266.0,1,1,Libras,GHS,9,TT,1,324660
26,0.06923076923076923,0.74,20625.0,1,1,Libras,GHS,9,TT,1,324700
27,0.07692307692307693,0.76,18812.0,1,1,Libras,GHS,9,TT,1,324740
28,0.06923076923076923,0.76,19578.0,1,1,Libras,GHS,9,TT,1,324780
29,0.07307692307692308,0.77,18500.0,1,1,Libras,GHS,9,TT,1,324820
30,0.06923076923076923,0.78,18156.0,1,1,Libras,GHS,9,TT,1,324860
31,0.07307692307692308,0.73,26454.0,1,1,Libras,GHS,9,TT,1,319500
32,0.07307692307692308,0.77,22813.0,1,1,Libras,GHS,9,TT,1,319540
33,0.06923076923076923,0.75,20219.0,1,1,Libras,GHS,9,TT,1,319580
33,0.06923076923076923,0.75,24422.0,1,1,Libras,GHS,9,TT,1,319580