
0,0.014285714285714285,0.9333333333333333,3813.0,1,1,Fertility,NGHS,0,TT,1,335130
1,0.014285714285714285,0.7333333333333334,3817.0,1,1,Fertility,NGHS,0,TT,1,335131
2,0.014285714285714285,0.8666666666666667,3703.0,1,1,Fertility,NGHS,0,TT,1,335132
3,0.014285714285714285,0.9,4575.0,1,1,Fertility,NGHS,0,TT,1,335133
4,0.014285714285714285,0.7666666666666666,3867.0,1,1,Fertility,NGHS,0,TT,1,335134
5,0.014285714285714285,0.9,3766.0,1,1,Fertility,NGHS,0,TT,1,335135
6,0.014285714285714285,0.9,3734.0,1,1,Fertility,NGHS,0,TT,1,335136
7,0.014285714285714285,0.8333333333333334,3797.0,1,1,Fertility,NGHS,0,TT,1,335137
8,0.014285714285714285,0.8666666666666667,3848.0,1,1,Fertility,NGHS,0,TT,1,335138
9,0.014285714285714285,0.9,3766.0,1,1,Fertility,NGHS,0,TT,1,335139
10,0.014285714285714285,0.8333333333333334,3872.0,1,1,Fertility,NGHS,0,TT,1,335140
11,0.014285714285714285,0.8333333333333334,3864.0,1,1,Fertility,NGHS,0,TT,1,335141
12,0.014285714285714285,0.8666666666666667,3822.0,1,1,Fertility,NGHS,0,TT,1,335142
13,0.014285714285714285,0.9,3841.0,1,1,Fertility,NGHS,0,TT,1,335143
14,0.014285714285714285,0.8333333333333334,3781.0,1,1,Fertility,NGHS,0,TT,1,335144
15,0.014285714285714285,0.9666666666666667,3781.0,1,1,Fertility,NGHS,0,TT,1,335145
16,0.014285714285714285,0.7666666666666666,3797.0,1,1,Fertility,NGHS,0,TT,1,335146
17,0.014285714285714285,0.8333333333333334,3817.0,1,1,Fertility,NGHS,0,TT,1,335147
18,0.014285714285714285,0.8333333333333334,3812.0,1,1,Fertility,NGHS,0,TT,1,335148
19,0.014285714285714285,0.9333333333333333,4332.0,1,1,Fertility,NGHS,0,TT,1,335149
20,0.014285714285714285,0.7333333333333334,3781.0,1,1,Fertility,NGHS,0,TT,1,335150
21,0.014285714285714285,0.8333333333333334,3843.0,1,1,Fertility,NGHS,0,TT,1,335151
22,0.014285714285714285,0.8333333333333334,3875.0,1,1,Fertility,NGHS,0,TT,1,335152
23,0.014285714285714285,0.8,3874.0,1,1,Fertility,NGHS,0,TT,1,335153
24,0.014285714285714285,0.7666666666666666,3859.0,1,1,Fertility,NGHS,0,TT,1,335154
25,0.014285714285714285,0.9,3719.0,1,1,Fertility,NGHS,0,TT,1,335155
26,0.014285714285714285,0.8666666666666667,3750.0,1,1,Fertility,NGHS,0,TT,1,335156
27,0.014285714285714285,0.8333333333333334,3844.0,1,1,Fertility,NGHS,0,TT,1,335157
28,0.014285714285714285,0.8333333333333334,4565.0,1,1,Fertility,NGHS,0,TT,1,335158
29,0.014285714285714285,0.8333333333333334,3850.0,1,1,Fertility,NGHS,0,TT,1,335159
30,0.014285714285714285,0.8333333333333334,4781.0,1,1,Fertility,NGHS,0,TT,1,347171
31,0.014285714285714285,0.8,5281.0,1,1,Fertility,NGHS,0,TT,1,343971
32,0.014285714285714285,0.8,4734.0,1,1,Fertility,NGHS,0,TT,1,344011
33,0.014285714285714285,0.8666666666666667,5125.0,1,1,Fertility,NGHS,0,TT,1,344051