
0,0.12608695652173912,0.6636363636363636,13312.0,1,1,Leaf,NGHS,0,TT,1,335340
1,0.10434782608695652,0.7272727272727273,13406.0,1,1,Leaf,NGHS,0,TT,1,335341
2,0.10434782608695652,0.7272727272727273,13654.0,1,1,Leaf,NGHS,0,TT,1,335342
3,0.10434782608695652,0.7181818181818183,15277.0,1,1,Leaf,NGHS,0,TT,1,335343
4,0.09565217391304348,0.7272727272727273,15184.0,1,1,Leaf,NGHS,0,TT,1,335344
5,0.11304347826086956,0.7272727272727273,16016.0,1,1,Leaf,NGHS,0,TT,1,335345
6,0.1,0.7454545454545455,13313.0,1,1,Leaf,NGHS,0,TT,1,335346
7,0.11304347826086956,0.6909090909090909,13203.0,1,1,Leaf,NGHS,0,TT,1,335347
8,0.10434782608695652,0.7636363636363637,13375.0,1,1,Leaf,NGHS,0,TT,1,335348
9,0.11739130434782609,0.7090909090909091,13484.0,1,1,Leaf,NGHS,0,TT,1,335349
10,0.10434782608695652,0.7272727272727273,13266.0,1,1,Leaf,NGHS,0,TT,1,335350
11,0.11739130434782609,0.7,13469.0,1,1,Leaf,NGHS,0,TT,1,335351
12,0.10434782608695652,0.7181818181818183,13250.0,1,1,Leaf,NGHS,0,TT,1,335352
13,0.10869565217391304,0.7181818181818183,13578.0,1,1,Leaf,NGHS,0,TT,1,335353
14,0.11739130434782609,0.6727272727272727,13691.0,1,1,Leaf,NGHS,0,TT,1,335354
15,0.10869565217391304,0.7363636363636363,13203.0,1,1,Leaf,NGHS,0,TT,1,335355
16,0.12173913043478261,0.7090909090909091,13604.0,1,1,Leaf,NGHS,0,TT,1,335356
17,0.12173913043478261,0.7363636363636363,13561.0,1,1,Leaf,NGHS,0,TT,1,335357
18,0.11739130434782609,0.7090909090909091,13540.0,1,1,Leaf,NGHS,0,TT,1,335358
19,0.10869565217391304,0.7272727272727273,13614.0,1,1,Leaf,NGHS,0,TT,1,335359
20,0.10434782608695652,0.7272727272727273,13235.0,1,1,Leaf,NGHS,0,TT,1,335360
21,0.11739130434782609,0.7272727272727273,15261.0,1,1,Leaf,NGHS,0,TT,1,335361
22,0.11304347826086956,0.7363636363636363,13406.0,1,1,Leaf,NGHS,0,TT,1,335362
23,0.10869565217391304,0.7181818181818183,13838.0,1,1,Leaf,NGHS,0,TT,1,335363
24,0.10869565217391304,0.7272727272727273,13578.0,1,1,Leaf,NGHS,0,TT,1,335364
25,0.11304347826086956,0.7454545454545455,13594.0,1,1,Leaf,NGHS,0,TT,1,335365
26,0.11304347826086956,0.7090909090909091,13931.0,1,1,Leaf,NGHS,0,TT,1,335366
27,0.10434782608695652,0.7181818181818183,15640.0,1,1,Leaf,NGHS,0,TT,1,335367
28,0.10869565217391304,0.7090909090909091,15625.0,1,1,Leaf,NGHS,0,TT,1,335368
29,0.11304347826086956,0.7090909090909091,14109.0,1,1,Leaf,NGHS,0,TT,1,335369
30,0.10869565217391304,0.6909090909090909,14141.0,1,1,Leaf,NGHS,0,TT,1,347178
31,0.11304347826086956,0.6909090909090909,18719.0,1,1,Leaf,NGHS,0,TT,1,343978
32,0.1,0.7363636363636363,18828.0,1,1,Leaf,NGHS,0,TT,1,344018
33,0.11304347826086956,0.7272727272727273,14796.0,1,1,Leaf,NGHS,0,TT,1,344058