
0,1.1672374644082146,78.91894185230257,6703.0,1,1,Cpu,NGHS,2,TT,1,338220
1,1.4439269688866185,75.3790668391777,6437.0,1,1,Cpu,NGHS,2,TT,1,338221
2,1.2264870457453867,14.346211693894565,6547.0,1,1,Cpu,NGHS,2,TT,1,338222
3,1.3934190798363921,68.12420708681172,6500.0,1,1,Cpu,NGHS,2,TT,1,338223
4,1.3250683110589574,57.18504201877825,8291.0,1,1,Cpu,NGHS,2,TT,1,338224
5,1.3127483956438768,15.239728160722388,6656.0,1,1,Cpu,NGHS,2,TT,1,338225
6,1.210304942978022,14.274230156909734,6500.0,1,1,Cpu,NGHS,2,TT,1,338226
7,1.3443565540502365,46.62810573934165,6500.0,1,1,Cpu,NGHS,2,TT,1,338227
8,1.2377344578176954,86.00691559290708,6453.0,1,1,Cpu,NGHS,2,TT,1,338228
9,1.2801527063365619,111.9354884614711,6593.0,1,1,Cpu,NGHS,2,TT,1,338229
10,1.2399293263687017,97.17854896162068,6500.0,1,1,Cpu,NGHS,2,TT,1,338230
11,1.1482213286123328,98.21605042325491,6656.0,1,1,Cpu,NGHS,2,TT,1,338231
12,1.268955654328346,102.55726213222749,6437.0,1,1,Cpu,NGHS,2,TT,1,338232
13,1.3107309418906297,75.83608216004967,6547.0,1,1,Cpu,NGHS,2,TT,1,338233
14,1.299732990953616,45.82926428656534,6453.0,1,1,Cpu,NGHS,2,TT,1,338234
15,1.2504158357704773,26.88911266211321,6625.0,1,1,Cpu,NGHS,2,TT,1,338235
16,1.28882434110589,51.371587329414446,6562.0,1,1,Cpu,NGHS,2,TT,1,338236
17,1.1214007346625743,30.003815968577392,8343.0,1,1,Cpu,NGHS,2,TT,1,338237
18,1.1944098799750007,24.54165811702838,6500.0,1,1,Cpu,NGHS,2,TT,1,338238
19,1.2688772020897388,22.036422768032757,6484.0,1,1,Cpu,NGHS,2,TT,1,338239
20,1.244378884750598,84.96028449385027,6515.0,1,1,Cpu,NGHS,2,TT,1,338240
21,1.218537035061523,5.63179420147583,6547.0,1,1,Cpu,NGHS,2,TT,1,338241
22,1.249214460860209,19.667251198980736,6437.0,1,1,Cpu,NGHS,2,TT,1,338242
23,1.3313377273384241,14.846892882587909,6688.0,1,1,Cpu,NGHS,2,TT,1,338243
24,1.2792183190804574,103.08427157022292,6516.0,1,1,Cpu,NGHS,2,TT,1,338244
25,1.2930332138919864,31.49909122318437,6469.0,1,1,Cpu,NGHS,2,TT,1,338245
26,1.2091294150029424,37.695749114164066,6640.0,1,1,Cpu,NGHS,2,TT,1,338246
27,1.3366614322716628,3.5713650427435066,6578.0,1,1,Cpu,NGHS,2,TT,1,338247
28,1.3068968786160178,33.14283675258178,6547.0,1,1,Cpu,NGHS,2,TT,1,338248
29,1.3500154552922763,24.40833702221824,6515.0,1,1,Cpu,NGHS,2,TT,1,338249
30,1.3053228744337508,134.11636262335406,6937.0,1,1,Cpu,NGHS,2,TT,1,349674
31,1.3481740291948767,8.087300591834635,6937.0,1,1,Cpu,NGHS,2,TT,1,346714
32,1.3464895782327349,115.1183824444633,10297.0,1,1,Cpu,NGHS,2,TT,1,346754
33,1.2568943270202888,10.740562144052,8812.0,1,1,Cpu,NGHS,2,TT,1,346794