
0,0.05803571428571429,0.8660714285714286,10204.0,1,1,Ecoli,NGHS,2,TT,1,337500
1,0.05803571428571429,0.8571428571428572,10188.0,1,1,Ecoli,NGHS,2,TT,1,337501
2,0.05803571428571429,0.875,10219.0,1,1,Ecoli,NGHS,2,TT,1,337502
3,0.05803571428571429,0.8928571428571429,12152.0,1,1,Ecoli,NGHS,2,TT,1,337503
4,0.05803571428571429,0.8660714285714286,10141.0,1,1,Ecoli,NGHS,2,TT,1,337504
5,0.05803571428571429,0.8571428571428572,10234.0,1,1,Ecoli,NGHS,2,TT,1,337505
6,0.05803571428571429,0.8660714285714286,10187.0,1,1,Ecoli,NGHS,2,TT,1,337506
7,0.05803571428571429,0.875,10335.0,1,1,Ecoli,NGHS,2,TT,1,337507
8,0.05803571428571429,0.875,10333.0,1,1,Ecoli,NGHS,2,TT,1,337508
9,0.05803571428571429,0.8660714285714286,10441.0,1,1,Ecoli,NGHS,2,TT,1,337509
10,0.05803571428571429,0.8660714285714286,10372.0,1,1,Ecoli,NGHS,2,TT,1,337510
11,0.05803571428571429,0.8660714285714286,10422.0,1,1,Ecoli,NGHS,2,TT,1,337511
12,0.05357142857142857,0.8571428571428572,10156.0,1,1,Ecoli,NGHS,2,TT,1,337512
13,0.05803571428571429,0.8660714285714286,10359.0,1,1,Ecoli,NGHS,2,TT,1,337513
14,0.05357142857142857,0.8571428571428572,10219.0,1,1,Ecoli,NGHS,2,TT,1,337514
15,0.05803571428571429,0.8571428571428572,10188.0,1,1,Ecoli,NGHS,2,TT,1,337515
16,0.05803571428571429,0.8571428571428572,10266.0,1,1,Ecoli,NGHS,2,TT,1,337516
17,0.05803571428571429,0.8571428571428572,10203.0,1,1,Ecoli,NGHS,2,TT,1,337517
18,0.05803571428571429,0.8571428571428572,10078.0,1,1,Ecoli,NGHS,2,TT,1,337518
19,0.05803571428571429,0.875,10348.0,1,1,Ecoli,NGHS,2,TT,1,337519
20,0.05803571428571429,0.8660714285714286,10426.0,1,1,Ecoli,NGHS,2,TT,1,337520
21,0.05803571428571429,0.8482142857142857,12198.0,1,1,Ecoli,NGHS,2,TT,1,337521
22,0.05357142857142857,0.8482142857142857,10370.0,1,1,Ecoli,NGHS,2,TT,1,337522
23,0.05803571428571429,0.8571428571428572,10357.0,1,1,Ecoli,NGHS,2,TT,1,337523
24,0.05803571428571429,0.8482142857142857,10382.0,1,1,Ecoli,NGHS,2,TT,1,337524
25,0.05803571428571429,0.8392857142857143,10110.0,1,1,Ecoli,NGHS,2,TT,1,337525
26,0.05803571428571429,0.8839285714285714,10404.0,1,1,Ecoli,NGHS,2,TT,1,337526
27,0.05803571428571429,0.8660714285714286,10234.0,1,1,Ecoli,NGHS,2,TT,1,337527
28,0.05803571428571429,0.8660714285714286,10157.0,1,1,Ecoli,NGHS,2,TT,1,337528
29,0.05803571428571429,0.8482142857142857,10451.0,1,1,Ecoli,NGHS,2,TT,1,337529
30,0.05803571428571429,0.8660714285714286,10797.0,1,1,Ecoli,NGHS,2,TT,1,349650
31,0.05803571428571429,0.8660714285714286,16047.0,1,1,Ecoli,NGHS,2,TT,1,346690
32,0.05803571428571429,0.8392857142857143,13219.0,1,1,Ecoli,NGHS,2,TT,1,346730
33,0.05357142857142857,0.8392857142857143,14109.0,1,1,Ecoli,NGHS,2,TT,1,346770