
0,2.6781443537222756,3.708504628580732,14766.0,1,1,Housing,NGHS,2,TT,1,338340
1,2.6486664615733284,3.911077126905651,17141.0,1,1,Housing,NGHS,2,TT,1,338341
2,2.7290067655391557,4.756971005296104,14953.0,1,1,Housing,NGHS,2,TT,1,338342
3,2.7132618839959446,4.152699903274385,14937.0,1,1,Housing,NGHS,2,TT,1,338343
4,2.6576408763325916,4.098655929314762,14921.0,1,1,Housing,NGHS,2,TT,1,338344
5,2.731141000547045,4.2523875659433275,18523.0,1,1,Housing,NGHS,2,TT,1,338345
6,2.703255570222956,4.247202678606697,14781.0,1,1,Housing,NGHS,2,TT,1,338346
7,2.66923735199674,3.948839818878393,17230.0,1,1,Housing,NGHS,2,TT,1,338347
8,2.714957193971454,4.185893556162125,14969.0,1,1,Housing,NGHS,2,TT,1,338348
9,2.7170933983983914,3.93330447323343,14969.0,1,1,Housing,NGHS,2,TT,1,338349
10,2.6750613946290116,3.9269441334103115,17330.0,1,1,Housing,NGHS,2,TT,1,338350
11,2.713301772022877,5.516378166727074,14797.0,1,1,Housing,NGHS,2,TT,1,338351
12,2.688852527877352,4.682520268620343,14938.0,1,1,Housing,NGHS,2,TT,1,338352
13,2.6239908821710722,4.356700197137804,14859.0,1,1,Housing,NGHS,2,TT,1,338353
14,2.6851228750084073,4.486569697729081,14938.0,1,1,Housing,NGHS,2,TT,1,338354
15,2.666403254146875,4.439629229666655,14937.0,1,1,Housing,NGHS,2,TT,1,338355
16,2.6731575304026816,4.411544148516472,14719.0,1,1,Housing,NGHS,2,TT,1,338356
17,2.681621425086673,3.929756536801834,14922.0,1,1,Housing,NGHS,2,TT,1,338357
18,2.7063662524170238,3.993662908541979,14953.0,1,1,Housing,NGHS,2,TT,1,338358
19,2.5803228189870655,4.366645796514584,14922.0,1,1,Housing,NGHS,2,TT,1,338359
20,2.6831485344754227,4.222671111244159,14797.0,1,1,Housing,NGHS,2,TT,1,338360
21,2.679063561769374,4.230453909240318,15031.0,1,1,Housing,NGHS,2,TT,1,338361
22,2.7028312726527775,4.447143279234971,17075.0,1,1,Housing,NGHS,2,TT,1,338362
23,2.7085000460576496,3.6694059025243355,14906.0,1,1,Housing,NGHS,2,TT,1,338363
24,2.675004389129309,4.455996913842098,14719.0,1,1,Housing,NGHS,2,TT,1,338364
25,2.6851413462233555,4.12841773146079,14922.0,1,1,Housing,NGHS,2,TT,1,338365
26,2.6553611950038274,4.259454494401291,14953.0,1,1,Housing,NGHS,2,TT,1,338366
27,2.623060579024552,4.169259349087605,17298.0,1,1,Housing,NGHS,2,TT,1,338367
28,2.6683966250448163,3.8443331977956707,14954.0,1,1,Housing,NGHS,2,TT,1,338368
29,2.7149080368464333,3.9539259300134395,14969.0,1,1,Housing,NGHS,2,TT,1,338369
30,2.641741691265002,3.585791120305124,15953.0,1,1,Housing,NGHS,2,TT,1,349678
31,2.6596337598059514,4.242698810435107,21109.0,1,1,Housing,NGHS,2,TT,1,346718
33,2.738579708673776,4.0186742885198665,18812.0,1,1,Housing,NGHS,2,TT,1,346798
32,2.57570552733648,4.445937722576902,21094.0,1,1,Housing,NGHS,2,TT,1,346758