
0,0.052314935914203504,0.8920422927100724,276646.0,1,1,Optdigits,NGHS,2,TT,1,337830
1,0.05493068270991368,0.8842515303283249,280712.0,1,1,Optdigits,NGHS,2,TT,1,337831
2,0.04969918911849333,0.9081803005008348,280932.0,1,1,Optdigits,NGHS,2,TT,1,337832
3,0.04891446507978028,0.8842515303283249,293711.0,1,1,Optdigits,NGHS,2,TT,1,337833
4,0.04969918911849333,0.902615470228158,303921.0,1,1,Optdigits,NGHS,2,TT,1,337834
5,0.04865289040020926,0.9065108514190318,280964.0,1,1,Optdigits,NGHS,2,TT,1,337835
6,0.05153021187549045,0.8981636060100167,302705.0,1,1,Optdigits,NGHS,2,TT,1,337836
7,0.052053361234632486,0.894268224819143,280142.0,1,1,Optdigits,NGHS,2,TT,1,337837
8,0.05336123463248758,0.9031719532554257,304406.0,1,1,Optdigits,NGHS,2,TT,1,337838
9,0.05440753335077164,0.8686700055648302,327078.0,1,1,Optdigits,NGHS,2,TT,1,337839
10,0.05466910803034266,0.8948247078464107,298233.0,1,1,Optdigits,NGHS,2,TT,1,337840
11,0.05153021187549045,0.9048414023372288,296179.0,1,1,Optdigits,NGHS,2,TT,1,337841
12,0.05283808527334554,0.9037284362826934,281053.0,1,1,Optdigits,NGHS,2,TT,1,337842
13,0.056500130787339786,0.8998330550918197,281485.0,1,1,Optdigits,NGHS,2,TT,1,337843
14,0.05153021187549045,0.8920422927100724,296165.0,1,1,Optdigits,NGHS,2,TT,1,337844
15,0.05414595867120063,0.8747913188647747,281629.0,1,1,Optdigits,NGHS,2,TT,1,337845
16,0.0507454878367774,0.9053978853644964,304220.0,1,1,Optdigits,NGHS,2,TT,1,337846
17,0.05283808527334554,0.8809126321647189,280467.0,1,1,Optdigits,NGHS,2,TT,1,337847
18,0.05179178655506147,0.8953811908736784,282031.0,1,1,Optdigits,NGHS,2,TT,1,337848
19,0.052314935914203504,0.8953811908736784,282044.0,1,1,Optdigits,NGHS,2,TT,1,337849
20,0.052314935914203504,0.8870339454646633,282204.0,1,1,Optdigits,NGHS,2,TT,1,337850
21,0.05336123463248758,0.887590428491931,281875.0,1,1,Optdigits,NGHS,2,TT,1,337851
22,0.05283808527334554,0.904284919309961,253041.0,1,1,Optdigits,NGHS,2,TT,1,337852
23,0.05283808527334554,0.897607122982749,279292.0,1,1,Optdigits,NGHS,2,TT,1,337853
24,0.05309965995291656,0.8887033945464663,279149.0,1,1,Optdigits,NGHS,2,TT,1,337854
25,0.05126863719591943,0.8859209794101279,279525.0,1,1,Optdigits,NGHS,2,TT,1,337855
26,0.051007062516348414,0.8775737340011129,304515.0,1,1,Optdigits,NGHS,2,TT,1,337856
27,0.052053361234632486,0.904284919309961,274376.0,1,1,Optdigits,NGHS,2,TT,1,337857
28,0.04996076379806435,0.889259877573734,304874.0,1,1,Optdigits,NGHS,2,TT,1,337858
29,0.055192257389484696,0.8636616583194212,249963.0,1,1,Optdigits,NGHS,2,TT,1,337859
30,0.052053361234632486,0.8953811908736784,301889.0,1,1,Optdigits,NGHS,2,TT,1,349661
31,0.0507454878367774,0.8964941569282137,349875.0,1,1,Optdigits,NGHS,2,TT,1,346701
32,0.04865289040020926,0.9220923761825264,374078.0,1,1,Optdigits,NGHS,2,TT,1,346741
33,0.05153021187549045,0.8914858096828047,390014.0,1,1,Optdigits,NGHS,2,TT,1,346781