
0,0.08095238095238096,0.8200000000000001,10271.0,1,1,Vertebral3C,NGHS,2,TT,1,337950
1,0.08095238095238096,0.83,9812.0,1,1,Vertebral3C,NGHS,2,TT,1,337951
2,0.08095238095238096,0.79,9657.0,1,1,Vertebral3C,NGHS,2,TT,1,337952
3,0.08095238095238096,0.8,10955.0,1,1,Vertebral3C,NGHS,2,TT,1,337953
4,0.08095238095238096,0.79,10300.0,1,1,Vertebral3C,NGHS,2,TT,1,337954
5,0.08571428571428572,0.8200000000000001,9781.0,1,1,Vertebral3C,NGHS,2,TT,1,337955
6,0.08095238095238096,0.8200000000000001,9656.0,1,1,Vertebral3C,NGHS,2,TT,1,337956
7,0.08095238095238096,0.84,10955.0,1,1,Vertebral3C,NGHS,2,TT,1,337957
8,0.08095238095238096,0.81,10300.0,1,1,Vertebral3C,NGHS,2,TT,1,337958
9,0.08095238095238096,0.84,9704.0,1,1,Vertebral3C,NGHS,2,TT,1,337959
10,0.08571428571428572,0.83,9718.0,1,1,Vertebral3C,NGHS,2,TT,1,337960
11,0.08095238095238096,0.83,10956.0,1,1,Vertebral3C,NGHS,2,TT,1,337961
12,0.08095238095238096,0.8200000000000001,10302.0,1,1,Vertebral3C,NGHS,2,TT,1,337962
13,0.08571428571428572,0.8,9703.0,1,1,Vertebral3C,NGHS,2,TT,1,337963
14,0.08571428571428572,0.8,9671.0,1,1,Vertebral3C,NGHS,2,TT,1,337964
15,0.08095238095238096,0.84,10309.0,1,1,Vertebral3C,NGHS,2,TT,1,337965
16,0.08095238095238096,0.8200000000000001,10959.0,1,1,Vertebral3C,NGHS,2,TT,1,337966
17,0.08095238095238096,0.79,9844.0,1,1,Vertebral3C,NGHS,2,TT,1,337967
18,0.08095238095238096,0.83,9656.0,1,1,Vertebral3C,NGHS,2,TT,1,337968
19,0.08095238095238096,0.81,10279.0,1,1,Vertebral3C,NGHS,2,TT,1,337969
20,0.08095238095238096,0.8200000000000001,10244.0,1,1,Vertebral3C,NGHS,2,TT,1,337970
21,0.08095238095238096,0.8200000000000001,10904.0,1,1,Vertebral3C,NGHS,2,TT,1,337971
22,0.08095238095238096,0.8,9734.0,1,1,Vertebral3C,NGHS,2,TT,1,337972
23,0.08571428571428572,0.79,9656.0,1,1,Vertebral3C,NGHS,2,TT,1,337973
24,0.08095238095238096,0.83,9536.0,1,1,Vertebral3C,NGHS,2,TT,1,337974
25,0.08095238095238096,0.8,10306.0,1,1,Vertebral3C,NGHS,2,TT,1,337975
26,0.08095238095238096,0.81,10264.0,1,1,Vertebral3C,NGHS,2,TT,1,337976
27,0.08095238095238096,0.83,9844.0,1,1,Vertebral3C,NGHS,2,TT,1,337977
28,0.08095238095238096,0.81,9657.0,1,1,Vertebral3C,NGHS,2,TT,1,337978
29,0.08095238095238096,0.8200000000000001,11033.0,1,1,Vertebral3C,NGHS,2,TT,1,337979
30,0.08571428571428572,0.8200000000000001,9594.0,1,1,Vertebral3C,NGHS,2,TT,1,349665
31,0.08095238095238096,0.81,9829.0,1,1,Vertebral3C,NGHS,2,TT,1,346705
32,0.08095238095238096,0.81,10906.0,1,1,Vertebral3C,NGHS,2,TT,1,346745
32,0.08095238095238096,0.81,12500.0,1,1,Vertebral3C,NGHS,2,TT,1,346745
33,0.0761904761904762,0.84,12547.0,1,1,Vertebral3C,NGHS,2,TT,1,346785