
0,0.09047619047619047,0.78,9390.0,1,1,Vertebral2C,NGHS,3,TT,1,339120
1,0.0761904761904762,0.81,9265.0,1,1,Vertebral2C,NGHS,3,TT,1,339121
2,0.08095238095238096,0.83,9375.0,1,1,Vertebral2C,NGHS,3,TT,1,339122
3,0.07142857142857142,0.83,9167.0,1,1,Vertebral2C,NGHS,3,TT,1,339123
4,0.08095238095238096,0.86,9157.0,1,1,Vertebral2C,NGHS,3,TT,1,339124
5,0.08571428571428572,0.8,9256.0,1,1,Vertebral2C,NGHS,3,TT,1,339125
6,0.08095238095238096,0.8,9190.0,1,1,Vertebral2C,NGHS,3,TT,1,339126
7,0.08095238095238096,0.83,9334.0,1,1,Vertebral2C,NGHS,3,TT,1,339127
8,0.07142857142857142,0.8200000000000001,9329.0,1,1,Vertebral2C,NGHS,3,TT,1,339128
9,0.08571428571428572,0.79,9171.0,1,1,Vertebral2C,NGHS,3,TT,1,339129
10,0.07142857142857142,0.8200000000000001,10130.0,1,1,Vertebral2C,NGHS,3,TT,1,339130
11,0.08095238095238096,0.8200000000000001,9422.0,1,1,Vertebral2C,NGHS,3,TT,1,339131
12,0.08571428571428572,0.83,10251.0,1,1,Vertebral2C,NGHS,3,TT,1,339132
13,0.09047619047619047,0.8200000000000001,9343.0,1,1,Vertebral2C,NGHS,3,TT,1,339133
14,0.08571428571428572,0.84,10232.0,1,1,Vertebral2C,NGHS,3,TT,1,339134
15,0.08095238095238096,0.8,9344.0,1,1,Vertebral2C,NGHS,3,TT,1,339135
16,0.07142857142857142,0.81,9218.0,1,1,Vertebral2C,NGHS,3,TT,1,339136
17,0.0761904761904762,0.79,9179.0,1,1,Vertebral2C,NGHS,3,TT,1,339137
18,0.08095238095238096,0.8200000000000001,9407.0,1,1,Vertebral2C,NGHS,3,TT,1,339138
19,0.09047619047619047,0.79,9147.0,1,1,Vertebral2C,NGHS,3,TT,1,339139
20,0.0761904761904762,0.8200000000000001,9232.0,1,1,Vertebral2C,NGHS,3,TT,1,339140
21,0.0761904761904762,0.81,9198.0,1,1,Vertebral2C,NGHS,3,TT,1,339141
22,0.06666666666666667,0.81,9335.0,1,1,Vertebral2C,NGHS,3,TT,1,339142
23,0.07142857142857142,0.85,9375.0,1,1,Vertebral2C,NGHS,3,TT,1,339143
24,0.08095238095238096,0.81,9203.0,1,1,Vertebral2C,NGHS,3,TT,1,339144
25,0.08571428571428572,0.79,10143.0,1,1,Vertebral2C,NGHS,3,TT,1,339145
26,0.08095238095238096,0.81,9437.0,1,1,Vertebral2C,NGHS,3,TT,1,339146
27,0.08095238095238096,0.8200000000000001,9375.0,1,1,Vertebral2C,NGHS,3,TT,1,339147
28,0.07142857142857142,0.8,10270.0,1,1,Vertebral2C,NGHS,3,TT,1,339148
29,0.08571428571428572,0.8,10195.0,1,1,Vertebral2C,NGHS,3,TT,1,339149
30,0.0761904761904762,0.83,9797.0,1,1,Vertebral2C,NGHS,3,TT,1,350904
31,0.08571428571428572,0.79,11985.0,1,1,Vertebral2C,NGHS,3,TT,1,348064
32,0.0761904761904762,0.81,9703.0,1,1,Vertebral2C,NGHS,3,TT,1,348104
33,0.08571428571428572,0.84,11985.0,1,1,Vertebral2C,NGHS,3,TT,1,348144