
0,0.010554089709762533,0.9631578947368421,18969.0,1,1,Wdbc,NGHS,3,TT,1,339240
1,0.010554089709762533,0.9631578947368421,20102.0,1,1,Wdbc,NGHS,3,TT,1,339241
2,0.010554089709762533,0.9578947368421052,20152.0,1,1,Wdbc,NGHS,3,TT,1,339242
3,0.010554089709762533,0.9578947368421052,19979.0,1,1,Wdbc,NGHS,3,TT,1,339243
4,0.010554089709762533,0.9526315789473684,26005.0,1,1,Wdbc,NGHS,3,TT,1,339244
5,0.010554089709762533,0.9631578947368421,18968.0,1,1,Wdbc,NGHS,3,TT,1,339245
6,0.010554089709762533,0.9631578947368421,21327.0,1,1,Wdbc,NGHS,3,TT,1,339246
7,0.010554089709762533,0.9578947368421052,20117.0,1,1,Wdbc,NGHS,3,TT,1,339247
8,0.0158311345646438,0.9631578947368421,20171.0,1,1,Wdbc,NGHS,3,TT,1,339248
9,0.010554089709762533,0.968421052631579,25174.0,1,1,Wdbc,NGHS,3,TT,1,339249
10,0.010554089709762533,0.968421052631579,14587.0,1,1,Wdbc,NGHS,3,TT,1,339250
11,0.010554089709762533,0.9736842105263158,17758.0,1,1,Wdbc,NGHS,3,TT,1,339251
12,0.0079155672823219,0.9578947368421052,17805.0,1,1,Wdbc,NGHS,3,TT,1,339252
13,0.010554089709762533,0.968421052631579,19802.0,1,1,Wdbc,NGHS,3,TT,1,339253
14,0.010554089709762533,0.968421052631579,17878.0,1,1,Wdbc,NGHS,3,TT,1,339254
15,0.0079155672823219,0.9631578947368421,17925.0,1,1,Wdbc,NGHS,3,TT,1,339255
16,0.0079155672823219,0.9578947368421052,18390.0,1,1,Wdbc,NGHS,3,TT,1,339256
17,0.010554089709762533,0.9578947368421052,18407.0,1,1,Wdbc,NGHS,3,TT,1,339257
18,0.0158311345646438,0.968421052631579,14600.0,1,1,Wdbc,NGHS,3,TT,1,339258
19,0.013192612137203167,0.9578947368421052,18829.0,1,1,Wdbc,NGHS,3,TT,1,339259
20,0.013192612137203167,0.9526315789473684,24338.0,1,1,Wdbc,NGHS,3,TT,1,339260
21,0.010554089709762533,0.9578947368421052,20245.0,1,1,Wdbc,NGHS,3,TT,1,339261
22,0.010554089709762533,0.9526315789473684,21588.0,1,1,Wdbc,NGHS,3,TT,1,339262
23,0.010554089709762533,0.9578947368421052,20200.0,1,1,Wdbc,NGHS,3,TT,1,339263
24,0.0158311345646438,0.9578947368421052,17777.0,1,1,Wdbc,NGHS,3,TT,1,339264
25,0.010554089709762533,0.9736842105263158,17823.0,1,1,Wdbc,NGHS,3,TT,1,339265
26,0.0079155672823219,0.9736842105263158,17844.0,1,1,Wdbc,NGHS,3,TT,1,339266
27,0.010554089709762533,0.9736842105263158,17931.0,1,1,Wdbc,NGHS,3,TT,1,339267
28,0.010554089709762533,0.9631578947368421,20089.0,1,1,Wdbc,NGHS,3,TT,1,339268
29,0.010554089709762533,0.9631578947368421,25951.0,1,1,Wdbc,NGHS,3,TT,1,339269
30,0.010554089709762533,0.9631578947368421,18766.0,1,1,Wdbc,NGHS,3,TT,1,350908
31,0.010554089709762533,0.9578947368421052,24819.0,1,1,Wdbc,NGHS,3,TT,1,348068
32,0.010554089709762533,0.968421052631579,24750.0,1,1,Wdbc,NGHS,3,TT,1,348108
33,0.010554089709762533,0.9631578947368421,18906.0,1,1,Wdbc,NGHS,3,TT,1,348148