
0,0.014285714285714285,0.8333333333333334,5504.0,1,1,Fertility,NGHS,4,TT,1,339930
1,0.014285714285714285,0.8,3875.0,1,1,Fertility,NGHS,4,TT,1,339931
2,0.014285714285714285,0.7666666666666666,3918.0,1,1,Fertility,NGHS,4,TT,1,339932
3,0.014285714285714285,0.8,4615.0,1,1,Fertility,NGHS,4,TT,1,339933
4,0.014285714285714285,0.8666666666666667,3873.0,1,1,Fertility,NGHS,4,TT,1,339934
5,0.014285714285714285,0.8333333333333334,4370.0,1,1,Fertility,NGHS,4,TT,1,339935
6,0.014285714285714285,0.8666666666666667,3844.0,1,1,Fertility,NGHS,4,TT,1,339936
7,0.014285714285714285,0.8333333333333334,3781.0,1,1,Fertility,NGHS,4,TT,1,339937
8,0.014285714285714285,0.8666666666666667,3735.0,1,1,Fertility,NGHS,4,TT,1,339938
9,0.014285714285714285,0.8333333333333334,3750.0,1,1,Fertility,NGHS,4,TT,1,339939
10,0.014285714285714285,0.8333333333333334,3900.0,1,1,Fertility,NGHS,4,TT,1,339940
11,0.014285714285714285,0.7,3985.0,1,1,Fertility,NGHS,4,TT,1,339941
12,0.014285714285714285,0.7666666666666666,4156.0,1,1,Fertility,NGHS,4,TT,1,339942
13,0.014285714285714285,0.9,3844.0,1,1,Fertility,NGHS,4,TT,1,339943
14,0.014285714285714285,0.8,5149.0,1,1,Fertility,NGHS,4,TT,1,339944
15,0.014285714285714285,0.9,3888.0,1,1,Fertility,NGHS,4,TT,1,339945
16,0.014285714285714285,0.8,3829.0,1,1,Fertility,NGHS,4,TT,1,339946
17,0.014285714285714285,0.8666666666666667,3797.0,1,1,Fertility,NGHS,4,TT,1,339947
18,0.014285714285714285,0.9,3825.0,1,1,Fertility,NGHS,4,TT,1,339948
19,0.014285714285714285,0.7666666666666666,5717.0,1,1,Fertility,NGHS,4,TT,1,339949
20,0.014285714285714285,0.8333333333333334,4219.0,1,1,Fertility,NGHS,4,TT,1,339950
21,0.014285714285714285,0.8,4296.0,1,1,Fertility,NGHS,4,TT,1,339951
22,0.014285714285714285,0.7666666666666666,3870.0,1,1,Fertility,NGHS,4,TT,1,339952
23,0.014285714285714285,0.9,5230.0,1,1,Fertility,NGHS,4,TT,1,339953
24,0.014285714285714285,0.9,4585.0,1,1,Fertility,NGHS,4,TT,1,339954
25,0.014285714285714285,0.8333333333333334,3906.0,1,1,Fertility,NGHS,4,TT,1,339955
26,0.014285714285714285,0.8666666666666667,3828.0,1,1,Fertility,NGHS,4,TT,1,339956
27,0.014285714285714285,0.8666666666666667,4125.0,1,1,Fertility,NGHS,4,TT,1,339957
28,0.014285714285714285,0.8333333333333334,5261.0,1,1,Fertility,NGHS,4,TT,1,339958
29,0.014285714285714285,0.8,5496.0,1,1,Fertility,NGHS,4,TT,1,339959
30,0.014285714285714285,0.8666666666666667,4125.0,1,1,Fertility,NGHS,4,TT,1,352131
31,0.014285714285714285,0.8666666666666667,5313.0,1,1,Fertility,NGHS,4,TT,1,349411
32,0.014285714285714285,0.8333333333333334,6565.0,1,1,Fertility,NGHS,4,TT,1,349451
33,0.014285714285714285,0.7666666666666666,6296.0,1,1,Fertility,NGHS,4,TT,1,349491