
0,0.2010178117048346,0.6842105263157895,16297.0,1,1,Indian,NGHS,4,TT,1,340080
1,0.21119592875318066,0.7052631578947368,18500.0,1,1,Indian,NGHS,4,TT,1,340081
2,0.20610687022900764,0.7105263157894737,16415.0,1,1,Indian,NGHS,4,TT,1,340082
3,0.21119592875318066,0.7105263157894737,22197.0,1,1,Indian,NGHS,4,TT,1,340083
4,0.2035623409669211,0.6947368421052631,19217.0,1,1,Indian,NGHS,4,TT,1,340084
5,0.1984732824427481,0.7263157894736842,19677.0,1,1,Indian,NGHS,4,TT,1,340085
6,0.20610687022900764,0.6947368421052631,22434.0,1,1,Indian,NGHS,4,TT,1,340086
7,0.20865139949109415,0.7,23124.0,1,1,Indian,NGHS,4,TT,1,340087
8,0.21119592875318066,0.7263157894736842,22088.0,1,1,Indian,NGHS,4,TT,1,340088
9,0.20610687022900764,0.7210526315789474,24036.0,1,1,Indian,NGHS,4,TT,1,340089
10,0.21119592875318066,0.7052631578947368,16454.0,1,1,Indian,NGHS,4,TT,1,340090
11,0.21119592875318066,0.6894736842105262,16557.0,1,1,Indian,NGHS,4,TT,1,340091
12,0.21119592875318066,0.7,13735.0,1,1,Indian,NGHS,4,TT,1,340092
13,0.21119592875318066,0.7157894736842105,18468.0,1,1,Indian,NGHS,4,TT,1,340093
14,0.21374045801526717,0.7210526315789474,19321.0,1,1,Indian,NGHS,4,TT,1,340094
15,0.21119592875318066,0.7105263157894737,19824.0,1,1,Indian,NGHS,4,TT,1,340095
16,0.20865139949109415,0.6947368421052631,16437.0,1,1,Indian,NGHS,4,TT,1,340096
17,0.20865139949109415,0.7105263157894737,16359.0,1,1,Indian,NGHS,4,TT,1,340097
18,0.21119592875318066,0.7052631578947368,16500.0,1,1,Indian,NGHS,4,TT,1,340098
19,0.2035623409669211,0.6947368421052631,16187.0,1,1,Indian,NGHS,4,TT,1,340099
20,0.21374045801526717,0.7210526315789474,16157.0,1,1,Indian,NGHS,4,TT,1,340100
21,0.20610687022900764,0.7052631578947368,16648.0,1,1,Indian,NGHS,4,TT,1,340101
22,0.21119592875318066,0.7,16958.0,1,1,Indian,NGHS,4,TT,1,340102
23,0.21119592875318066,0.7,16649.0,1,1,Indian,NGHS,4,TT,1,340103
24,0.20865139949109415,0.7157894736842105,16468.0,1,1,Indian,NGHS,4,TT,1,340104
25,0.20865139949109415,0.7263157894736842,22582.0,1,1,Indian,NGHS,4,TT,1,340105
26,0.2035623409669211,0.7,16281.0,1,1,Indian,NGHS,4,TT,1,340106
27,0.2035623409669211,0.668421052631579,16359.0,1,1,Indian,NGHS,4,TT,1,340107
28,0.20610687022900764,0.6894736842105262,16359.0,1,1,Indian,NGHS,4,TT,1,340108
29,0.20610687022900764,0.7263157894736842,16741.0,1,1,Indian,NGHS,4,TT,1,340109
30,0.21882951653944022,0.7263157894736842,17562.0,1,1,Indian,NGHS,4,TT,1,352136
31,0.20865139949109415,0.7263157894736842,17860.0,1,1,Indian,NGHS,4,TT,1,349416
32,0.21628498727735368,0.7210526315789474,29406.0,1,1,Indian,NGHS,4,TT,1,349456
33,0.21119592875318066,0.6894736842105262,19390.0,1,1,Indian,NGHS,4,TT,1,349496