
0,0.16773016199032745,1.2432927317030902,5328.0,1,1,Servo,NGHS,4,TT,1,340680
1,0.16089046256324327,1.12181383421077,5677.0,1,1,Servo,NGHS,4,TT,1,340681
2,0.16507257849069223,1.163359453478682,5923.0,1,1,Servo,NGHS,4,TT,1,340682
3,0.16386410329712756,1.1030009088910186,5947.0,1,1,Servo,NGHS,4,TT,1,340683
4,0.16878150108575604,1.2166759655398052,6171.0,1,1,Servo,NGHS,4,TT,1,340684
5,0.1731516026038946,1.198276779716885,5282.0,1,1,Servo,NGHS,4,TT,1,340685
6,0.17096566583654574,1.0793398203802176,6348.0,1,1,Servo,NGHS,4,TT,1,340686
7,0.15820735420285306,1.0693158657480781,6418.0,1,1,Servo,NGHS,4,TT,1,340687
8,0.16619794061070203,1.325052785879382,5964.0,1,1,Servo,NGHS,4,TT,1,340688
9,0.15489133000704328,1.189472792768388,5464.0,1,1,Servo,NGHS,4,TT,1,340689
10,0.16293941959208963,1.2464794167657476,5547.0,1,1,Servo,NGHS,4,TT,1,340690
11,0.17090988797328124,1.2114113112986067,7187.0,1,1,Servo,NGHS,4,TT,1,340691
12,0.1652704977034611,0.9893326668317662,5359.0,1,1,Servo,NGHS,4,TT,1,340692
13,0.1652587196042773,1.1504423028411421,6062.0,1,1,Servo,NGHS,4,TT,1,340693
14,0.16851281169215784,1.1730604496817003,5651.0,1,1,Servo,NGHS,4,TT,1,340694
15,0.16232961125684112,1.0860371432374853,5861.0,1,1,Servo,NGHS,4,TT,1,340695
16,0.16667202060440026,1.2353432866115688,7031.0,1,1,Servo,NGHS,4,TT,1,340696
17,0.1698764151836187,1.120987689792259,7415.0,1,1,Servo,NGHS,4,TT,1,340697
18,0.16336010110826282,1.0802370275459219,5313.0,1,1,Servo,NGHS,4,TT,1,340698
19,0.16942015934063628,1.2071148416063866,6244.0,1,1,Servo,NGHS,4,TT,1,340699
20,0.16276507686371333,1.0348576341987006,5930.0,1,1,Servo,NGHS,4,TT,1,340700
21,0.1617052251502434,1.0683453613115246,6199.0,1,1,Servo,NGHS,4,TT,1,340701
22,0.1663706240501606,1.1051442305885557,7044.0,1,1,Servo,NGHS,4,TT,1,340702
23,0.16453020021921572,1.136073341299793,6300.0,1,1,Servo,NGHS,4,TT,1,340703
24,0.158589369054775,1.056741733524171,6405.0,1,1,Servo,NGHS,4,TT,1,340704
26,0.16373764057301882,1.1661015091067957,5453.0,1,1,Servo,NGHS,4,TT,1,340706
27,0.16084032930082387,1.230182873722762,5947.0,1,1,Servo,NGHS,4,TT,1,340707
28,0.15730111328115426,1.1152017769566667,5500.0,1,1,Servo,NGHS,4,TT,1,340708
29,0.17032656219142414,1.1233791895903744,7704.0,1,1,Servo,NGHS,4,TT,1,340709
25,0.1636809653019502,1.078127002439694,5594.0,1,1,Servo,NGHS,4,TT,1,351956
30,0.16117711799593795,1.2112467462578795,5579.0,1,1,Servo,NGHS,4,TT,1,352156
31,0.16233734467361283,1.143639088953476,6968.0,1,1,Servo,NGHS,4,TT,1,349436
32,0.16873688607326268,1.1233933998292767,8438.0,1,1,Servo,NGHS,4,TT,1,349476
33,0.17316643331506484,1.0773627124967682,7156.0,1,1,Servo,NGHS,4,TT,1,349516