
0,0.08571428571428572,0.78,7504.0,1,1,Vertebral2C,NGHS,4,TT,1,340320
1,0.0761904761904762,0.83,11350.0,1,1,Vertebral2C,NGHS,4,TT,1,340321
2,0.08095238095238096,0.79,8860.0,1,1,Vertebral2C,NGHS,4,TT,1,340322
3,0.0761904761904762,0.79,11063.0,1,1,Vertebral2C,NGHS,4,TT,1,340323
5,0.08095238095238096,0.83,13504.0,1,1,Vertebral2C,NGHS,4,TT,1,340325
6,0.0761904761904762,0.84,8875.0,1,1,Vertebral2C,NGHS,4,TT,1,340326
7,0.08095238095238096,0.83,7499.0,1,1,Vertebral2C,NGHS,4,TT,1,340327
8,0.08095238095238096,0.8200000000000001,8750.0,1,1,Vertebral2C,NGHS,4,TT,1,340328
9,0.08095238095238096,0.8,11424.0,1,1,Vertebral2C,NGHS,4,TT,1,340329
10,0.08095238095238096,0.79,11468.0,1,1,Vertebral2C,NGHS,4,TT,1,340330
11,0.08095238095238096,0.8200000000000001,12813.0,1,1,Vertebral2C,NGHS,4,TT,1,340331
12,0.08571428571428572,0.81,7499.0,1,1,Vertebral2C,NGHS,4,TT,1,340332
13,0.08571428571428572,0.84,8906.0,1,1,Vertebral2C,NGHS,4,TT,1,340333
14,0.0761904761904762,0.8200000000000001,8859.0,1,1,Vertebral2C,NGHS,4,TT,1,340334
15,0.08571428571428572,0.85,13883.0,1,1,Vertebral2C,NGHS,4,TT,1,340335
16,0.0761904761904762,0.83,7489.0,1,1,Vertebral2C,NGHS,4,TT,1,340336
17,0.0761904761904762,0.79,11698.0,1,1,Vertebral2C,NGHS,4,TT,1,340337
18,0.0761904761904762,0.84,8922.0,1,1,Vertebral2C,NGHS,4,TT,1,340338
19,0.08095238095238096,0.79,11375.0,1,1,Vertebral2C,NGHS,4,TT,1,340339
20,0.08571428571428572,0.83,8906.0,1,1,Vertebral2C,NGHS,4,TT,1,340340
21,0.08095238095238096,0.81,12811.0,1,1,Vertebral2C,NGHS,4,TT,1,340341
22,0.08095238095238096,0.78,7524.0,1,1,Vertebral2C,NGHS,4,TT,1,340342
23,0.08095238095238096,0.8200000000000001,13920.0,1,1,Vertebral2C,NGHS,4,TT,1,340343
24,0.08571428571428572,0.8200000000000001,8937.0,1,1,Vertebral2C,NGHS,4,TT,1,340344
25,0.08571428571428572,0.79,11670.0,1,1,Vertebral2C,NGHS,4,TT,1,340345
26,0.08571428571428572,0.8,8859.0,1,1,Vertebral2C,NGHS,4,TT,1,340346
27,0.08095238095238096,0.81,11984.0,1,1,Vertebral2C,NGHS,4,TT,1,340347
28,0.08095238095238096,0.8200000000000001,7494.0,1,1,Vertebral2C,NGHS,4,TT,1,340348
29,0.08571428571428572,0.84,12855.0,1,1,Vertebral2C,NGHS,4,TT,1,340349
4,0.07142857142857142,0.83,9203.0,1,1,Vertebral2C,NGHS,4,TT,1,351104
30,0.08095238095238096,0.83,9884.0,1,1,Vertebral2C,NGHS,4,TT,1,352144
31,0.08095238095238096,0.84,9719.0,1,1,Vertebral2C,NGHS,4,TT,1,349424
32,0.08095238095238096,0.83,12499.0,1,1,Vertebral2C,NGHS,4,TT,1,349464
32,0.08095238095238096,0.83,12000.0,1,1,Vertebral2C,NGHS,4,TT,1,349464
33,0.08095238095238096,0.84,11891.0,1,1,Vertebral2C,NGHS,4,TT,1,349504