
0,1.6756512074178518,3.5035239261224804,11625.0,1,1,AutoMpg,NGHS,5,TT,1,341760
1,1.6956325849478975,3.760445926467824,11757.0,1,1,AutoMpg,NGHS,5,TT,1,341761
2,1.684448928589854,3.6117509436965527,11812.0,1,1,AutoMpg,NGHS,5,TT,1,341762
3,1.6833088059074839,3.6696267761437533,11850.0,1,1,AutoMpg,NGHS,5,TT,1,341763
4,1.6930260763771712,3.5028106190448494,16615.0,1,1,AutoMpg,NGHS,5,TT,1,341764
5,1.689417538292227,3.5049282512846753,11750.0,1,1,AutoMpg,NGHS,5,TT,1,341765
6,1.698229559532721,3.3669635187659543,11625.0,1,1,AutoMpg,NGHS,5,TT,1,341766
7,1.6845861530525934,3.4640519399919767,11640.0,1,1,AutoMpg,NGHS,5,TT,1,341767
8,1.6897388900938362,3.6473161939646124,11640.0,1,1,AutoMpg,NGHS,5,TT,1,341768
9,1.6939355411721602,3.5760845056056483,11886.0,1,1,AutoMpg,NGHS,5,TT,1,341769
10,1.6753189624535176,3.4978772196643955,11515.0,1,1,AutoMpg,NGHS,5,TT,1,341770
11,1.6709539153226318,3.729108568677306,11735.0,1,1,AutoMpg,NGHS,5,TT,1,341771
12,1.666414222850673,3.606834691842591,11578.0,1,1,AutoMpg,NGHS,5,TT,1,341772
13,1.6720960114936774,3.5209693106952913,11806.0,1,1,AutoMpg,NGHS,5,TT,1,341773
14,1.6533934972951194,3.6319572698258797,11742.0,1,1,AutoMpg,NGHS,5,TT,1,341774
15,1.668831244300102,3.448082171756797,11250.0,1,1,AutoMpg,NGHS,5,TT,1,341775
16,1.7060026924381948,3.527364887454827,11840.0,1,1,AutoMpg,NGHS,5,TT,1,341776
17,1.6574304840455636,3.663623061536496,16232.0,1,1,AutoMpg,NGHS,5,TT,1,341777
18,1.6819570172722793,3.659130083459652,15202.0,1,1,AutoMpg,NGHS,5,TT,1,341778
19,1.7029445196700321,3.837801150759397,16747.0,1,1,AutoMpg,NGHS,5,TT,1,341779
20,1.7098645557334191,3.771028406836147,11687.0,1,1,AutoMpg,NGHS,5,TT,1,341780
21,1.7130241490824625,3.5291503914017768,11787.0,1,1,AutoMpg,NGHS,5,TT,1,341781
22,1.669189904223948,3.676812193484096,11735.0,1,1,AutoMpg,NGHS,5,TT,1,341782
23,1.709406261721027,3.848907645448008,11887.0,1,1,AutoMpg,NGHS,5,TT,1,341783
24,1.7158636772297688,3.417152656196312,11750.0,1,1,AutoMpg,NGHS,5,TT,1,341784
25,1.7155479481173956,3.8225406498564065,11656.0,1,1,AutoMpg,NGHS,5,TT,1,341785
26,1.6683133490461168,3.4423381816294176,11640.0,1,1,AutoMpg,NGHS,5,TT,1,341786
27,1.7101259672434692,3.695900329529107,11625.0,1,1,AutoMpg,NGHS,5,TT,1,341787
28,1.6540955701568145,3.702921518898699,11547.0,1,1,AutoMpg,NGHS,5,TT,1,341788
29,1.6718699644062498,3.6151458057896555,11885.0,1,1,AutoMpg,NGHS,5,TT,1,341789
30,1.6853908256455743,3.385742957652462,14341.0,1,1,AutoMpg,NGHS,5,TT,1,353392
31,1.6933410586504878,3.5261904021495347,15109.0,1,1,AutoMpg,NGHS,5,TT,1,350792
32,1.689170298771783,3.402528018527344,14594.0,1,1,AutoMpg,NGHS,5,TT,1,350832
33,1.7174520198426209,3.490623119062079,11875.0,1,1,AutoMpg,NGHS,5,TT,1,350872