
0,0.21458625525946703,0.7657142857142857,97271.0,1,1,Cardiotocography,NGHS,5,TT,1,340890
1,0.2082748948106592,0.7528571428571429,71797.0,1,1,Cardiotocography,NGHS,5,TT,1,340891
2,0.21248246844319776,0.7528571428571429,66422.0,1,1,Cardiotocography,NGHS,5,TT,1,340892
3,0.20476858345021037,0.7642857142857142,65609.0,1,1,Cardiotocography,NGHS,5,TT,1,340893
4,0.2082748948106592,0.7542857142857142,63297.0,1,1,Cardiotocography,NGHS,5,TT,1,340894
5,0.211781206171108,0.7442857142857142,106992.0,1,1,Cardiotocography,NGHS,5,TT,1,340895
6,0.2138849929873773,0.76,73182.0,1,1,Cardiotocography,NGHS,5,TT,1,340896
7,0.21248246844319776,0.7542857142857142,70027.0,1,1,Cardiotocography,NGHS,5,TT,1,340897
8,0.2082748948106592,0.7414285714285714,73226.0,1,1,Cardiotocography,NGHS,5,TT,1,340898
9,0.21248246844319776,0.7657142857142857,71795.0,1,1,Cardiotocography,NGHS,5,TT,1,340899
10,0.20757363253856942,0.7471428571428571,63453.0,1,1,Cardiotocography,NGHS,5,TT,1,340900
11,0.2131837307152875,0.7485714285714286,54780.0,1,1,Cardiotocography,NGHS,5,TT,1,340901
12,0.2061711079943899,0.7471428571428571,73883.0,1,1,Cardiotocography,NGHS,5,TT,1,340902
13,0.21107994389901824,0.7457142857142858,73711.0,1,1,Cardiotocography,NGHS,5,TT,1,340903
14,0.20897615708274894,0.7628571428571429,74282.0,1,1,Cardiotocography,NGHS,5,TT,1,340904
15,0.21739130434782608,0.7614285714285715,77727.0,1,1,Cardiotocography,NGHS,5,TT,1,340905
16,0.2138849929873773,0.7542857142857142,79291.0,1,1,Cardiotocography,NGHS,5,TT,1,340906
17,0.2152875175315568,0.7442857142857142,76582.0,1,1,Cardiotocography,NGHS,5,TT,1,340907
18,0.21598877980364656,0.76,78727.0,1,1,Cardiotocography,NGHS,5,TT,1,340908
19,0.2152875175315568,0.7442857142857142,66578.0,1,1,Cardiotocography,NGHS,5,TT,1,340909
20,0.20967741935483872,0.7471428571428571,92720.0,1,1,Cardiotocography,NGHS,5,TT,1,340910
21,0.20476858345021037,0.7485714285714286,66844.0,1,1,Cardiotocography,NGHS,5,TT,1,340911
22,0.20546984572230015,0.76,92147.0,1,1,Cardiotocography,NGHS,5,TT,1,340912
23,0.21739130434782608,0.7442857142857142,90291.0,1,1,Cardiotocography,NGHS,5,TT,1,340913
24,0.21598877980364656,0.7514285714285714,89946.0,1,1,Cardiotocography,NGHS,5,TT,1,340914
25,0.21248246844319776,0.7442857142857142,90063.0,1,1,Cardiotocography,NGHS,5,TT,1,340915
26,0.21107994389901824,0.75,97818.0,1,1,Cardiotocography,NGHS,5,TT,1,340916
27,0.2138849929873773,0.7385714285714285,91510.0,1,1,Cardiotocography,NGHS,5,TT,1,340917
28,0.2082748948106592,0.7457142857142858,96362.0,1,1,Cardiotocography,NGHS,5,TT,1,340918
29,0.20967741935483872,0.7614285714285715,94073.0,1,1,Cardiotocography,NGHS,5,TT,1,340919
30,0.20757363253856942,0.7571428571428571,68219.0,1,1,Cardiotocography,NGHS,5,TT,1,353363
31,0.2138849929873773,0.74,75250.0,1,1,Cardiotocography,NGHS,5,TT,1,350763
32,0.21037868162692847,0.7457142857142858,66140.0,1,1,Cardiotocography,NGHS,5,TT,1,350803
33,0.2131837307152875,0.7271428571428571,90999.0,1,1,Cardiotocography,NGHS,5,TT,1,350843