
0,0.17708333333333334,0.7760416666666666,23391.0,1,1,Diabetes,NGHS,5,TT,1,341070
1,0.1684027777777778,0.7239583333333333,23594.0,1,1,Diabetes,NGHS,5,TT,1,341071
2,0.171875,0.734375,22344.0,1,1,Diabetes,NGHS,5,TT,1,341072
3,0.1684027777777778,0.7239583333333333,23531.0,1,1,Diabetes,NGHS,5,TT,1,341073
4,0.1701388888888889,0.75,23967.0,1,1,Diabetes,NGHS,5,TT,1,341074
5,0.171875,0.7395833333333333,23463.0,1,1,Diabetes,NGHS,5,TT,1,341075
6,0.1753472222222222,0.7604166666666666,23234.0,1,1,Diabetes,NGHS,5,TT,1,341076
7,0.1736111111111111,0.7447916666666667,23814.0,1,1,Diabetes,NGHS,5,TT,1,341077
8,0.1701388888888889,0.7395833333333333,23740.0,1,1,Diabetes,NGHS,5,TT,1,341078
9,0.1736111111111111,0.7760416666666666,26029.0,1,1,Diabetes,NGHS,5,TT,1,341079
10,0.1753472222222222,0.7708333333333334,23437.0,1,1,Diabetes,NGHS,5,TT,1,341080
11,0.1701388888888889,0.734375,37704.0,1,1,Diabetes,NGHS,5,TT,1,341081
12,0.1736111111111111,0.7552083333333334,23126.0,1,1,Diabetes,NGHS,5,TT,1,341082
13,0.1684027777777778,0.75,26118.0,1,1,Diabetes,NGHS,5,TT,1,341083
14,0.1736111111111111,0.7447916666666667,23990.0,1,1,Diabetes,NGHS,5,TT,1,341084
15,0.1684027777777778,0.7395833333333333,25874.0,1,1,Diabetes,NGHS,5,TT,1,341085
16,0.1701388888888889,0.75,23563.0,1,1,Diabetes,NGHS,5,TT,1,341086
17,0.16666666666666666,0.75,27981.0,1,1,Diabetes,NGHS,5,TT,1,341087
18,0.1684027777777778,0.7604166666666666,23375.0,1,1,Diabetes,NGHS,5,TT,1,341088
19,0.171875,0.7395833333333333,23296.0,1,1,Diabetes,NGHS,5,TT,1,341089
20,0.1684027777777778,0.7604166666666666,31276.0,1,1,Diabetes,NGHS,5,TT,1,341090
21,0.1736111111111111,0.75,23951.0,1,1,Diabetes,NGHS,5,TT,1,341091
22,0.171875,0.7291666666666667,31531.0,1,1,Diabetes,NGHS,5,TT,1,341092
23,0.171875,0.7760416666666666,32197.0,1,1,Diabetes,NGHS,5,TT,1,341093
24,0.171875,0.7395833333333333,23156.0,1,1,Diabetes,NGHS,5,TT,1,341094
25,0.16666666666666666,0.75,26159.0,1,1,Diabetes,NGHS,5,TT,1,341095
26,0.1736111111111111,0.7447916666666667,23873.0,1,1,Diabetes,NGHS,5,TT,1,341096
27,0.1736111111111111,0.75,23391.0,1,1,Diabetes,NGHS,5,TT,1,341097
28,0.17708333333333334,0.7604166666666666,31437.0,1,1,Diabetes,NGHS,5,TT,1,341098
29,0.1701388888888889,0.7395833333333333,27489.0,1,1,Diabetes,NGHS,5,TT,1,341099
30,0.1736111111111111,0.765625,22578.0,1,1,Diabetes,NGHS,5,TT,1,353369
31,0.1701388888888889,0.7239583333333333,30719.0,1,1,Diabetes,NGHS,5,TT,1,350769
32,0.1684027777777778,0.734375,26078.0,1,1,Diabetes,NGHS,5,TT,1,350809
33,0.171875,0.765625,26719.0,1,1,Diabetes,NGHS,5,TT,1,350849