
0,0.09787234042553192,0.8514285714285714,34442.0,1,1,QSARBiodegradation,NGHS,6,TT,1,342810
1,0.10070921985815603,0.8428571428571429,34538.0,1,1,QSARBiodegradation,NGHS,6,TT,1,342811
2,0.08936170212765958,0.8371428571428572,34263.0,1,1,QSARBiodegradation,NGHS,6,TT,1,342812
3,0.08226950354609928,0.8685714285714285,41645.0,1,1,QSARBiodegradation,NGHS,6,TT,1,342813
4,0.09078014184397164,0.8571428571428572,34214.0,1,1,QSARBiodegradation,NGHS,6,TT,1,342814
5,0.08936170212765958,0.8542857142857143,34357.0,1,1,QSARBiodegradation,NGHS,6,TT,1,342815
6,0.08085106382978724,0.8457142857142858,34782.0,1,1,QSARBiodegradation,NGHS,6,TT,1,342816
7,0.08936170212765958,0.8428571428571429,34366.0,1,1,QSARBiodegradation,NGHS,6,TT,1,342817
8,0.08794326241134752,0.8428571428571429,41495.0,1,1,QSARBiodegradation,NGHS,6,TT,1,342818
9,0.08794326241134752,0.8428571428571429,33421.0,1,1,QSARBiodegradation,NGHS,6,TT,1,342819
10,0.09078014184397164,0.8342857142857143,49198.0,1,1,QSARBiodegradation,NGHS,6,TT,1,342820
11,0.07801418439716312,0.8542857142857143,33219.0,1,1,QSARBiodegradation,NGHS,6,TT,1,342821
12,0.08936170212765958,0.8485714285714285,33141.0,1,1,QSARBiodegradation,NGHS,6,TT,1,342822
13,0.09078014184397164,0.8457142857142858,33297.0,1,1,QSARBiodegradation,NGHS,6,TT,1,342823
14,0.09219858156028368,0.8371428571428572,32828.0,1,1,QSARBiodegradation,NGHS,6,TT,1,342824
15,0.07801418439716312,0.8542857142857143,33016.0,1,1,QSARBiodegradation,NGHS,6,TT,1,342825
16,0.08794326241134752,0.8457142857142858,33219.0,1,1,QSARBiodegradation,NGHS,6,TT,1,342826
17,0.08368794326241134,0.8342857142857143,33062.0,1,1,QSARBiodegradation,NGHS,6,TT,1,342827
18,0.08652482269503546,0.8257142857142857,33187.0,1,1,QSARBiodegradation,NGHS,6,TT,1,342828
19,0.08936170212765958,0.8685714285714285,33047.0,1,1,QSARBiodegradation,NGHS,6,TT,1,342829
20,0.09078014184397164,0.8457142857142858,32985.0,1,1,QSARBiodegradation,NGHS,6,TT,1,342830
21,0.0950354609929078,0.8485714285714285,34182.0,1,1,QSARBiodegradation,NGHS,6,TT,1,342831
22,0.09219858156028368,0.8485714285714285,34271.0,1,1,QSARBiodegradation,NGHS,6,TT,1,342832
23,0.08794326241134752,0.8314285714285714,36759.0,1,1,QSARBiodegradation,NGHS,6,TT,1,342833
24,0.08936170212765958,0.84,32641.0,1,1,QSARBiodegradation,NGHS,6,TT,1,342834
25,0.09361702127659574,0.8514285714285714,34196.0,1,1,QSARBiodegradation,NGHS,6,TT,1,342835
26,0.08936170212765958,0.84,33312.0,1,1,QSARBiodegradation,NGHS,6,TT,1,342836
27,0.08794326241134752,0.8457142857142858,31922.0,1,1,QSARBiodegradation,NGHS,6,TT,1,342837
28,0.08226950354609928,0.84,32672.0,1,1,QSARBiodegradation,NGHS,6,TT,1,342838
29,0.0950354609929078,0.8342857142857143,33219.0,1,1,QSARBiodegradation,NGHS,6,TT,1,342839
30,0.07801418439716312,0.8457142857142858,32796.0,1,1,QSARBiodegradation,NGHS,6,TT,1,354627
31,0.08368794326241134,0.8457142857142858,46546.0,1,1,QSARBiodegradation,NGHS,6,TT,1,352147
32,0.0851063829787234,0.8571428571428572,38500.0,1,1,QSARBiodegradation,NGHS,6,TT,1,352187
33,0.09219858156028368,0.8542857142857143,44516.0,1,1,QSARBiodegradation,NGHS,6,TT,1,352227