
0,0.6074239251387433,0.7942052643445475,17329.0,1,1,Sensory,NGHS,6,TT,1,343050
1,0.5974681198813676,0.8049068311691858,22416.0,1,1,Sensory,NGHS,6,TT,1,343051
2,0.6026681698630814,0.8221503832229807,16766.0,1,1,Sensory,NGHS,6,TT,1,343052
3,0.5986103477435906,0.7577704062941563,16844.0,1,1,Sensory,NGHS,6,TT,1,343053
4,0.5864619116445804,0.800776061790074,16968.0,1,1,Sensory,NGHS,6,TT,1,343054
5,0.6081324962846137,0.7846596580406169,16723.0,1,1,Sensory,NGHS,6,TT,1,343055
6,0.5764416385596168,0.8562277115892495,16986.0,1,1,Sensory,NGHS,6,TT,1,343056
7,0.6033654997262765,0.8204664096375295,16610.0,1,1,Sensory,NGHS,6,TT,1,343057
8,0.5922270119671242,0.7626948875123526,16750.0,1,1,Sensory,NGHS,6,TT,1,343058
9,0.6063609564863247,0.77945372372992,17383.0,1,1,Sensory,NGHS,6,TT,1,343059
10,0.590136247316855,0.751521760492039,16579.0,1,1,Sensory,NGHS,6,TT,1,343060
11,0.6052939607616259,0.8288024509469114,17273.0,1,1,Sensory,NGHS,6,TT,1,343061
12,0.587382773933913,0.8217811885236755,16765.0,1,1,Sensory,NGHS,6,TT,1,343062
13,0.6041703594292036,0.8649826211828171,16609.0,1,1,Sensory,NGHS,6,TT,1,343063
14,0.5987103043349833,0.8281706380051902,17460.0,1,1,Sensory,NGHS,6,TT,1,343064
15,0.6106996074132371,0.7908370869285916,24196.0,1,1,Sensory,NGHS,6,TT,1,343065
16,0.5952695740247269,0.8021619154887006,16156.0,1,1,Sensory,NGHS,6,TT,1,343066
17,0.6079850426080838,0.8250260186816034,20914.0,1,1,Sensory,NGHS,6,TT,1,343067
18,0.590169934556944,0.7591604508224378,16266.0,1,1,Sensory,NGHS,6,TT,1,343068
19,0.5948442511320655,0.8527713797758271,16860.0,1,1,Sensory,NGHS,6,TT,1,343069
20,0.5960605069734022,0.8508002413055274,22713.0,1,1,Sensory,NGHS,6,TT,1,343070
21,0.5975031104140361,0.7571169289414659,16719.0,1,1,Sensory,NGHS,6,TT,1,343071
22,0.5969457010874464,0.7989553115193481,22788.0,1,1,Sensory,NGHS,6,TT,1,343072
23,0.6101504667989822,0.8611431244241385,16766.0,1,1,Sensory,NGHS,6,TT,1,343073
24,0.5991100045462515,0.818478764301892,17199.0,1,1,Sensory,NGHS,6,TT,1,343074
25,0.587598146739294,0.8457323049537123,16765.0,1,1,Sensory,NGHS,6,TT,1,343075
26,0.6021200288819057,0.7722101703745806,22885.0,1,1,Sensory,NGHS,6,TT,1,343076
27,0.5991406029464432,0.7866676302429462,29040.0,1,1,Sensory,NGHS,6,TT,1,343077
28,0.594941861369794,0.7921036590574421,22249.0,1,1,Sensory,NGHS,6,TT,1,343078
29,0.6062778003370733,0.8259826400794591,16812.0,1,1,Sensory,NGHS,6,TT,1,343079
30,0.5993627970068731,0.8103278139803501,16313.0,1,1,Sensory,NGHS,6,TT,1,354635
31,0.6026709252483758,0.8178370052620102,19297.0,1,1,Sensory,NGHS,6,TT,1,352155
32,0.613579590372384,0.7569669022031352,18594.0,1,1,Sensory,NGHS,6,TT,1,352195
33,0.6114596032729761,0.7659835531117049,21999.0,1,1,Sensory,NGHS,6,TT,1,352235