
0,0.014285714285714285,0.7333333333333334,3688.0,1,1,Fertility,NGHS,7,TT,1,343530
1,0.014285714285714285,0.8666666666666667,4266.0,1,1,Fertility,NGHS,7,TT,1,343531
2,0.014285714285714285,0.7666666666666666,5617.0,1,1,Fertility,NGHS,7,TT,1,343532
3,0.014285714285714285,0.8333333333333334,3656.0,1,1,Fertility,NGHS,7,TT,1,343533
4,0.014285714285714285,0.8,3828.0,1,1,Fertility,NGHS,7,TT,1,343534
5,0.014285714285714285,0.8666666666666667,3862.0,1,1,Fertility,NGHS,7,TT,1,343535
6,0.014285714285714285,0.7666666666666666,3823.0,1,1,Fertility,NGHS,7,TT,1,343536
7,0.014285714285714285,0.7666666666666666,3734.0,1,1,Fertility,NGHS,7,TT,1,343537
8,0.014285714285714285,0.7666666666666666,3901.0,1,1,Fertility,NGHS,7,TT,1,343538
9,0.014285714285714285,0.8666666666666667,4302.0,1,1,Fertility,NGHS,7,TT,1,343539
10,0.014285714285714285,0.7666666666666666,4283.0,1,1,Fertility,NGHS,7,TT,1,343540
11,0.014285714285714285,0.7333333333333334,3766.0,1,1,Fertility,NGHS,7,TT,1,343541
12,0.014285714285714285,0.7666666666666666,3837.0,1,1,Fertility,NGHS,7,TT,1,343542
13,0.014285714285714285,0.8333333333333334,3890.0,1,1,Fertility,NGHS,7,TT,1,343543
14,0.014285714285714285,0.8333333333333334,3846.0,1,1,Fertility,NGHS,7,TT,1,343544
15,0.014285714285714285,0.8333333333333334,3735.0,1,1,Fertility,NGHS,7,TT,1,343545
16,0.014285714285714285,0.8333333333333334,3750.0,1,1,Fertility,NGHS,7,TT,1,343546
17,0.014285714285714285,0.8,3893.0,1,1,Fertility,NGHS,7,TT,1,343547
18,0.014285714285714285,0.8333333333333334,3827.0,1,1,Fertility,NGHS,7,TT,1,343548
19,0.014285714285714285,0.8,4563.0,1,1,Fertility,NGHS,7,TT,1,343549
20,0.014285714285714285,0.8,3937.0,1,1,Fertility,NGHS,7,TT,1,343550
21,0.014285714285714285,0.7333333333333334,3672.0,1,1,Fertility,NGHS,7,TT,1,343551
22,0.014285714285714285,0.9,3766.0,1,1,Fertility,NGHS,7,TT,1,343552
23,0.014285714285714285,0.8,4220.0,1,1,Fertility,NGHS,7,TT,1,343553
24,0.014285714285714285,0.7333333333333334,3657.0,1,1,Fertility,NGHS,7,TT,1,343554
25,0.014285714285714285,0.8333333333333334,3922.0,1,1,Fertility,NGHS,7,TT,1,343555
26,0.014285714285714285,0.8,3840.0,1,1,Fertility,NGHS,7,TT,1,343556
27,0.014285714285714285,0.8333333333333334,3718.0,1,1,Fertility,NGHS,7,TT,1,343557
28,0.014285714285714285,0.8333333333333334,3834.0,1,1,Fertility,NGHS,7,TT,1,343558
29,0.014285714285714285,0.7333333333333334,3896.0,1,1,Fertility,NGHS,7,TT,1,343559
30,0.014285714285714285,0.8666666666666667,4078.0,1,1,Fertility,NGHS,7,TT,1,355851
31,0.014285714285714285,0.8333333333333334,4797.0,1,1,Fertility,NGHS,7,TT,1,353491
32,0.014285714285714285,0.7333333333333334,4875.0,1,1,Fertility,NGHS,7,TT,1,353531
33,0.014285714285714285,0.8,5328.0,1,1,Fertility,NGHS,7,TT,1,353571