
0,0.07142857142857142,0.5833333333333333,7219.0,1,1,Glass,NGHS,8,TT,1,344760
1,0.08441558441558442,0.7,7234.0,1,1,Glass,NGHS,8,TT,1,344761
2,0.07792207792207792,0.6333333333333333,7266.0,1,1,Glass,NGHS,8,TT,1,344762
3,0.07142857142857142,0.5833333333333333,7432.0,1,1,Glass,NGHS,8,TT,1,344763
4,0.08441558441558442,0.6333333333333333,7344.0,1,1,Glass,NGHS,8,TT,1,344764
5,0.07142857142857142,0.65,7328.0,1,1,Glass,NGHS,8,TT,1,344765
6,0.07792207792207792,0.6166666666666667,7000.0,1,1,Glass,NGHS,8,TT,1,344766
7,0.07142857142857142,0.6666666666666667,7016.0,1,1,Glass,NGHS,8,TT,1,344767
8,0.07142857142857142,0.6833333333333333,7425.0,1,1,Glass,NGHS,8,TT,1,344768
9,0.06493506493506493,0.6166666666666667,7297.0,1,1,Glass,NGHS,8,TT,1,344769
10,0.07792207792207792,0.65,9827.0,1,1,Glass,NGHS,8,TT,1,344770
11,0.08441558441558442,0.6,7297.0,1,1,Glass,NGHS,8,TT,1,344771
12,0.07142857142857142,0.6333333333333333,7458.0,1,1,Glass,NGHS,8,TT,1,344772
13,0.06493506493506493,0.6166666666666667,7422.0,1,1,Glass,NGHS,8,TT,1,344773
14,0.07792207792207792,0.5666666666666667,8146.0,1,1,Glass,NGHS,8,TT,1,344774
15,0.07792207792207792,0.65,6060.0,1,1,Glass,NGHS,8,TT,1,344775
16,0.07142857142857142,0.6666666666666667,7376.0,1,1,Glass,NGHS,8,TT,1,344776
17,0.07792207792207792,0.65,7235.0,1,1,Glass,NGHS,8,TT,1,344777
18,0.08441558441558442,0.7,7219.0,1,1,Glass,NGHS,8,TT,1,344778
19,0.07142857142857142,0.6333333333333333,8186.0,1,1,Glass,NGHS,8,TT,1,344779
20,0.07792207792207792,0.5666666666666667,7496.0,1,1,Glass,NGHS,8,TT,1,344780
21,0.07792207792207792,0.6333333333333333,7282.0,1,1,Glass,NGHS,8,TT,1,344781
22,0.08441558441558442,0.65,7421.0,1,1,Glass,NGHS,8,TT,1,344782
23,0.06493506493506493,0.6833333333333333,7313.0,1,1,Glass,NGHS,8,TT,1,344783
24,0.07142857142857142,0.65,8733.0,1,1,Glass,NGHS,8,TT,1,344784
25,0.08441558441558442,0.6333333333333333,7443.0,1,1,Glass,NGHS,8,TT,1,344785
26,0.06493506493506493,0.6166666666666667,7328.0,1,1,Glass,NGHS,8,TT,1,344786
27,0.07792207792207792,0.6166666666666667,8628.0,1,1,Glass,NGHS,8,TT,1,344787
28,0.07792207792207792,0.6666666666666667,8230.0,1,1,Glass,NGHS,8,TT,1,344788
29,0.08441558441558442,0.6166666666666667,10514.0,1,1,Glass,NGHS,8,TT,1,344789
30,0.05844155844155844,0.6333333333333333,7563.0,1,1,Glass,NGHS,8,TT,1,357092
31,0.08441558441558442,0.6666666666666667,9906.0,1,1,Glass,NGHS,8,TT,1,354852
32,0.06493506493506493,0.65,10203.0,1,1,Glass,NGHS,8,TT,1,354892
33,0.07142857142857142,0.65,10000.0,1,1,Glass,NGHS,8,TT,1,354932