
0,0.008547008547008548,0.9230769230769231,11776.0,1,1,Ionosphere,NGHS,8,TT,1,344910
1,0.01282051282051282,0.9145299145299145,11562.0,1,1,Ionosphere,NGHS,8,TT,1,344911
2,0.01282051282051282,0.8803418803418803,16148.0,1,1,Ionosphere,NGHS,8,TT,1,344912
3,0.008547008547008548,0.8547008547008547,11687.0,1,1,Ionosphere,NGHS,8,TT,1,344913
4,0.01282051282051282,0.8717948717948718,11656.0,1,1,Ionosphere,NGHS,8,TT,1,344914
5,0.01282051282051282,0.8888888888888888,11900.0,1,1,Ionosphere,NGHS,8,TT,1,344915
6,0.008547008547008548,0.9401709401709402,16980.0,1,1,Ionosphere,NGHS,8,TT,1,344916
7,0.01282051282051282,0.8803418803418803,12899.0,1,1,Ionosphere,NGHS,8,TT,1,344917
8,0.01282051282051282,0.9230769230769231,13286.0,1,1,Ionosphere,NGHS,8,TT,1,344918
9,0.01282051282051282,0.9145299145299145,13097.0,1,1,Ionosphere,NGHS,8,TT,1,344919
10,0.01282051282051282,0.8803418803418803,13054.0,1,1,Ionosphere,NGHS,8,TT,1,344920
11,0.01282051282051282,0.8803418803418803,13820.0,1,1,Ionosphere,NGHS,8,TT,1,344921
12,0.01282051282051282,0.8461538461538461,13916.0,1,1,Ionosphere,NGHS,8,TT,1,344922
13,0.008547008547008548,0.905982905982906,16154.0,1,1,Ionosphere,NGHS,8,TT,1,344923
14,0.008547008547008548,0.905982905982906,9592.0,1,1,Ionosphere,NGHS,8,TT,1,344924
15,0.017094017094017096,0.8974358974358975,11580.0,1,1,Ionosphere,NGHS,8,TT,1,344925
16,0.01282051282051282,0.8717948717948718,11485.0,1,1,Ionosphere,NGHS,8,TT,1,344926
17,0.008547008547008548,0.8717948717948718,11792.0,1,1,Ionosphere,NGHS,8,TT,1,344927
18,0.01282051282051282,0.9230769230769231,11563.0,1,1,Ionosphere,NGHS,8,TT,1,344928
19,0.01282051282051282,0.8888888888888888,11579.0,1,1,Ionosphere,NGHS,8,TT,1,344929
20,0.008547008547008548,0.9316239316239316,17069.0,1,1,Ionosphere,NGHS,8,TT,1,344930
21,0.008547008547008548,0.8717948717948718,11777.0,1,1,Ionosphere,NGHS,8,TT,1,344931
22,0.01282051282051282,0.8803418803418803,13169.0,1,1,Ionosphere,NGHS,8,TT,1,344932
23,0.01282051282051282,0.9145299145299145,11406.0,1,1,Ionosphere,NGHS,8,TT,1,344933
24,0.01282051282051282,0.905982905982906,11515.0,1,1,Ionosphere,NGHS,8,TT,1,344934
25,0.01282051282051282,0.905982905982906,11360.0,1,1,Ionosphere,NGHS,8,TT,1,344935
26,0.017094017094017096,0.905982905982906,11609.0,1,1,Ionosphere,NGHS,8,TT,1,344936
27,0.01282051282051282,0.8803418803418803,11853.0,1,1,Ionosphere,NGHS,8,TT,1,344937
28,0.01282051282051282,0.8803418803418803,11647.0,1,1,Ionosphere,NGHS,8,TT,1,344938
29,0.01282051282051282,0.8974358974358975,11078.0,1,1,Ionosphere,NGHS,8,TT,1,344939
30,0.01282051282051282,0.9230769230769231,11235.0,1,1,Ionosphere,NGHS,8,TT,1,357097
31,0.008547008547008548,0.905982905982906,16187.0,1,1,Ionosphere,NGHS,8,TT,1,354857
32,0.01282051282051282,0.9145299145299145,15344.0,1,1,Ionosphere,NGHS,8,TT,1,354897
33,0.008547008547008548,0.8632478632478633,15797.0,1,1,Ionosphere,NGHS,8,TT,1,354937