
0,0.339737108190091,0.5777777777777777,44929.0,1,1,Yeast,NGHS,8,TT,1,345270
1,0.33771486349848334,0.5696969696969697,35532.0,1,1,Yeast,NGHS,8,TT,1,345271
2,0.3356926188068756,0.5737373737373737,50024.0,1,1,Yeast,NGHS,8,TT,1,345272
3,0.3356926188068756,0.5737373737373737,41328.0,1,1,Yeast,NGHS,8,TT,1,345273
4,0.3346814964610718,0.5717171717171717,59929.0,1,1,Yeast,NGHS,8,TT,1,345274
5,0.33771486349848334,0.5717171717171717,45672.0,1,1,Yeast,NGHS,8,TT,1,345275
6,0.34074823053589487,0.5838383838383838,59491.0,1,1,Yeast,NGHS,8,TT,1,345276
7,0.33872598584428715,0.5858585858585859,51582.0,1,1,Yeast,NGHS,8,TT,1,345277
8,0.339737108190091,0.591919191919192,44509.0,1,1,Yeast,NGHS,8,TT,1,345278
9,0.33872598584428715,0.5797979797979798,47915.0,1,1,Yeast,NGHS,8,TT,1,345279
10,0.33771486349848334,0.591919191919192,64175.0,1,1,Yeast,NGHS,8,TT,1,345280
11,0.33771486349848334,0.5838383838383838,46870.0,1,1,Yeast,NGHS,8,TT,1,345281
12,0.33771486349848334,0.5777777777777777,48337.0,1,1,Yeast,NGHS,8,TT,1,345282
13,0.3346814964610718,0.5777777777777777,51554.0,1,1,Yeast,NGHS,8,TT,1,345283
14,0.33872598584428715,0.5818181818181818,41312.0,1,1,Yeast,NGHS,8,TT,1,345284
15,0.33771486349848334,0.5818181818181818,57756.0,1,1,Yeast,NGHS,8,TT,1,345285
16,0.3346814964610718,0.5838383838383838,46240.0,1,1,Yeast,NGHS,8,TT,1,345286
17,0.3367037411526795,0.5797979797979798,48228.0,1,1,Yeast,NGHS,8,TT,1,345287
18,0.34074823053589487,0.5838383838383838,50488.0,1,1,Yeast,NGHS,8,TT,1,345288
19,0.339737108190091,0.5717171717171717,48100.0,1,1,Yeast,NGHS,8,TT,1,345289
20,0.339737108190091,0.5696969696969697,45266.0,1,1,Yeast,NGHS,8,TT,1,345290
21,0.3356926188068756,0.5777777777777777,46189.0,1,1,Yeast,NGHS,8,TT,1,345291
22,0.34074823053589487,0.5838383838383838,57366.0,1,1,Yeast,NGHS,8,TT,1,345292
23,0.34074823053589487,0.5737373737373737,35560.0,1,1,Yeast,NGHS,8,TT,1,345293
24,0.3356926188068756,0.5676767676767677,41328.0,1,1,Yeast,NGHS,8,TT,1,345294
25,0.33872598584428715,0.5717171717171717,44937.0,1,1,Yeast,NGHS,8,TT,1,345295
26,0.33872598584428715,0.5898989898989899,49834.0,1,1,Yeast,NGHS,8,TT,1,345296
27,0.34074823053589487,0.5858585858585859,45656.0,1,1,Yeast,NGHS,8,TT,1,345297
28,0.33771486349848334,0.5818181818181818,44432.0,1,1,Yeast,NGHS,8,TT,1,345298
29,0.3367037411526795,0.5838383838383838,41328.0,1,1,Yeast,NGHS,8,TT,1,345299
30,0.339737108190091,0.5818181818181818,41609.0,1,1,Yeast,NGHS,8,TT,1,357109
31,0.33771486349848334,0.595959595959596,57016.0,1,1,Yeast,NGHS,8,TT,1,354869
32,0.3367037411526795,0.5777777777777777,58610.0,1,1,Yeast,NGHS,8,TT,1,354909
33,0.33771486349848334,0.5757575757575757,58563.0,1,1,Yeast,NGHS,8,TT,1,354949