
0,1.3858190341635577,13.445902859856789,10125.0,1,1,Cpu,IHS,0,TT,0,124620
1,1.3695689642756126,67.51518023533899,6672.0,1,1,Cpu,IHS,0,TT,0,152671
2,1.217477033408158,10.788295862565295,6765.0,1,1,Cpu,IHS,0,TT,0,152672
3,1.2583344046316827,34.59738888289345,10235.0,1,1,Cpu,IHS,0,TT,0,124623
4,1.266089679773203,35.94792278164725,6835.0,1,1,Cpu,IHS,0,TT,0,152674
5,1.244407384749072,18.168831698689914,9212.0,1,1,Cpu,IHS,0,TT,0,152675
6,1.2239050486385188,5.239540510278234,8333.0,1,1,Cpu,IHS,0,TT,0,152676
7,1.317801880325181,44.02401734667157,8593.0,1,1,Cpu,IHS,0,TT,0,152677
8,1.3236950152062223,4.703686475787664,7316.0,1,1,Cpu,IHS,0,TT,0,152678
9,1.3052697112305973,104.03135219998346,9145.0,1,1,Cpu,IHS,0,TT,0,152679
10,1.2565174201364848,10.326552890141237,6842.0,1,1,Cpu,IHS,0,TT,0,152680
11,1.2562927096708327,23.88499136845664,9084.0,1,1,Cpu,IHS,0,TT,0,152681
12,1.326701846658796,16.294606398674173,7393.0,1,1,Cpu,IHS,0,TT,0,152682
13,1.3126156335186672,13.737468104273349,9953.0,1,1,Cpu,IHS,0,TT,0,124633
14,1.3226628986336046,54.38278205609661,9210.0,1,1,Cpu,IHS,0,TT,0,152684
15,1.2437428066772351,38.55617651011056,5947.0,1,1,Cpu,IHS,0,TT,0,152685
16,1.3028754061553152,26.056872410037663,5998.0,1,1,Cpu,IHS,0,TT,0,152686
17,1.2819335458576009,94.63768306021277,8366.0,1,1,Cpu,IHS,0,TT,0,152687
18,1.301229911030952,43.029772870373044,7518.0,1,1,Cpu,IHS,0,TT,0,152688
19,1.297038741208444,8.556807367700742,7565.0,1,1,Cpu,IHS,0,TT,0,152689
20,1.2532686126580548,12.180740909675674,10219.0,1,1,Cpu,IHS,0,TT,0,124640
21,1.3137249389147918,42.555105529100764,6703.0,1,1,Cpu,IHS,0,TT,0,152691
22,1.300257470214902,30.50249582667425,6687.0,1,1,Cpu,IHS,0,TT,0,152692
23,1.3169395275732028,28.265792630737717,8310.0,1,1,Cpu,IHS,0,TT,0,152693
24,1.366562970257592,10.026102244933593,6779.0,1,1,Cpu,IHS,0,TT,0,152694
25,1.3038715485538441,30.847805216007018,6703.0,1,1,Cpu,IHS,0,TT,0,152695
26,1.3010112106743545,28.652540035069784,6703.0,1,1,Cpu,IHS,0,TT,0,152696
27,1.2078159109062268,50.967852216348774,9938.0,1,1,Cpu,IHS,0,TT,0,124647
28,1.2540004602515409,51.29877803764116,6818.0,1,1,Cpu,IHS,0,TT,0,152698
29,1.3704483780909271,42.986963699367216,6783.0,1,1,Cpu,IHS,0,TT,0,152699
31,1.2791887154735067,129.02905898744174,6749.0,1,1,Cpu,IHS,0,TT,0,152701
32,1.2926969356533071,51.120640594326176,6780.0,1,1,Cpu,IHS,0,TT,0,152702
33,1.3008629893664594,19.76332832573527,6788.0,1,1,Cpu,IHS,0,TT,0,152703
34,1.2794644242183195,45.98647440975532,6609.0,1,1,Cpu,IHS,0,TT,0,152704
30,1.2669929881502282,28.513372971133904,7031.0,1,1,Cpu,IHS,0,TT,0,130194