
0,0.399,0.5517970401691332,43461.0,1,1,Contraceptive,IHS,11,TT,0,167895
1,0.403,0.5496828752642706,47434.0,1,1,Contraceptive,IHS,11,TT,0,167896
2,0.4,0.5602536997885835,70312.0,1,1,Contraceptive,IHS,11,TT,0,167897
3,0.401,0.5665961945031712,56672.0,1,1,Contraceptive,IHS,11,TT,0,167898
4,0.403,0.562367864693446,55125.0,1,1,Contraceptive,IHS,11,TT,0,167899
5,0.406,0.547568710359408,47428.0,1,1,Contraceptive,IHS,11,TT,0,167900
6,0.396,0.5369978858350951,47010.0,1,1,Contraceptive,IHS,11,TT,0,167901
7,0.4,0.53276955602537,41889.0,1,1,Contraceptive,IHS,11,TT,0,167902
8,0.401,0.5433403805496828,43608.0,1,1,Contraceptive,IHS,11,TT,0,167903
9,0.401,0.5285412262156448,41656.0,1,1,Contraceptive,IHS,11,TT,0,167904
10,0.401,0.5665961945031712,56953.0,1,1,Contraceptive,IHS,11,TT,0,167905
11,0.4,0.5581395348837209,40859.0,1,1,Contraceptive,IHS,11,TT,0,167906
12,0.405,0.53276955602537,42020.0,1,1,Contraceptive,IHS,11,TT,0,167907
13,0.405,0.5433403805496828,41834.0,1,1,Contraceptive,IHS,11,TT,0,167908
14,0.4,0.5264270613107822,43620.0,1,1,Contraceptive,IHS,11,TT,0,167909
15,0.402,0.5961945031712473,44597.0,1,1,Contraceptive,IHS,11,TT,0,167910
16,0.404,0.5391120507399577,42440.0,1,1,Contraceptive,IHS,11,TT,0,167911
17,0.404,0.5391120507399577,43677.0,1,1,Contraceptive,IHS,11,TT,0,167912
18,0.395,0.5602536997885835,58781.0,1,1,Contraceptive,IHS,11,TT,0,167913
19,0.398,0.5539112050739958,41645.0,1,1,Contraceptive,IHS,11,TT,0,167914
20,0.398,0.5496828752642706,42109.0,1,1,Contraceptive,IHS,11,TT,0,167915
21,0.402,0.5750528541226216,41975.0,1,1,Contraceptive,IHS,11,TT,0,167916
22,0.399,0.5581395348837209,43906.0,1,1,Contraceptive,IHS,11,TT,0,167917
23,0.399,0.547568710359408,41944.0,1,1,Contraceptive,IHS,11,TT,0,167918
24,0.396,0.5560253699788584,41906.0,1,1,Contraceptive,IHS,11,TT,0,167919
25,0.401,0.5412262156448203,46732.0,1,1,Contraceptive,IHS,11,TT,0,167920
26,0.399,0.5602536997885835,41094.0,1,1,Contraceptive,IHS,11,TT,0,167921
27,0.398,0.5517970401691332,44544.0,1,1,Contraceptive,IHS,11,TT,0,167922
28,0.395,0.5433403805496828,42933.0,1,1,Contraceptive,IHS,11,TT,0,167923
29,0.398,0.5750528541226216,42943.0,1,1,Contraceptive,IHS,11,TT,0,167924
30,0.402,0.5433403805496828,41953.0,1,1,Contraceptive,IHS,11,TT,0,167925
31,0.401,0.5644820295983086,55491.0,1,1,Contraceptive,IHS,11,TT,0,167926
32,0.402,0.5771670190274841,60987.0,1,1,Contraceptive,IHS,11,TT,0,167927
33,0.402,0.547568710359408,41719.0,1,1,Contraceptive,IHS,11,TT,0,167928
34,0.4,0.5412262156448203,42931.0,1,1,Contraceptive,IHS,11,TT,0,167929