
0,0.6972195119835253,0.7802417291889387,21349.0,1,1,Sensory,IHS,11,TT,0,168875
1,0.695551809409221,0.8227472810210914,21419.0,1,1,Sensory,IHS,11,TT,0,168876
2,0.6997725479697304,0.7613400633328902,16349.0,1,1,Sensory,IHS,11,TT,0,168877
3,0.7004567435969192,0.8241619678565343,16300.0,1,1,Sensory,IHS,11,TT,0,168878
4,0.7000300319892909,0.8085832678101177,17442.0,1,1,Sensory,IHS,11,TT,0,168879
5,0.7004490443914433,0.8317315273113143,23500.0,1,1,Sensory,IHS,11,TT,0,168880
6,0.7117710005946974,0.7873555037673424,24890.0,1,1,Sensory,IHS,11,TT,0,137856
7,0.6950739221072584,0.7730286295167677,23384.0,1,1,Sensory,IHS,11,TT,0,168882
8,0.7013556426312947,0.8069103652199363,24938.0,1,1,Sensory,IHS,11,TT,0,137858
9,0.7077477780027451,0.7895834085097275,23432.0,1,1,Sensory,IHS,11,TT,0,168884
10,0.6903597477252571,0.7792576778015952,24453.0,1,1,Sensory,IHS,11,TT,0,137860
11,0.708683533576708,0.7982369558495295,17125.0,1,1,Sensory,IHS,11,TT,0,168886
12,0.6957895681087067,0.7995399604932458,23050.0,1,1,Sensory,IHS,11,TT,0,168887
13,0.7006358525838655,0.8062858729036114,16230.0,1,1,Sensory,IHS,11,TT,0,168888
14,0.704458149897399,0.7963218687409997,25204.0,1,1,Sensory,IHS,11,TT,0,137864
15,0.6932518765568273,0.7949548425783549,17125.0,1,1,Sensory,IHS,11,TT,0,168890
16,0.7059757082509591,0.7656648573532139,23682.0,1,1,Sensory,IHS,11,TT,0,168891
17,0.7023032883393475,0.8175221041402678,17187.0,1,1,Sensory,IHS,11,TT,0,168892
18,0.7003831686931327,0.8365139520945114,23239.0,1,1,Sensory,IHS,11,TT,0,168893
19,0.703685423803281,0.8022124485725262,17238.0,1,1,Sensory,IHS,11,TT,0,168894
20,0.7078708465674342,0.8305934401047779,24500.0,1,1,Sensory,IHS,11,TT,0,137870
21,0.6980957877567602,0.8270288691780875,24890.0,1,1,Sensory,IHS,11,TT,0,137871
22,0.6926406730188983,0.7597169881285122,17122.0,1,1,Sensory,IHS,11,TT,0,168897
23,0.6915334804273489,0.79343040021507,17424.0,1,1,Sensory,IHS,11,TT,0,168898
24,0.7024093222593957,0.7620194897156717,17389.0,1,1,Sensory,IHS,11,TT,0,168899
25,0.705872433246967,0.7920517713998857,17195.0,1,1,Sensory,IHS,11,TT,0,168900
26,0.6941231034826254,0.7911458000140946,19160.0,1,1,Sensory,IHS,11,TT,0,168901
27,0.6979978416267925,0.8203532975887718,18741.0,1,1,Sensory,IHS,11,TT,0,168902
28,0.6997703832011423,0.8232840063111111,24453.0,1,1,Sensory,IHS,11,TT,0,137878
29,0.6969062423449462,0.8276481039578256,25172.0,1,1,Sensory,IHS,11,TT,0,137879
30,0.7052763333417409,0.8001984142441567,16875.0,1,1,Sensory,IHS,11,TT,0,168905
31,0.7019461929375954,0.8136916334293866,23399.0,1,1,Sensory,IHS,11,TT,0,168906
32,0.6950541057744075,0.8432501141211026,23668.0,1,1,Sensory,IHS,11,TT,0,168907
33,0.7002737585210055,0.8182495205529982,23668.0,1,1,Sensory,IHS,11,TT,0,168908
34,0.7088466894388821,0.7744770969927751,18876.0,1,1,Sensory,IHS,11,TT,0,168909