
0,0.0,1.0,36500.0,1,1,Banknote,IHS,12,TT,0,169155
1,0.0,0.9977777777777778,40382.0,1,1,Banknote,IHS,12,TT,0,169156
2,0.0,0.9977777777777778,38652.0,1,1,Banknote,IHS,12,TT,0,169157
3,0.0,1.0,40089.0,1,1,Banknote,IHS,12,TT,0,169158
4,0.0,0.9977777777777778,46978.0,1,1,Banknote,IHS,12,TT,0,169159
5,0.0,0.9977777777777778,47126.0,1,1,Banknote,IHS,12,TT,0,169160
6,0.0,1.0,53037.0,1,1,Banknote,IHS,12,TT,0,169161
7,0.0,1.0,46968.0,1,1,Banknote,IHS,12,TT,0,169162
8,0.0,1.0,48484.0,1,1,Banknote,IHS,12,TT,0,169163
9,0.0,1.0,53279.0,1,1,Banknote,IHS,12,TT,0,169164
10,0.0,1.0,36531.0,1,1,Banknote,IHS,12,TT,0,169165
11,0.0,1.0,36937.0,1,1,Banknote,IHS,12,TT,0,169166
12,0.0,1.0,41771.0,1,1,Banknote,IHS,12,TT,0,169167
13,0.0,1.0,49453.0,1,1,Banknote,IHS,12,TT,0,169168
14,0.0,1.0,35969.0,1,1,Banknote,IHS,12,TT,0,169169
15,0.0,1.0,42476.0,1,1,Banknote,IHS,12,TT,0,169170
16,0.0,1.0,52933.0,1,1,Banknote,IHS,12,TT,0,169171
17,0.0,1.0,38868.0,1,1,Banknote,IHS,12,TT,0,169172
18,0.0,1.0,37812.0,1,1,Banknote,IHS,12,TT,0,169173
19,0.0,1.0,36984.0,1,1,Banknote,IHS,12,TT,0,169174
20,0.0,0.9977777777777778,37672.0,1,1,Banknote,IHS,12,TT,0,169175
21,0.0,1.0,39828.0,1,1,Banknote,IHS,12,TT,0,169176
22,0.0,1.0,36625.0,1,1,Banknote,IHS,12,TT,0,169177
23,0.0,1.0,37969.0,1,1,Banknote,IHS,12,TT,0,169178
24,0.0,1.0,37766.0,1,1,Banknote,IHS,12,TT,0,169179
25,0.0,1.0,39406.0,1,1,Banknote,IHS,12,TT,0,169180
26,0.0,0.9977777777777778,44193.0,1,1,Banknote,IHS,12,TT,0,169181
27,0.0,1.0,49422.0,1,1,Banknote,IHS,12,TT,0,169182
28,0.0,0.9977777777777778,35796.0,1,1,Banknote,IHS,12,TT,0,169183
29,0.0,0.9977777777777778,38782.0,1,1,Banknote,IHS,12,TT,0,169184
30,0.0,1.0,39848.0,1,1,Banknote,IHS,12,TT,0,169185
31,0.0,1.0,50859.0,1,1,Banknote,IHS,12,TT,0,169186
32,0.0,1.0,40330.0,1,1,Banknote,IHS,12,TT,0,169187
33,0.0,1.0,37953.0,1,1,Banknote,IHS,12,TT,0,169188
34,0.0,0.9977777777777778,40071.0,1,1,Banknote,IHS,12,TT,0,169189