
0,73.79049729725554,188.02015120653812,7406.0,1,1,Veteran,IHS,14,TT,0,141510
1,69.56211920721819,279.41771995556275,4875.0,1,1,Veteran,IHS,14,TT,0,173356
2,71.2191414696198,534.143304323504,7422.0,1,1,Veteran,IHS,14,TT,0,141512
3,72.29912438614694,244.84873153439716,4990.0,1,1,Veteran,IHS,14,TT,0,173358
4,74.1754008035522,359.5382072751709,4859.0,1,1,Veteran,IHS,14,TT,0,173359
5,71.11873102425591,314.6326262257164,4875.0,1,1,Veteran,IHS,14,TT,0,173360
6,70.95709997618265,207.71589706453298,4860.0,1,1,Veteran,IHS,14,TT,0,173361
7,70.43694851808121,284.9148557935987,6013.0,1,1,Veteran,IHS,14,TT,0,173362
8,70.69682700782722,378.32526908573294,4875.0,1,1,Veteran,IHS,14,TT,0,173363
9,72.48996865444246,241.7165374747687,4954.0,1,1,Veteran,IHS,14,TT,0,173364
10,72.73675614708198,329.91271631666086,6164.0,1,1,Veteran,IHS,14,TT,0,173365
11,72.02285954681619,251.16610705048544,7360.0,1,1,Veteran,IHS,14,TT,0,141521
12,74.6124355201739,388.9333818157575,4605.0,1,1,Veteran,IHS,14,TT,0,173367
13,72.8243765935276,208.86179717549132,4875.0,1,1,Veteran,IHS,14,TT,0,173368
14,72.9641783358876,211.75987429681146,4933.0,1,1,Veteran,IHS,14,TT,0,173369
15,72.16339432237098,265.22332368323276,6703.0,1,1,Veteran,IHS,14,TT,0,173370
16,71.74028961815245,374.78569018604065,4875.0,1,1,Veteran,IHS,14,TT,0,173371
17,72.4504792862599,208.89706653510785,7156.0,1,1,Veteran,IHS,14,TT,0,141527
18,69.23747467659712,227.86244630372298,6026.0,1,1,Veteran,IHS,14,TT,0,173373
19,73.39536484546564,253.38573821021595,6743.0,1,1,Veteran,IHS,14,TT,0,173374
20,72.81732843014458,259.8136739029346,5336.0,1,1,Veteran,IHS,14,TT,0,173375
21,72.80475801446642,167.47917989776275,4895.0,1,1,Veteran,IHS,14,TT,0,173376
22,74.33669443363058,284.28911909220966,7437.0,1,1,Veteran,IHS,14,TT,0,141532
23,71.0526026593356,166.8074600750662,4954.0,1,1,Veteran,IHS,14,TT,0,173378
24,72.0499406673993,326.9349240783268,4927.0,1,1,Veteran,IHS,14,TT,0,173379
25,71.74451543569863,231.49304520420097,4912.0,1,1,Veteran,IHS,14,TT,0,173380
26,72.29346745520513,301.82230504230023,4936.0,1,1,Veteran,IHS,14,TT,0,173381
27,69.74206947734513,308.9707665398757,4888.0,1,1,Veteran,IHS,14,TT,0,173382
28,68.95970983342072,477.5353367854673,5521.0,1,1,Veteran,IHS,14,TT,0,173383
29,70.43717305332571,192.887013081201,6102.0,1,1,Veteran,IHS,14,TT,0,173384
30,71.61264595359431,227.54710614166117,6010.0,1,1,Veteran,IHS,14,TT,0,173385
31,72.74709290692144,248.55732149883437,6141.0,1,1,Veteran,IHS,14,TT,0,173386
32,73.50676678337156,321.0837683231336,6706.0,1,1,Veteran,IHS,14,TT,0,173387
33,70.571595590314,229.3837182698961,4859.0,1,1,Veteran,IHS,14,TT,0,173388
34,70.49700059534031,208.78384284118798,4860.0,1,1,Veteran,IHS,14,TT,0,173389