
0,2.7968232721101223,5.020260944881927,15643.0,1,1,Housing,IHS,14,TT,0,173390
1,2.8306890274929395,4.373423163804811,21458.0,1,1,Housing,IHS,14,TT,0,173391
2,2.7760014039386545,4.407751087688907,21565.0,1,1,Housing,IHS,14,TT,0,173392
3,2.745666411733144,3.9055963211532294,15344.0,1,1,Housing,IHS,14,TT,0,173393
4,2.7764609054649836,4.115035710064747,21207.0,1,1,Housing,IHS,14,TT,0,173394
5,2.7885087436703584,4.197549237392176,15375.0,1,1,Housing,IHS,14,TT,0,173395
6,2.664603675740853,4.554293933559912,22891.0,1,1,Housing,IHS,14,TT,0,141546
7,2.7395425178876724,4.049617852001007,15701.0,1,1,Housing,IHS,14,TT,0,173397
8,2.702308625779966,4.154614733587644,22609.0,1,1,Housing,IHS,14,TT,0,141548
9,2.750632733596877,4.416178382205848,14688.0,1,1,Housing,IHS,14,TT,0,173399
10,2.690492163815938,3.8407593304079906,19649.0,1,1,Housing,IHS,14,TT,0,173400
11,2.766942630421582,3.8029534222123584,15469.0,1,1,Housing,IHS,14,TT,0,173401
12,2.781274664943442,4.455111530749412,15587.0,1,1,Housing,IHS,14,TT,0,173402
13,2.7798356886788067,4.650538931451798,15437.0,1,1,Housing,IHS,14,TT,0,173403
14,2.829719925236653,4.012727304887703,15688.0,1,1,Housing,IHS,14,TT,0,173404
15,2.739115512119009,3.884141006692647,19455.0,1,1,Housing,IHS,14,TT,0,173405
16,2.7549175172554268,4.067757523831305,15530.0,1,1,Housing,IHS,14,TT,0,173406
17,2.817051979603706,4.283438231513442,15726.0,1,1,Housing,IHS,14,TT,0,173407
18,2.7322488704237085,4.060663611031068,15616.0,1,1,Housing,IHS,14,TT,0,173408
19,2.7680606265596315,4.343719504086593,15579.0,1,1,Housing,IHS,14,TT,0,173409
20,2.6986267730506834,4.522742867763791,15571.0,1,1,Housing,IHS,14,TT,0,173410
21,2.780475329413746,4.5290960283322015,15668.0,1,1,Housing,IHS,14,TT,0,173411
22,2.7349789618644875,4.767502020559641,19746.0,1,1,Housing,IHS,14,TT,0,173412
23,2.7679069102343425,4.16928499595514,19803.0,1,1,Housing,IHS,14,TT,0,173413
24,2.741345966548751,3.9361838065864094,17495.0,1,1,Housing,IHS,14,TT,0,173414
25,2.7917726040436412,4.430360854851779,21464.0,1,1,Housing,IHS,14,TT,0,173415
26,2.69498387215463,4.479142391902764,20297.0,1,1,Housing,IHS,14,TT,0,173416
27,2.7226111892351805,4.36497954276158,19432.0,1,1,Housing,IHS,14,TT,0,173417
28,2.780200109080052,4.6208848214516065,15563.0,1,1,Housing,IHS,14,TT,0,173418
29,2.776660646847718,4.187245732376503,15563.0,1,1,Housing,IHS,14,TT,0,173419
30,2.792435905474453,4.752523646232703,15515.0,1,1,Housing,IHS,14,TT,0,173420
31,2.7324885324184285,4.256415497998558,19222.0,1,1,Housing,IHS,14,TT,0,173421
32,2.8198408549734206,4.90803802107774,20781.0,1,1,Housing,IHS,14,TT,0,173422
33,2.6682479791802356,3.713438274727346,20453.0,1,1,Housing,IHS,14,TT,0,173423