
0,0.0,0.9672131147540983,14496.0,1,1,Dermatology,IHS,2,TT,0,154420
1,0.0,0.9754098360655737,15469.0,1,1,Dermatology,IHS,2,TT,0,154421
2,0.0,0.9836065573770492,14331.0,1,1,Dermatology,IHS,2,TT,0,154422
3,0.0,0.9590163934426229,14372.0,1,1,Dermatology,IHS,2,TT,0,154423
4,0.0,0.9672131147540983,13990.0,1,1,Dermatology,IHS,2,TT,0,154424
5,0.0,0.9754098360655737,14171.0,1,1,Dermatology,IHS,2,TT,0,154425
6,0.0,0.9754098360655737,14208.0,1,1,Dermatology,IHS,2,TT,0,154426
7,0.0,0.9672131147540983,15297.0,1,1,Dermatology,IHS,2,TT,0,154427
8,0.0,0.9918032786885246,14295.0,1,1,Dermatology,IHS,2,TT,0,154428
9,0.0,0.9672131147540983,13985.0,1,1,Dermatology,IHS,2,TT,0,154429
10,0.0,0.9918032786885246,25469.0,1,1,Dermatology,IHS,2,TT,0,154710
11,0.0,0.9672131147540983,13828.0,1,1,Dermatology,IHS,2,TT,0,154431
12,0.0,0.9590163934426229,14225.0,1,1,Dermatology,IHS,2,TT,0,154432
13,0.0,0.9590163934426229,14953.0,1,1,Dermatology,IHS,2,TT,0,154713
14,0.0,0.9672131147540983,14371.0,1,1,Dermatology,IHS,2,TT,0,154434
15,0.0,0.9754098360655737,13984.0,1,1,Dermatology,IHS,2,TT,0,154435
16,0.0,0.9754098360655737,14109.0,1,1,Dermatology,IHS,2,TT,0,154436
17,0.0,0.9836065573770492,18234.0,1,1,Dermatology,IHS,2,TT,0,154717
18,0.0,0.9754098360655737,14182.0,1,1,Dermatology,IHS,2,TT,0,154438
19,0.0,0.9672131147540983,14313.0,1,1,Dermatology,IHS,2,TT,0,154439
20,0.0,0.9754098360655737,14590.0,1,1,Dermatology,IHS,2,TT,0,154440
21,0.0,0.9672131147540983,14605.0,1,1,Dermatology,IHS,2,TT,0,154441
22,0.0,0.9590163934426229,14421.0,1,1,Dermatology,IHS,2,TT,0,154442
23,0.0,0.9754098360655737,14395.0,1,1,Dermatology,IHS,2,TT,0,154443
24,0.0,0.9590163934426229,15387.0,1,1,Dermatology,IHS,2,TT,0,154444
25,0.0,0.9754098360655737,15063.0,1,1,Dermatology,IHS,2,TT,0,154445
26,0.0,0.9836065573770492,18141.0,1,1,Dermatology,IHS,2,TT,0,154446
27,0.0,0.9672131147540983,14844.0,1,1,Dermatology,IHS,2,TT,0,154447
28,0.0,0.9672131147540983,14729.0,1,1,Dermatology,IHS,2,TT,0,154448
29,0.0,0.9672131147540983,14000.0,1,1,Dermatology,IHS,2,TT,0,154729
30,0.0,0.9508196721311475,18055.0,1,1,Dermatology,IHS,2,TT,0,154450
31,0.0,0.9754098360655737,15336.0,1,1,Dermatology,IHS,2,TT,0,154451
32,0.0,0.9672131147540983,18009.0,1,1,Dermatology,IHS,2,TT,0,154452
33,0.0,0.9590163934426229,17979.0,1,1,Dermatology,IHS,2,TT,0,154453
34,0.0,0.9590163934426229,18740.0,1,1,Dermatology,IHS,2,TT,0,154454