
0,0.5941653997925787,1.4817487800843894,9376.0,1,1,BodyFat,IHS,3,TT,0,157255
1,0.6076911459671162,1.1943490109395203,8720.0,1,1,BodyFat,IHS,3,TT,0,157256
2,0.6465986010463153,1.1938413837930828,8532.0,1,1,BodyFat,IHS,3,TT,0,157257
3,0.6367417332069865,1.1697191720374165,8722.0,1,1,BodyFat,IHS,3,TT,0,157258
4,0.6187300653723092,1.0450528531625953,9679.0,1,1,BodyFat,IHS,3,TT,0,157259
5,0.6313587089716465,1.1627381387158195,8516.0,1,1,BodyFat,IHS,3,TT,0,157260
6,0.6531719567042179,1.2597011471859174,9335.0,1,1,BodyFat,IHS,3,TT,0,157261
7,0.6378825515315918,1.9434561729719309,9327.0,1,1,BodyFat,IHS,3,TT,0,157262
8,0.638716955319141,1.0710267241975124,8531.0,1,1,BodyFat,IHS,3,TT,0,157263
9,0.6309461199072595,1.1898645765864952,15297.0,1,1,BodyFat,IHS,3,TT,0,128379
10,0.6378848074466669,1.3744591835792284,10588.0,1,1,BodyFat,IHS,3,TT,0,157265
11,0.6455759751181008,1.0695617493590381,14781.0,1,1,BodyFat,IHS,3,TT,0,128381
12,0.6333653624807436,1.3346563821476023,11172.0,1,1,BodyFat,IHS,3,TT,0,157267
13,0.6305227831114537,2.0530068034592213,9548.0,1,1,BodyFat,IHS,3,TT,0,157268
14,0.6224197022992031,1.0850095595743878,11547.0,1,1,BodyFat,IHS,3,TT,0,157269
15,0.6075804206712965,0.8545133618181872,11592.0,1,1,BodyFat,IHS,3,TT,0,157270
16,0.6406150909116979,1.118675194715456,10639.0,1,1,BodyFat,IHS,3,TT,0,157271
17,0.6440570909974815,1.1102967062526792,11753.0,1,1,BodyFat,IHS,3,TT,0,157272
18,0.6336031133397155,1.3639800013184384,10620.0,1,1,BodyFat,IHS,3,TT,0,157273
19,0.6321343155882555,1.8004024395204903,10599.0,1,1,BodyFat,IHS,3,TT,0,157274
20,0.6297886997837541,1.1156223533532321,8096.0,1,1,BodyFat,IHS,3,TT,0,157275
21,0.6047964449716133,1.441561215401236,14360.0,1,1,BodyFat,IHS,3,TT,0,128391
22,0.6298313699955242,0.9311007385880247,8640.0,1,1,BodyFat,IHS,3,TT,0,157277
23,0.641885890736665,0.9837440717006007,12009.0,1,1,BodyFat,IHS,3,TT,0,157278
24,0.6369690727216385,1.1331908695742965,10761.0,1,1,BodyFat,IHS,3,TT,0,157279
25,0.6247013810477692,1.040626648822841,8143.0,1,1,BodyFat,IHS,3,TT,0,157280
26,0.6272953139728278,2.0181589863151985,8910.0,1,1,BodyFat,IHS,3,TT,0,157281
27,0.5928516845177517,1.7991384597684439,10779.0,1,1,BodyFat,IHS,3,TT,0,157282
28,0.6163302737136487,1.5511693802408768,8823.0,1,1,BodyFat,IHS,3,TT,0,157283
29,0.6335297968267344,1.0287651169855307,8810.0,1,1,BodyFat,IHS,3,TT,0,157284
30,0.6284970299298034,2.5038179582542086,9115.0,1,1,BodyFat,IHS,3,TT,0,157285
31,0.6173851531865663,1.1136363621676604,8893.0,1,1,BodyFat,IHS,3,TT,0,157286
32,0.6266765962257318,1.4000873495825605,8641.0,1,1,BodyFat,IHS,3,TT,0,157287
33,0.6452336108486901,1.3361611860665743,11000.0,1,1,BodyFat,IHS,3,TT,0,157288
34,0.6297525553691524,1.1503505359068449,8609.0,1,1,BodyFat,IHS,3,TT,0,157289