
0,1.300030271196917,29.003482762079567,6500.0,1,1,Cpu,IHS,3,TT,0,157080
1,1.330745126204182,17.77337970299708,10172.0,1,1,Cpu,IHS,3,TT,0,128221
2,1.3207754562512095,21.937743392360797,6703.0,1,1,Cpu,IHS,3,TT,0,157082
3,1.2936397473697097,44.916922449178294,10001.0,1,1,Cpu,IHS,3,TT,0,128223
4,1.3300764031332661,17.905623582265267,6852.0,1,1,Cpu,IHS,3,TT,0,157084
5,1.2499439829516168,21.44152774371235,6641.0,1,1,Cpu,IHS,3,TT,0,157085
6,1.3488653743794625,20.43560193916945,6942.0,1,1,Cpu,IHS,3,TT,0,157086
7,1.2796363545041927,23.471307054126726,6820.0,1,1,Cpu,IHS,3,TT,0,157087
8,1.2786300286958732,31.221595804792464,6807.0,1,1,Cpu,IHS,3,TT,0,157088
9,1.1920275723525853,91.00897002891409,10031.0,1,1,Cpu,IHS,3,TT,0,128229
10,1.2888941431394216,17.22402903832064,6563.0,1,1,Cpu,IHS,3,TT,0,157090
11,1.28405562286521,20.694337739509365,9844.0,1,1,Cpu,IHS,3,TT,0,128231
12,1.3364414924215116,47.03629492212058,7532.0,1,1,Cpu,IHS,3,TT,0,157092
13,1.3281275629879552,22.07370751932958,7384.0,1,1,Cpu,IHS,3,TT,0,157093
14,1.2224812318283167,32.78604487439338,6348.0,1,1,Cpu,IHS,3,TT,0,157094
15,1.264100019944195,30.598812300139638,6687.0,1,1,Cpu,IHS,3,TT,0,157095
16,1.3770765951598456,53.60189538472792,6859.0,1,1,Cpu,IHS,3,TT,0,157096
17,1.2812633189892428,64.98930878506876,6641.0,1,1,Cpu,IHS,3,TT,0,157097
18,1.3286432978118847,32.43372466878677,6408.0,1,1,Cpu,IHS,3,TT,0,157098
19,1.3298194110703392,66.99500366698497,6594.0,1,1,Cpu,IHS,3,TT,0,157099
20,1.2688700106693767,19.979052296996603,6762.0,1,1,Cpu,IHS,3,TT,0,157100
21,1.3048043607290134,72.68970943320727,6904.0,1,1,Cpu,IHS,3,TT,0,157101
22,1.3629773440930355,44.013150640925495,6766.0,1,1,Cpu,IHS,3,TT,0,157102
23,1.304368966340078,83.06084520069825,6776.0,1,1,Cpu,IHS,3,TT,0,157103
24,1.3055883549717053,33.657231067238826,10234.0,1,1,Cpu,IHS,3,TT,0,128244
25,1.3199407599537827,55.673190266438574,6842.0,1,1,Cpu,IHS,3,TT,0,157105
26,1.3332985939817692,39.393331565234305,6801.0,1,1,Cpu,IHS,3,TT,0,157106
27,1.339827566460213,11.478078882759148,6703.0,1,1,Cpu,IHS,3,TT,0,157107
28,1.3226042147691282,120.12042610238309,7556.0,1,1,Cpu,IHS,3,TT,0,157108
29,1.3546777362281082,18.602051746890464,6845.0,1,1,Cpu,IHS,3,TT,0,157109
30,1.3629639142382433,51.27387417063384,6757.0,1,1,Cpu,IHS,3,TT,0,157110
31,1.3163062709005875,36.26715343630736,6656.0,1,1,Cpu,IHS,3,TT,0,157111
32,1.3410958628029357,22.20894730331749,6417.0,1,1,Cpu,IHS,3,TT,0,157112
33,1.2539274049599283,38.88727246623404,6761.0,1,1,Cpu,IHS,3,TT,0,157113
34,1.2445152873579928,8.979876144894714,6852.0,1,1,Cpu,IHS,3,TT,0,157114