
0,0.0,0.9508196721311475,17250.0,1,1,Dermatology,IHS,3,TT,0,155890
1,0.0,0.9672131147540983,15000.0,1,1,Dermatology,IHS,3,TT,0,155891
2,0.0,0.9836065573770492,15390.0,1,1,Dermatology,IHS,3,TT,0,155892
3,0.0,0.9836065573770492,17907.0,1,1,Dermatology,IHS,3,TT,0,155893
4,0.0,0.9836065573770492,13844.0,1,1,Dermatology,IHS,3,TT,0,155894
5,0.0,0.9754098360655737,14130.0,1,1,Dermatology,IHS,3,TT,0,155895
6,0.0,0.9754098360655737,15840.0,1,1,Dermatology,IHS,3,TT,0,156176
7,0.0,0.9836065573770492,14312.0,1,1,Dermatology,IHS,3,TT,0,155897
8,0.0,0.9754098360655737,14906.0,1,1,Dermatology,IHS,3,TT,0,155898
9,0.0,0.9508196721311475,15047.0,1,1,Dermatology,IHS,3,TT,0,156179
10,0.0,0.9672131147540983,13919.0,1,1,Dermatology,IHS,3,TT,0,155900
11,0.0,0.9836065573770492,22133.0,1,1,Dermatology,IHS,3,TT,0,156181
12,0.0,0.9672131147540983,13982.0,1,1,Dermatology,IHS,3,TT,0,155902
13,0.0,0.9836065573770492,14515.0,1,1,Dermatology,IHS,3,TT,0,155903
14,0.0,0.9672131147540983,16957.0,1,1,Dermatology,IHS,3,TT,0,155904
15,0.0,0.9590163934426229,20894.0,1,1,Dermatology,IHS,3,TT,0,155905
16,0.0,0.9754098360655737,15140.0,1,1,Dermatology,IHS,3,TT,0,155906
17,0.0,0.9754098360655737,13860.0,1,1,Dermatology,IHS,3,TT,0,155907
18,0.0,0.9590163934426229,13523.0,1,1,Dermatology,IHS,3,TT,0,155908
19,0.0,0.9836065573770492,13921.0,1,1,Dermatology,IHS,3,TT,0,155909
20,0.0,0.9672131147540983,13920.0,1,1,Dermatology,IHS,3,TT,0,155910
21,0.0,0.9754098360655737,14469.0,1,1,Dermatology,IHS,3,TT,0,155911
22,0.0,0.9672131147540983,23305.0,1,1,Dermatology,IHS,3,TT,0,155912
23,0.0,0.9672131147540983,14922.0,1,1,Dermatology,IHS,3,TT,0,155913
24,0.0,0.9836065573770492,15339.0,1,1,Dermatology,IHS,3,TT,0,155914
25,0.0,0.9754098360655737,15395.0,1,1,Dermatology,IHS,3,TT,0,155915
26,0.0,0.9672131147540983,17031.0,1,1,Dermatology,IHS,3,TT,0,155916
27,0.0,0.9836065573770492,15656.0,1,1,Dermatology,IHS,3,TT,0,155917
28,0.0,0.9754098360655737,17047.0,1,1,Dermatology,IHS,3,TT,0,156198
29,0.0,0.9672131147540983,14364.0,1,1,Dermatology,IHS,3,TT,0,155919
30,0.0,0.9508196721311475,16108.0,1,1,Dermatology,IHS,3,TT,0,155920
31,0.0,0.9836065573770492,17797.0,1,1,Dermatology,IHS,3,TT,0,155921
32,0.0,0.9754098360655737,14234.0,1,1,Dermatology,IHS,3,TT,0,155922
33,0.0,0.9754098360655737,14263.0,1,1,Dermatology,IHS,3,TT,0,155923
34,0.0,0.9754098360655737,14906.0,1,1,Dermatology,IHS,3,TT,0,155924