
0,0.0,0.94,7017.0,1,1,Iris,IHS,3,TT,0,155820
1,0.0,0.88,6576.0,1,1,Iris,IHS,3,TT,0,155821
2,0.0,0.92,5922.0,1,1,Iris,IHS,3,TT,0,155822
3,0.0,0.96,5875.0,1,1,Iris,IHS,3,TT,0,155823
4,0.0,0.96,5707.0,1,1,Iris,IHS,3,TT,0,155824
5,0.0,0.9,7252.0,1,1,Iris,IHS,3,TT,0,155825
6,0.0,0.9,5381.0,1,1,Iris,IHS,3,TT,0,155826
7,0.0,0.9,6168.0,1,1,Iris,IHS,3,TT,0,155827
8,0.0,0.84,6391.0,1,1,Iris,IHS,3,TT,0,155828
9,0.0,0.88,6047.0,1,1,Iris,IHS,3,TT,0,155829
10,0.0,0.98,6593.0,1,1,Iris,IHS,3,TT,0,155830
11,0.0,0.88,6100.0,1,1,Iris,IHS,3,TT,0,155831
12,0.0,0.92,6143.0,1,1,Iris,IHS,3,TT,0,155832
13,0.0,0.92,6688.0,1,1,Iris,IHS,3,TT,0,155833
14,0.0,0.94,5104.0,1,1,Iris,IHS,3,TT,0,155834
15,0.0,0.9,6750.0,1,1,Iris,IHS,3,TT,0,155835
16,0.0,0.9,6630.0,1,1,Iris,IHS,3,TT,0,155836
17,0.0,0.92,6723.0,1,1,Iris,IHS,3,TT,0,155837
18,0.0,0.92,6815.0,1,1,Iris,IHS,3,TT,0,155838
19,0.0,0.9,6110.0,1,1,Iris,IHS,3,TT,0,155839
20,0.0,0.94,6516.0,1,1,Iris,IHS,3,TT,0,155840
21,0.0,0.92,5253.0,1,1,Iris,IHS,3,TT,0,155841
22,0.0,0.94,5079.0,1,1,Iris,IHS,3,TT,0,155842
23,0.0,0.9,5078.0,1,1,Iris,IHS,3,TT,0,155843
24,0.0,0.94,6964.0,1,1,Iris,IHS,3,TT,0,155844
25,0.0,0.86,5203.0,1,1,Iris,IHS,3,TT,0,155845
26,0.0,0.9,6094.0,1,1,Iris,IHS,3,TT,0,155846
27,0.0,0.94,5016.0,1,1,Iris,IHS,3,TT,0,155847
28,0.0,0.86,5227.0,1,1,Iris,IHS,3,TT,0,155848
29,0.0,0.96,5455.0,1,1,Iris,IHS,3,TT,0,155849
30,0.0,0.94,5245.0,1,1,Iris,IHS,3,TT,0,155850
31,0.0,0.92,5087.0,1,1,Iris,IHS,3,TT,0,155851
32,0.0,0.9,4938.0,1,1,Iris,IHS,3,TT,0,155852
33,0.0,0.9,7047.0,1,1,Iris,IHS,3,TT,0,155853