
0,1.701761136579165,3.725674597666313,24328.0,1,1,AutoMpg,IHS,4,TT,0,129360
1,1.7222794176102851,3.663972891861957,12943.0,1,1,AutoMpg,IHS,4,TT,0,158481
2,1.6984808091037291,3.569973898910068,11703.0,1,1,AutoMpg,IHS,4,TT,0,158482
3,1.7387089718095907,3.748097623594382,11985.0,1,1,AutoMpg,IHS,4,TT,0,158483
4,1.7320383622151931,3.5108383939086463,13294.0,1,1,AutoMpg,IHS,4,TT,0,158484
5,1.7299951526899282,3.4704180050625295,11781.0,1,1,AutoMpg,IHS,4,TT,0,158485
6,1.6967187034637596,3.76045509701389,24125.0,1,1,AutoMpg,IHS,4,TT,0,129366
7,1.7103126829795097,3.7378786678187605,21156.0,1,1,AutoMpg,IHS,4,TT,0,129367
8,1.7093933829582924,3.477924839496871,11875.0,1,1,AutoMpg,IHS,4,TT,0,158488
9,1.7296283827203671,3.446790425709728,11719.0,1,1,AutoMpg,IHS,4,TT,0,158489
10,1.7034061075432168,3.3820603886247693,11844.0,1,1,AutoMpg,IHS,4,TT,0,158490
11,1.7307388934467136,3.6528706021190223,13014.0,1,1,AutoMpg,IHS,4,TT,0,158491
12,1.6758383159027246,3.5693174163283383,11324.0,1,1,AutoMpg,IHS,4,TT,0,158492
13,1.738754787574119,3.292420811775563,13398.0,1,1,AutoMpg,IHS,4,TT,0,158493
14,1.7329339487113686,3.4854208747444497,13023.0,1,1,AutoMpg,IHS,4,TT,0,158494
15,1.7152939285886737,3.4235054777539364,11859.0,1,1,AutoMpg,IHS,4,TT,0,158495
16,1.7362800375264866,3.5733412743084907,11750.0,1,1,AutoMpg,IHS,4,TT,0,158496
17,1.7291748218638918,3.4432794461257568,11990.0,1,1,AutoMpg,IHS,4,TT,0,158497
18,1.7222756408285467,3.6863262983170912,11890.0,1,1,AutoMpg,IHS,4,TT,0,158498
19,1.7127099187553598,3.3866100612239927,11997.0,1,1,AutoMpg,IHS,4,TT,0,158499
20,1.7146115363598742,3.4914876738877627,12214.0,1,1,AutoMpg,IHS,4,TT,0,158500
21,1.739105972347669,3.5079167022934694,11813.0,1,1,AutoMpg,IHS,4,TT,0,158501
22,1.7072485057779485,3.733618224181402,11940.0,1,1,AutoMpg,IHS,4,TT,0,158502
23,1.7214113717112545,3.8200754261807695,11922.0,1,1,AutoMpg,IHS,4,TT,0,158503
24,1.7420149863244245,3.5683390884052812,12031.0,1,1,AutoMpg,IHS,4,TT,0,158504
25,1.7274038199219324,3.652424449833835,11894.0,1,1,AutoMpg,IHS,4,TT,0,158505
26,1.7175992262947055,3.6225408811151056,12052.0,1,1,AutoMpg,IHS,4,TT,0,158506
27,1.7078473553663822,3.391438806553419,12036.0,1,1,AutoMpg,IHS,4,TT,0,158507
28,1.6714468146966546,3.6784774919137684,11980.0,1,1,AutoMpg,IHS,4,TT,0,158508
29,1.7279080289711752,3.4210074966149606,11192.0,1,1,AutoMpg,IHS,4,TT,0,158509
31,1.7155186822231996,3.5503198358343053,11672.0,1,1,AutoMpg,IHS,4,TT,0,158511
32,1.7450746093424654,3.553548210320769,12085.0,1,1,AutoMpg,IHS,4,TT,0,158512
33,1.7155019032678775,3.4367318209061133,12029.0,1,1,AutoMpg,IHS,4,TT,0,158513
34,1.7460140549877818,3.3648020795225224,16374.0,1,1,AutoMpg,IHS,4,TT,0,158514
30,1.7171246393458022,3.4612960367314187,15187.0,1,1,AutoMpg,IHS,4,TT,0,135152