
0,0.6925543675626223,0.8260538774761926,34578.0,1,1,Sensory,IHS,4,TT,0,129450
1,0.6977315852072108,0.7747851580675086,21399.0,1,1,Sensory,IHS,4,TT,0,158586
2,0.7011185340952971,0.7823216451608772,21333.0,1,1,Sensory,IHS,4,TT,0,158587
3,0.7101632146995249,0.7833678794025368,34922.0,1,1,Sensory,IHS,4,TT,0,129453
4,0.7023994399820638,0.7870798398142048,23480.0,1,1,Sensory,IHS,4,TT,0,158589
5,0.6998384602332282,0.8268113528553949,21806.0,1,1,Sensory,IHS,4,TT,0,158590
6,0.704201818383867,0.8120315670384936,31672.0,1,1,Sensory,IHS,4,TT,0,129456
7,0.7033536072890961,0.7736196194428165,21877.0,1,1,Sensory,IHS,4,TT,0,158592
8,0.7023449038829285,0.7933742129478037,22234.0,1,1,Sensory,IHS,4,TT,0,158593
9,0.708391847904643,0.8340968347788446,23421.0,1,1,Sensory,IHS,4,TT,0,158594
10,0.7083132519095507,0.8274374623803961,45547.0,1,1,Sensory,IHS,4,TT,0,129460
11,0.7024354892267232,0.7990240468410575,23882.0,1,1,Sensory,IHS,4,TT,0,158596
12,0.7023841230056852,0.8100520810860811,17156.0,1,1,Sensory,IHS,4,TT,0,158597
13,0.7000356136569724,0.7930776147386042,17188.0,1,1,Sensory,IHS,4,TT,0,158598
14,0.6997955925563881,0.7885888845961218,29016.0,1,1,Sensory,IHS,4,TT,0,129464
15,0.7008860427971526,0.780129988473788,19266.0,1,1,Sensory,IHS,4,TT,0,158600
16,0.7029094993878356,0.7869168425056187,16969.0,1,1,Sensory,IHS,4,TT,0,158601
17,0.7030496783887886,0.8099230830863037,18662.0,1,1,Sensory,IHS,4,TT,0,158602
18,0.7045011797310136,0.7781876328903342,17135.0,1,1,Sensory,IHS,4,TT,0,158603
19,0.708985057427475,0.7707599871594155,43797.0,1,1,Sensory,IHS,4,TT,0,129469
20,0.7050310861941202,0.8059111903820456,17187.0,1,1,Sensory,IHS,4,TT,0,158605
21,0.6864552834766057,0.834316890507437,17240.0,1,1,Sensory,IHS,4,TT,0,158606
22,0.7036721681618894,0.7883053425036738,18733.0,1,1,Sensory,IHS,4,TT,0,158607
23,0.70786766454749,0.7626075192601711,23372.0,1,1,Sensory,IHS,4,TT,0,158608
24,0.7056903953514302,0.7741048811194506,16202.0,1,1,Sensory,IHS,4,TT,0,158609
25,0.7108843048692041,0.8045029208016623,17380.0,1,1,Sensory,IHS,4,TT,0,158610
26,0.6963819021613837,0.7951244945926957,23503.0,1,1,Sensory,IHS,4,TT,0,158611
27,0.7046962643684113,0.7790295716354991,17157.0,1,1,Sensory,IHS,4,TT,0,158612
28,0.70440391052077,0.7828238560695427,17306.0,1,1,Sensory,IHS,4,TT,0,158613
29,0.7020696964585904,0.7469290696775687,19321.0,1,1,Sensory,IHS,4,TT,0,158614
30,0.6843334361677365,0.8033452661586236,17289.0,1,1,Sensory,IHS,4,TT,0,158615
31,0.6947768660183403,0.7790430649270756,17189.0,1,1,Sensory,IHS,4,TT,0,158616
32,0.6988048797549657,0.7927799031737062,17111.0,1,1,Sensory,IHS,4,TT,0,158617
33,0.6828670972012212,0.781300884927578,16860.0,1,1,Sensory,IHS,4,TT,0,158618
34,0.70267819877349,0.7921773408421574,17369.0,1,1,Sensory,IHS,4,TT,0,158619