
0,0.0,0.9,4994.0,1,1,Iris,IHS,6,TT,0,160230
1,0.0,0.92,6223.0,1,1,Iris,IHS,6,TT,0,160231
2,0.0,0.92,5078.0,1,1,Iris,IHS,6,TT,0,160232
3,0.0,0.94,8282.0,1,1,Iris,IHS,6,TT,0,130803
4,0.0,0.96,5032.0,1,1,Iris,IHS,6,TT,0,160234
5,0.0,0.9,4982.0,1,1,Iris,IHS,6,TT,0,160235
6,0.0,0.94,5081.0,1,1,Iris,IHS,6,TT,0,160236
7,0.0,0.94,7453.0,1,1,Iris,IHS,6,TT,0,130807
8,0.0,0.92,5056.0,1,1,Iris,IHS,6,TT,0,160238
9,0.0,0.86,4890.0,1,1,Iris,IHS,6,TT,0,160239
10,0.0,0.86,4921.0,1,1,Iris,IHS,6,TT,0,160240
11,0.0,0.92,5007.0,1,1,Iris,IHS,6,TT,0,160241
12,0.0,0.92,6877.0,1,1,Iris,IHS,6,TT,0,160242
13,0.0,0.9,6926.0,1,1,Iris,IHS,6,TT,0,160243
14,0.0,0.88,4992.0,1,1,Iris,IHS,6,TT,0,160244
15,0.0,0.92,8047.0,1,1,Iris,IHS,6,TT,0,130815
16,0.0,0.86,4921.0,1,1,Iris,IHS,6,TT,0,160246
17,0.0,0.88,5086.0,1,1,Iris,IHS,6,TT,0,160247
18,0.0,0.88,4671.0,1,1,Iris,IHS,6,TT,0,160248
19,0.0,0.92,5018.0,1,1,Iris,IHS,6,TT,0,160249
20,0.0,0.94,4984.0,1,1,Iris,IHS,6,TT,0,160250
21,0.0,0.94,5031.0,1,1,Iris,IHS,6,TT,0,160251
22,0.0,0.9,5026.0,1,1,Iris,IHS,6,TT,0,160252
23,0.0,0.96,7390.0,1,1,Iris,IHS,6,TT,0,130823
24,0.0,0.92,4651.0,1,1,Iris,IHS,6,TT,0,160254
25,0.0,0.92,4978.0,1,1,Iris,IHS,6,TT,0,160255
26,0.0,0.94,5087.0,1,1,Iris,IHS,6,TT,0,160256
27,0.0,0.94,4988.0,1,1,Iris,IHS,6,TT,0,160257
28,0.0,0.9,6814.0,1,1,Iris,IHS,6,TT,0,160258
29,0.0,0.88,6779.0,1,1,Iris,IHS,6,TT,0,160259
30,0.0,0.94,5045.0,1,1,Iris,IHS,6,TT,0,160260
31,0.0,0.8200000000000001,6894.0,1,1,Iris,IHS,6,TT,0,160261
32,0.0,0.94,5002.0,1,1,Iris,IHS,6,TT,0,160262
33,0.0,0.9,4922.0,1,1,Iris,IHS,6,TT,0,160263
34,0.0,0.9,5016.0,1,1,Iris,IHS,6,TT,0,160264