
0,0.7148517639973557,0.7856068593211553,17286.0,1,1,Sensory,IHS,6,TT,0,161525
1,0.7118547378008526,0.7946808492593409,21850.0,1,1,Sensory,IHS,6,TT,0,161526
2,0.7079276884258481,0.7747814923607212,17015.0,1,1,Sensory,IHS,6,TT,0,161527
3,0.7047000368281156,0.79727586796915,16969.0,1,1,Sensory,IHS,6,TT,0,161528
4,0.7096488124654111,0.7892684973630908,17306.0,1,1,Sensory,IHS,6,TT,0,161529
5,0.7120765323983798,0.8088833118986072,17094.0,1,1,Sensory,IHS,6,TT,0,161530
6,0.7036182721839587,0.7768589724729865,18819.0,1,1,Sensory,IHS,6,TT,0,161531
7,0.7156537877124665,0.8064867125035078,17239.0,1,1,Sensory,IHS,6,TT,0,161532
8,0.7104309892881775,0.8061391937770608,17279.0,1,1,Sensory,IHS,6,TT,0,161533
9,0.7091063815882503,0.7938307794846813,16295.0,1,1,Sensory,IHS,6,TT,0,161534
10,0.7086643968818784,0.8435425082026965,17380.0,1,1,Sensory,IHS,6,TT,0,161535
11,0.7038699175063046,0.7871603689300437,17271.0,1,1,Sensory,IHS,6,TT,0,161536
12,0.6998066202532122,0.7934031131551622,19248.0,1,1,Sensory,IHS,6,TT,0,161537
13,0.7058250675312427,0.8180552246797179,23257.0,1,1,Sensory,IHS,6,TT,0,161538
14,0.7053863943622071,0.7838800438530709,16890.0,1,1,Sensory,IHS,6,TT,0,161539
15,0.7095783795374728,0.7772070934399284,17186.0,1,1,Sensory,IHS,6,TT,0,161540
16,0.7069256806297661,0.8054374914079906,18689.0,1,1,Sensory,IHS,6,TT,0,161541
17,0.7098771053837621,0.7894920232887751,17273.0,1,1,Sensory,IHS,6,TT,0,161542
18,0.7023163592456056,0.7947442869140086,17390.0,1,1,Sensory,IHS,6,TT,0,161543
19,0.7078174231878854,0.811268167179813,16300.0,1,1,Sensory,IHS,6,TT,0,161544
20,0.7153257325358416,0.816747582777385,16161.0,1,1,Sensory,IHS,6,TT,0,161545
21,0.7068155200236741,0.7781604218607321,18668.0,1,1,Sensory,IHS,6,TT,0,161546
22,0.7107354705835496,0.8212494730995483,19147.0,1,1,Sensory,IHS,6,TT,0,161547
23,0.710273951933951,0.8605418350419125,23488.0,1,1,Sensory,IHS,6,TT,0,161548
24,0.7012993625634807,0.8263325237268373,18727.0,1,1,Sensory,IHS,6,TT,0,161549
25,0.7046977220425503,0.7951980517282775,28500.0,1,1,Sensory,IHS,6,TT,0,131875
26,0.7028742436498587,0.7712775334994992,23516.0,1,1,Sensory,IHS,6,TT,0,161551
27,0.6989459572987089,0.8195178721667288,17031.0,1,1,Sensory,IHS,6,TT,0,161552
28,0.7019281833928723,0.7845174675494878,17047.0,1,1,Sensory,IHS,6,TT,0,161553
29,0.710432833129473,0.8202882909790968,23660.0,1,1,Sensory,IHS,6,TT,0,161554
30,0.7073866188622218,0.7835215333964477,22626.0,1,1,Sensory,IHS,6,TT,0,161555
31,0.7094100701832283,0.7684293264240587,17078.0,1,1,Sensory,IHS,6,TT,0,161556
32,0.706315004710021,0.7882597219454255,17229.0,1,1,Sensory,IHS,6,TT,0,161557
33,0.7086653456705491,0.8076115401229174,23825.0,1,1,Sensory,IHS,6,TT,0,161558
34,0.7046505444861296,0.8305967595215532,17063.0,1,1,Sensory,IHS,6,TT,0,161559