
0,0.08095238095238096,0.8200000000000001,12568.0,1,1,Vertebral2C,IHS,6,TT,0,160265
1,0.08571428571428574,0.79,9860.0,1,1,Vertebral2C,IHS,6,TT,0,160266
2,0.080952380952381,0.8200000000000001,12469.0,1,1,Vertebral2C,IHS,6,TT,0,160267
3,0.08571428571428574,0.79,9582.0,1,1,Vertebral2C,IHS,6,TT,0,160268
4,0.08571428571428574,0.8,9781.0,1,1,Vertebral2C,IHS,6,TT,0,160269
5,0.08571428571428574,0.78,9500.0,1,1,Vertebral2C,IHS,6,TT,0,160270
6,0.080952380952381,0.8,9826.0,1,1,Vertebral2C,IHS,6,TT,0,161146
7,0.080952380952381,0.81,10213.0,1,1,Vertebral2C,IHS,6,TT,0,160272
8,0.08571428571428574,0.79,9813.0,1,1,Vertebral2C,IHS,6,TT,0,160273
9,0.080952380952381,0.8,10144.0,1,1,Vertebral2C,IHS,6,TT,0,160274
10,0.080952380952381,0.83,9837.0,1,1,Vertebral2C,IHS,6,TT,0,160275
11,0.080952380952381,0.79,11609.0,1,1,Vertebral2C,IHS,6,TT,0,160276
12,0.08571428571428574,0.81,12562.0,1,1,Vertebral2C,IHS,6,TT,0,160277
13,0.08571428571428574,0.8200000000000001,12680.0,1,1,Vertebral2C,IHS,6,TT,0,160278
14,0.08571428571428574,0.84,9250.0,1,1,Vertebral2C,IHS,6,TT,0,160279
15,0.08571428571428574,0.81,9507.0,1,1,Vertebral2C,IHS,6,TT,0,160280
16,0.080952380952381,0.81,9485.0,1,1,Vertebral2C,IHS,6,TT,0,160281
17,0.08571428571428574,0.8200000000000001,13098.0,1,1,Vertebral2C,IHS,6,TT,0,160282
18,0.080952380952381,0.8200000000000001,12815.0,1,1,Vertebral2C,IHS,6,TT,0,160283
19,0.080952380952381,0.8200000000000001,9797.0,1,1,Vertebral2C,IHS,6,TT,0,161159
20,0.080952380952381,0.8,15734.0,1,1,Vertebral2C,IHS,6,TT,0,160285
21,0.08571428571428572,0.84,9719.0,1,1,Vertebral2C,IHS,6,TT,0,160286
22,0.080952380952381,0.8,12656.0,1,1,Vertebral2C,IHS,6,TT,0,160287
23,0.08095238095238096,0.84,9735.0,1,1,Vertebral2C,IHS,6,TT,0,160288
24,0.080952380952381,0.8,11984.0,1,1,Vertebral2C,IHS,6,TT,0,160289
25,0.08571428571428574,0.81,9344.0,1,1,Vertebral2C,IHS,6,TT,0,160290
26,0.08571428571428574,0.8,9485.0,1,1,Vertebral2C,IHS,6,TT,0,160291
27,0.08571428571428574,0.8,10553.0,1,1,Vertebral2C,IHS,6,TT,0,160292
28,0.080952380952381,0.83,9526.0,1,1,Vertebral2C,IHS,6,TT,0,160293
29,0.08571428571428574,0.77,9921.0,1,1,Vertebral2C,IHS,6,TT,0,160294
30,0.08571428571428574,0.84,9781.0,1,1,Vertebral2C,IHS,6,TT,0,160295
31,0.080952380952381,0.83,9156.0,1,1,Vertebral2C,IHS,6,TT,0,160296
32,0.08571428571428574,0.81,10208.0,1,1,Vertebral2C,IHS,6,TT,0,160297
33,0.080952380952381,0.75,9328.0,1,1,Vertebral2C,IHS,6,TT,0,160298
34,0.07619047619047614,0.8200000000000001,11625.0,1,1,Vertebral2C,IHS,6,TT,0,161174