
0,0.0,1.0,36422.0,1,1,Banknote,IHS,7,TT,0,161805
1,0.0,1.0,37616.0,1,1,Banknote,IHS,7,TT,0,161806
2,0.0,0.9977777777777778,37188.0,1,1,Banknote,IHS,7,TT,0,161807
3,0.0,1.0,42001.0,1,1,Banknote,IHS,7,TT,0,161808
4,0.0,1.0,38574.0,1,1,Banknote,IHS,7,TT,0,161809
5,0.0,1.0,37812.0,1,1,Banknote,IHS,7,TT,0,161810
6,0.0,0.9977777777777778,35750.0,1,1,Banknote,IHS,7,TT,0,161811
7,0.0,1.0,36469.0,1,1,Banknote,IHS,7,TT,0,161812
8,0.0,1.0,35985.0,1,1,Banknote,IHS,7,TT,0,161813
9,0.0,1.0,43962.0,1,1,Banknote,IHS,7,TT,0,161814
10,0.0,0.9977777777777778,39306.0,1,1,Banknote,IHS,7,TT,0,161815
11,0.0,1.0,37687.0,1,1,Banknote,IHS,7,TT,0,161816
12,0.0,1.0,36328.0,1,1,Banknote,IHS,7,TT,0,161817
13,0.0,1.0,40609.0,1,1,Banknote,IHS,7,TT,0,161818
14,0.0,1.0,39379.0,1,1,Banknote,IHS,7,TT,0,161819
15,0.0,1.0,38703.0,1,1,Banknote,IHS,7,TT,0,161820
16,0.0,1.0,41171.0,1,1,Banknote,IHS,7,TT,0,161821
17,0.0,1.0,38919.0,1,1,Banknote,IHS,7,TT,0,161822
18,0.0,1.0,37810.0,1,1,Banknote,IHS,7,TT,0,161823
19,0.0,1.0,38953.0,1,1,Banknote,IHS,7,TT,0,161824
20,0.0,1.0,39915.0,1,1,Banknote,IHS,7,TT,0,161825
21,0.0,1.0,38766.0,1,1,Banknote,IHS,7,TT,0,161826
22,0.0,1.0,41263.0,1,1,Banknote,IHS,7,TT,0,161827
23,0.0,1.0,39411.0,1,1,Banknote,IHS,7,TT,0,161828
24,0.0,1.0,43640.0,1,1,Banknote,IHS,7,TT,0,161829
25,0.0,1.0,39543.0,1,1,Banknote,IHS,7,TT,0,161830
26,0.0,1.0,47531.0,1,1,Banknote,IHS,7,TT,0,161831
27,0.0,0.9977777777777778,41040.0,1,1,Banknote,IHS,7,TT,0,161832
28,0.0,1.0,46351.0,1,1,Banknote,IHS,7,TT,0,161833
29,0.0,1.0,47281.0,1,1,Banknote,IHS,7,TT,0,161834
30,0.0,1.0,38578.0,1,1,Banknote,IHS,7,TT,0,161835
31,0.0,1.0,47250.0,1,1,Banknote,IHS,7,TT,0,161836
32,0.0,1.0,46272.0,1,1,Banknote,IHS,7,TT,0,161837
33,0.0,0.9977777777777778,41812.0,1,1,Banknote,IHS,7,TT,0,161838
34,0.0,1.0,46364.0,1,1,Banknote,IHS,7,TT,0,161839