
0,0.0,0.94,4907.0,1,1,Iris,IHS,7,TT,0,161700
1,0.0,0.92,7532.0,1,1,Iris,IHS,7,TT,0,132001
2,0.0,0.88,4980.0,1,1,Iris,IHS,7,TT,0,161702
3,0.0,0.88,5002.0,1,1,Iris,IHS,7,TT,0,161703
4,0.0,0.9,6797.0,1,1,Iris,IHS,7,TT,0,161704
5,0.0,0.9,6873.0,1,1,Iris,IHS,7,TT,0,161705
6,0.0,0.84,5223.0,1,1,Iris,IHS,7,TT,0,161706
7,0.0,0.94,6823.0,1,1,Iris,IHS,7,TT,0,161707
8,0.0,0.88,5038.0,1,1,Iris,IHS,7,TT,0,161708
9,0.0,0.96,4906.0,1,1,Iris,IHS,7,TT,0,161709
10,0.0,0.92,4974.0,1,1,Iris,IHS,7,TT,0,161710
11,0.0,0.9,4674.0,1,1,Iris,IHS,7,TT,0,161711
12,0.0,0.92,6841.0,1,1,Iris,IHS,7,TT,0,161712
13,0.0,0.96,4970.0,1,1,Iris,IHS,7,TT,0,161713
14,0.0,0.92,4729.0,1,1,Iris,IHS,7,TT,0,161714
15,0.0,0.96,4906.0,1,1,Iris,IHS,7,TT,0,161715
16,0.0,0.88,6850.0,1,1,Iris,IHS,7,TT,0,161716
17,0.0,0.84,5011.0,1,1,Iris,IHS,7,TT,0,161717
18,0.0,0.9,5016.0,1,1,Iris,IHS,7,TT,0,161718
19,0.0,0.92,5035.0,1,1,Iris,IHS,7,TT,0,161719
20,0.0,0.94,4970.0,1,1,Iris,IHS,7,TT,0,161720
21,0.0,0.96,4989.0,1,1,Iris,IHS,7,TT,0,161721
22,0.0,0.92,6929.0,1,1,Iris,IHS,7,TT,0,161722
23,0.0,0.88,5013.0,1,1,Iris,IHS,7,TT,0,161723
24,0.0,0.92,7406.0,1,1,Iris,IHS,7,TT,0,132024
25,0.0,0.92,4922.0,1,1,Iris,IHS,7,TT,0,161725
26,0.0,0.86,7687.0,1,1,Iris,IHS,7,TT,0,132026
27,0.0,0.94,5010.0,1,1,Iris,IHS,7,TT,0,161727
28,0.0,0.96,7344.0,1,1,Iris,IHS,7,TT,0,132028
29,0.0,0.9,5552.0,1,1,Iris,IHS,7,TT,0,161729
30,0.0,0.94,4921.0,1,1,Iris,IHS,7,TT,0,161730
31,0.0,0.94,4999.0,1,1,Iris,IHS,7,TT,0,161731
32,0.0,0.88,4967.0,1,1,Iris,IHS,7,TT,0,161732
33,0.0,0.96,6817.0,1,1,Iris,IHS,7,TT,0,161733
34,0.0,0.84,5011.0,1,1,Iris,IHS,7,TT,0,161734