
0,0.21248246844319774,0.7371428571428571,68234.0,1,1,Cardiotocography,GHS,0,TT,0,133945
1,0.21949509116409538,0.7428571428571429,66469.0,1,1,Cardiotocography,GHS,0,TT,0,133946
2,0.22370266479663395,0.7257142857142858,82906.0,1,1,Cardiotocography,GHS,0,TT,0,133947
3,0.22159887798036465,0.7357142857142858,69483.0,1,1,Cardiotocography,GHS,0,TT,0,133948
4,0.22230014025245448,0.7314285714285714,66813.0,1,1,Cardiotocography,GHS,0,TT,0,133949
5,0.22089761570827493,0.7614285714285715,66094.0,1,1,Cardiotocography,GHS,0,TT,0,133950
6,0.22300140252454415,0.7371428571428571,65391.0,1,1,Cardiotocography,GHS,0,TT,0,133951
7,0.2187938288920056,0.7385714285714285,66968.0,1,1,Cardiotocography,GHS,0,TT,0,133952
8,0.22089761570827493,0.7585714285714286,84078.0,1,1,Cardiotocography,GHS,0,TT,0,133953
9,0.21528751753155684,0.7528571428571429,85031.0,1,1,Cardiotocography,GHS,0,TT,0,133954
10,0.21669004207573628,0.7285714285714286,68172.0,1,1,Cardiotocography,GHS,0,TT,0,133955
11,0.22510518934081347,0.7585714285714286,80519.0,1,1,Cardiotocography,GHS,0,TT,0,133956
12,0.21598877980364656,0.75,73818.0,1,1,Cardiotocography,GHS,0,TT,0,133957
13,0.21809256661991583,0.75,70859.0,1,1,Cardiotocography,GHS,0,TT,0,133958
14,0.2131837307152875,0.7757142857142857,70983.0,1,1,Cardiotocography,GHS,0,TT,0,133959
15,0.22019635343618515,0.7485714285714286,90363.0,1,1,Cardiotocography,GHS,0,TT,0,133960
16,0.22370266479663392,0.7442857142857142,70109.0,1,1,Cardiotocography,GHS,0,TT,0,133961
17,0.2215988779803646,0.7542857142857142,71858.0,1,1,Cardiotocography,GHS,0,TT,0,133962
18,0.22019635343618515,0.7657142857142857,73727.0,1,1,Cardiotocography,GHS,0,TT,0,133963
19,0.22019635343618515,0.7571428571428571,75032.0,1,1,Cardiotocography,GHS,0,TT,0,133964
20,0.22370266479663392,0.7342857142857142,73748.0,1,1,Cardiotocography,GHS,0,TT,0,133965
21,0.22089761570827493,0.75,74110.0,1,1,Cardiotocography,GHS,0,TT,0,133966
22,0.2159887798036466,0.7557142857142858,95110.0,1,1,Cardiotocography,GHS,0,TT,0,133967
23,0.2215988779803646,0.7614285714285715,108805.0,1,1,Cardiotocography,GHS,0,TT,0,133968
24,0.22089761570827493,0.7471428571428571,73503.0,1,1,Cardiotocography,GHS,0,TT,0,133969
25,0.21809256661991583,0.7557142857142858,64984.0,1,1,Cardiotocography,GHS,0,TT,0,133970
26,0.22019635343618515,0.7471428571428571,67750.0,1,1,Cardiotocography,GHS,0,TT,0,133971
27,0.22159887798036465,0.7685714285714286,80468.0,1,1,Cardiotocography,GHS,0,TT,0,133972
28,0.22019635343618515,0.7457142857142858,66031.0,1,1,Cardiotocography,GHS,0,TT,0,133973
29,0.22300140252454415,0.7485714285714286,67705.0,1,1,Cardiotocography,GHS,0,TT,0,133974
30,0.2215988779803646,0.7528571428571429,67309.0,1,1,Cardiotocography,GHS,0,TT,0,133975
31,0.22159887798036465,0.7385714285714285,66514.0,1,1,Cardiotocography,GHS,0,TT,0,133976
32,0.21949509116409538,0.7342857142857142,66534.0,1,1,Cardiotocography,GHS,0,TT,0,133977
33,0.21669004207573628,0.7585714285714286,77254.0,1,1,Cardiotocography,GHS,0,TT,0,133978
34,0.2187938288920056,0.7585714285714286,84844.0,1,1,Cardiotocography,GHS,0,TT,0,133979