
0,1.7289228284271323,3.7552909301092074,11578.0,1,1,AutoMpg,GHS,10,TT,0,149660
1,1.707694896215312,3.686635131938356,11643.0,1,1,AutoMpg,GHS,10,TT,0,149661
2,1.7481174866629061,3.5672333355805836,15783.0,1,1,AutoMpg,GHS,10,TT,0,149662
3,1.7151848434351444,3.458931187496237,11610.0,1,1,AutoMpg,GHS,10,TT,0,149663
4,1.7465023584727315,3.47357956317632,11042.0,1,1,AutoMpg,GHS,10,TT,0,149664
5,1.7021606352348642,3.546844392155796,11720.0,1,1,AutoMpg,GHS,10,TT,0,149665
6,1.7119743972420323,3.4870530377622844,11532.0,1,1,AutoMpg,GHS,10,TT,0,149666
7,1.7029248820339877,3.5013582867048654,11772.0,1,1,AutoMpg,GHS,10,TT,0,149667
8,1.740525142563925,3.7036566970135723,11705.0,1,1,AutoMpg,GHS,10,TT,0,149668
9,1.7230023563778725,3.555973194570443,11438.0,1,1,AutoMpg,GHS,10,TT,0,149669
10,1.747628424331264,3.4957169657804834,17297.0,1,1,AutoMpg,GHS,10,TT,0,122170
11,1.7368149909259227,3.4282836138517747,14860.0,1,1,AutoMpg,GHS,10,TT,0,149671
12,1.7166958207014844,3.5913058596321465,11765.0,1,1,AutoMpg,GHS,10,TT,0,149672
13,1.724070959965153,3.550745707942083,11500.0,1,1,AutoMpg,GHS,10,TT,0,149673
14,1.7068318229784376,3.5383963359722546,15219.0,1,1,AutoMpg,GHS,10,TT,0,149674
15,1.7186141289913184,3.593152393430463,11712.0,1,1,AutoMpg,GHS,10,TT,0,149675
16,1.7363374710197956,3.325895745962949,17265.0,1,1,AutoMpg,GHS,10,TT,0,122176
17,1.6924409300281835,3.5800724115236395,11609.0,1,1,AutoMpg,GHS,10,TT,0,149677
18,1.7535793090340537,3.4676911583442815,11639.0,1,1,AutoMpg,GHS,10,TT,0,149678
19,1.716719897220653,3.681120657346618,11777.0,1,1,AutoMpg,GHS,10,TT,0,149679
20,1.706198536444289,3.3594691488858595,11846.0,1,1,AutoMpg,GHS,10,TT,0,149680
21,1.7310182682791304,3.558750502380995,11562.0,1,1,AutoMpg,GHS,10,TT,0,149681
22,1.7296203130838106,3.4048102702479524,14401.0,1,1,AutoMpg,GHS,10,TT,0,149682
23,1.7427891462573637,3.2813102014170963,11610.0,1,1,AutoMpg,GHS,10,TT,0,149683
24,1.7426129456497057,3.525764374792285,11727.0,1,1,AutoMpg,GHS,10,TT,0,149684
25,1.6961688519281906,3.3714966581799612,11711.0,1,1,AutoMpg,GHS,10,TT,0,149685
26,1.738124822404203,3.3546638579583443,11563.0,1,1,AutoMpg,GHS,10,TT,0,149686
27,1.7470695993267613,3.594604384475833,17469.0,1,1,AutoMpg,GHS,10,TT,0,122187
28,1.693322593049993,3.534413198265202,11729.0,1,1,AutoMpg,GHS,10,TT,0,149688
29,1.7350775188182403,3.3685494459181196,16875.0,1,1,AutoMpg,GHS,10,TT,0,122189
30,1.6968628617218362,3.583379412234993,11707.0,1,1,AutoMpg,GHS,10,TT,0,149690
31,1.747413248280899,3.5217946582169763,11809.0,1,1,AutoMpg,GHS,10,TT,0,149691
32,1.7338774601025382,3.384700432490152,11819.0,1,1,AutoMpg,GHS,10,TT,0,149692
33,1.7270661675747863,3.429022715603364,11826.0,1,1,AutoMpg,GHS,10,TT,0,149693
34,1.7226608780181738,3.3701570894224187,14421.0,1,1,AutoMpg,GHS,10,TT,0,149694