
0,0.7095474956748371,0.8372498353729957,16862.0,1,1,Sensory,GHS,11,TT,0,151235
1,0.705222546030535,0.8433577962841605,24953.0,1,1,Sensory,GHS,11,TT,0,123451
2,0.711956442394373,0.8224297718641268,16728.0,1,1,Sensory,GHS,11,TT,0,151237
3,0.7009184728985882,0.8118491216164785,16819.0,1,1,Sensory,GHS,11,TT,0,151238
4,0.7128640552519911,0.8230192171382359,16703.0,1,1,Sensory,GHS,11,TT,0,151239
5,0.7085981438589056,0.7989313832557609,16795.0,1,1,Sensory,GHS,11,TT,0,151240
6,0.7121995516759149,0.8304250284107753,16735.0,1,1,Sensory,GHS,11,TT,0,151241
7,0.7164876759744835,0.8177266328162333,16852.0,1,1,Sensory,GHS,11,TT,0,151242
8,0.7123531629037935,0.8294600532413504,15955.0,1,1,Sensory,GHS,11,TT,0,151243
9,0.7062052493526572,0.8377759795229238,16625.0,1,1,Sensory,GHS,11,TT,0,151244
10,0.7132607233332188,0.8135962503515162,16926.0,1,1,Sensory,GHS,11,TT,0,151245
11,0.7088643592668517,0.7796761447031789,16729.0,1,1,Sensory,GHS,11,TT,0,151246
12,0.7006396981491068,0.8111750357748695,16834.0,1,1,Sensory,GHS,11,TT,0,151247
13,0.7098954134102854,0.791118529916931,16794.0,1,1,Sensory,GHS,11,TT,0,151248
14,0.7127833902037599,0.78454748056344,16697.0,1,1,Sensory,GHS,11,TT,0,151249
15,0.7044239083885924,0.7600108630249949,16809.0,1,1,Sensory,GHS,11,TT,0,151250
16,0.7102403189558432,0.8050192658758389,16656.0,1,1,Sensory,GHS,11,TT,0,151251
17,0.7092055458290828,0.784689087002986,16609.0,1,1,Sensory,GHS,11,TT,0,151252
18,0.7153606408277627,0.8064485061607031,16784.0,1,1,Sensory,GHS,11,TT,0,151253
19,0.715741133787161,0.8164912719394234,16929.0,1,1,Sensory,GHS,11,TT,0,151254
20,0.7116896983459982,0.8619881973707064,16961.0,1,1,Sensory,GHS,11,TT,0,151255
21,0.7148880380835851,0.7990463566895125,24672.0,1,1,Sensory,GHS,11,TT,0,123471
22,0.7094397836691227,0.8028987600072813,18433.0,1,1,Sensory,GHS,11,TT,0,151257
23,0.7127068350280783,0.7756747794865031,23012.0,1,1,Sensory,GHS,11,TT,0,151258
24,0.7103518676133103,0.8427407739177323,16672.0,1,1,Sensory,GHS,11,TT,0,151259
25,0.7151428887584976,0.7979470261463121,22172.0,1,1,Sensory,GHS,11,TT,0,151260
26,0.7123260880242431,0.7725222868172664,18846.0,1,1,Sensory,GHS,11,TT,0,151261
27,0.7110919905485106,0.751011431195456,18803.0,1,1,Sensory,GHS,11,TT,0,151262
28,0.7166564229639345,0.8331414948577222,20835.0,1,1,Sensory,GHS,11,TT,0,151263
29,0.7070096594065824,0.7891198422408536,22468.0,1,1,Sensory,GHS,11,TT,0,151264
30,0.7101957878993292,0.8050642533398491,22547.0,1,1,Sensory,GHS,11,TT,0,151265
32,0.7131068054583485,0.8046914991126033,18675.0,1,1,Sensory,GHS,11,TT,0,151267
33,0.7079999193380266,0.8244774981367423,18275.0,1,1,Sensory,GHS,11,TT,0,151268
34,0.7125314429526017,0.7818494469339722,16811.0,1,1,Sensory,GHS,11,TT,0,151269
31,0.7062911394746192,0.834871689246759,22018.0,1,1,Sensory,GHS,11,TT,0,129115