
0,0.6565257105323445,1.2731352308813992,11043.0,1,1,BodyFat,GHS,11,TT,0,151375
1,0.6365055026547091,1.078170390900362,11182.0,1,1,BodyFat,GHS,11,TT,0,151376
2,0.6458851299203018,1.312982074925853,11038.0,1,1,BodyFat,GHS,11,TT,0,151377
3,0.6566731749160679,1.3275276171131758,11206.0,1,1,BodyFat,GHS,11,TT,0,151378
4,0.6444476275715884,1.5308110579574785,11177.0,1,1,BodyFat,GHS,11,TT,0,151379
5,0.6564228774399545,2.770835483441118,7698.0,1,1,BodyFat,GHS,11,TT,0,151380
6,0.6566431294172665,1.0610495248798941,8032.0,1,1,BodyFat,GHS,11,TT,0,151381
7,0.6600159420255545,2.183131710960588,8101.0,1,1,BodyFat,GHS,11,TT,0,151382
8,0.6517127070275828,2.6405604615762956,12188.0,1,1,BodyFat,GHS,11,TT,0,123578
9,0.6687012727215915,1.2081949510691528,7969.0,1,1,BodyFat,GHS,11,TT,0,151384
10,0.6552437022237322,2.006036833027599,8061.0,1,1,BodyFat,GHS,11,TT,0,151385
11,0.6615120666567413,1.4907626962952139,8123.0,1,1,BodyFat,GHS,11,TT,0,151386
12,0.6606393613210312,2.2045970119043106,8112.0,1,1,BodyFat,GHS,11,TT,0,151387
13,0.6453393795907382,1.1087680374313664,8063.0,1,1,BodyFat,GHS,11,TT,0,151388
14,0.6627330553349057,1.5371476705127798,8078.0,1,1,BodyFat,GHS,11,TT,0,151389
15,0.6428060201011333,0.9472161590659401,7984.0,1,1,BodyFat,GHS,11,TT,0,151390
16,0.6726569160249996,1.2420519454148353,12094.0,1,1,BodyFat,GHS,11,TT,0,123586
17,0.6405049295345048,1.2397259776926532,8093.0,1,1,BodyFat,GHS,11,TT,0,151392
18,0.6651120509518693,0.9515263763969686,8095.0,1,1,BodyFat,GHS,11,TT,0,151393
19,0.6463257364482828,1.239204896831335,8168.0,1,1,BodyFat,GHS,11,TT,0,151394
20,0.638575476873667,1.225671121616285,8102.0,1,1,BodyFat,GHS,11,TT,0,151395
21,0.6505132270099515,1.1477375019609992,8226.0,1,1,BodyFat,GHS,11,TT,0,151396
22,0.6403630537189122,1.3023085390394291,11781.0,1,1,BodyFat,GHS,11,TT,0,123592
23,0.6716745841498897,0.9941330123482836,8194.0,1,1,BodyFat,GHS,11,TT,0,151398
24,0.6594378206525816,1.020171847595987,8153.0,1,1,BodyFat,GHS,11,TT,0,151399
25,0.6680464878309111,2.3832097501358307,8189.0,1,1,BodyFat,GHS,11,TT,0,151400
26,0.6610620457852627,1.0360036775251642,8078.0,1,1,BodyFat,GHS,11,TT,0,151401
27,0.667130003750936,1.0535649478440237,8888.0,1,1,BodyFat,GHS,11,TT,0,151402
28,0.6540733259653615,1.399315016798274,8167.0,1,1,BodyFat,GHS,11,TT,0,151403
29,0.6739746969290218,2.187289806485379,9100.0,1,1,BodyFat,GHS,11,TT,0,151404
30,0.6541273075077428,2.067618107105999,9072.0,1,1,BodyFat,GHS,11,TT,0,151405
32,0.655190084412969,1.4276112739281013,9017.0,1,1,BodyFat,GHS,11,TT,0,151407
33,0.6320078012019,0.9766553602652946,10998.0,1,1,BodyFat,GHS,11,TT,0,151408
34,0.6545671599345562,1.1390298579799012,9938.0,1,1,BodyFat,GHS,11,TT,0,151409
31,0.6614976785315149,1.4577521320438207,10922.0,1,1,BodyFat,GHS,11,TT,0,129119