
0,0.7034785234274271,0.7807179418239131,16766.0,1,1,Sensory,GHS,1,TT,0,136535
1,0.7099624520022058,0.7633222236007351,16672.0,1,1,Sensory,GHS,1,TT,0,136536
2,0.7104083552977165,0.8555610838640986,17012.0,1,1,Sensory,GHS,1,TT,0,136537
3,0.713956938707922,0.83500198635299,16625.0,1,1,Sensory,GHS,1,TT,0,136538
4,0.7140818070348476,0.8056909294760084,16959.0,1,1,Sensory,GHS,1,TT,0,136539
5,0.7135262753168268,0.8373702356167999,16764.0,1,1,Sensory,GHS,1,TT,0,136540
6,0.70612025495372,0.8246812613603677,16735.0,1,1,Sensory,GHS,1,TT,0,136541
7,0.7130628802227256,0.7955935291338482,16672.0,1,1,Sensory,GHS,1,TT,0,136542
8,0.7119382290826929,0.8207394783578985,16918.0,1,1,Sensory,GHS,1,TT,0,136543
9,0.7166941958626257,0.817173720617674,21537.0,1,1,Sensory,GHS,1,TT,0,136544
10,0.7149202176805023,0.8568134007624575,16802.0,1,1,Sensory,GHS,1,TT,0,136545
11,0.7100640403819292,0.8188846725959852,16888.0,1,1,Sensory,GHS,1,TT,0,136546
12,0.7121941708868029,0.8229209761148393,24047.0,1,1,Sensory,GHS,1,TT,0,111462
13,0.7125493303745462,0.8004827229205763,16726.0,1,1,Sensory,GHS,1,TT,0,136548
14,0.6967704538002956,0.7837617064593515,16625.0,1,1,Sensory,GHS,1,TT,0,136549
15,0.7193357164017453,0.8148106210235296,16703.0,1,1,Sensory,GHS,1,TT,0,136550
16,0.7115319222037347,0.7746608114196056,16749.0,1,1,Sensory,GHS,1,TT,0,136551
17,0.6986499852798895,0.8005539651257536,16951.0,1,1,Sensory,GHS,1,TT,0,136552
18,0.715616940043483,0.7816869625054647,16594.0,1,1,Sensory,GHS,1,TT,0,136553
19,0.713943007177358,0.8158589591969216,16726.0,1,1,Sensory,GHS,1,TT,0,136554
20,0.7153474078436348,0.7870573261375531,16757.0,1,1,Sensory,GHS,1,TT,0,136555
21,0.7111171590855174,0.8453584755392682,21726.0,1,1,Sensory,GHS,1,TT,0,136556
22,0.7163435612035368,0.8138206783692442,20638.0,1,1,Sensory,GHS,1,TT,0,136557
23,0.7100127893906796,0.8301346957258132,20832.0,1,1,Sensory,GHS,1,TT,0,136558
24,0.7043344626163748,0.8139111923158228,16878.0,1,1,Sensory,GHS,1,TT,0,136559
25,0.6978742964435866,0.7914116836181828,21394.0,1,1,Sensory,GHS,1,TT,0,136560
26,0.7079017898113228,0.8513125049960869,16975.0,1,1,Sensory,GHS,1,TT,0,136561
27,0.7068405029797079,0.8166420207337022,20811.0,1,1,Sensory,GHS,1,TT,0,136562
28,0.7073348635122165,0.7830937776089715,21343.0,1,1,Sensory,GHS,1,TT,0,136563
29,0.7102563887801517,0.7743113514976481,21367.0,1,1,Sensory,GHS,1,TT,0,136564
30,0.7139343502330869,0.8676362312758972,18310.0,1,1,Sensory,GHS,1,TT,0,136565
31,0.7025625404758262,0.7805458283161992,17077.0,1,1,Sensory,GHS,1,TT,0,136566
32,0.7133608077588406,0.8437504385527412,22693.0,1,1,Sensory,GHS,1,TT,0,136567
33,0.7169402410744017,0.818971708007002,22746.0,1,1,Sensory,GHS,1,TT,0,136568
34,0.7054581725213719,0.8299246449868953,22087.0,1,1,Sensory,GHS,1,TT,0,136569