
0,0.16800000000000004,0.7661290322580645,21000.0,1,1,Blood,GHS,2,TT,0,136850
1,0.172,0.7661290322580645,21584.0,1,1,Blood,GHS,2,TT,0,136851
2,0.17199999999999993,0.7782258064516129,22049.0,1,1,Blood,GHS,2,TT,0,136852
3,0.172,0.782258064516129,21873.0,1,1,Blood,GHS,2,TT,0,136853
4,0.17199999999999993,0.7862903225806451,20194.0,1,1,Blood,GHS,2,TT,0,136854
5,0.17000000000000004,0.7701612903225806,21749.0,1,1,Blood,GHS,2,TT,0,136855
6,0.17000000000000004,0.7862903225806451,21000.0,1,1,Blood,GHS,2,TT,0,136856
7,0.17199999999999993,0.7661290322580645,20094.0,1,1,Blood,GHS,2,TT,0,136857
8,0.172,0.7741935483870968,21849.0,1,1,Blood,GHS,2,TT,0,136858
9,0.17199999999999993,0.7943548387096774,21546.0,1,1,Blood,GHS,2,TT,0,136859
10,0.17199999999999993,0.7782258064516129,19968.0,1,1,Blood,GHS,2,TT,0,136860
11,0.17199999999999993,0.7701612903225806,21919.0,1,1,Blood,GHS,2,TT,0,136861
12,0.17199999999999993,0.7862903225806451,20188.0,1,1,Blood,GHS,2,TT,0,136862
13,0.17000000000000004,0.7620967741935484,20353.0,1,1,Blood,GHS,2,TT,0,136863
14,0.17000000000000004,0.7782258064516129,20507.0,1,1,Blood,GHS,2,TT,0,136864
15,0.17199999999999993,0.7782258064516129,21313.0,1,1,Blood,GHS,2,TT,0,136865
16,0.17199999999999993,0.7701612903225806,22137.0,1,1,Blood,GHS,2,TT,0,136866
17,0.17199999999999993,0.7782258064516129,20000.0,1,1,Blood,GHS,2,TT,0,136867
18,0.17199999999999993,0.782258064516129,22701.0,1,1,Blood,GHS,2,TT,0,136868
19,0.17199999999999993,0.782258064516129,22742.0,1,1,Blood,GHS,2,TT,0,136869
20,0.17199999999999993,0.7701612903225806,21593.0,1,1,Blood,GHS,2,TT,0,136870
21,0.17000000000000004,0.7620967741935484,20172.0,1,1,Blood,GHS,2,TT,0,136871
22,0.17199999999999993,0.7620967741935484,20469.0,1,1,Blood,GHS,2,TT,0,136872
23,0.17199999999999993,0.7701612903225806,20358.0,1,1,Blood,GHS,2,TT,0,136873
24,0.17199999999999993,0.7661290322580645,21219.0,1,1,Blood,GHS,2,TT,0,136874
25,0.17000000000000004,0.7782258064516129,20338.0,1,1,Blood,GHS,2,TT,0,136875
26,0.172,0.7782258064516129,28173.0,1,1,Blood,GHS,2,TT,0,136876
27,0.17199999999999993,0.782258064516129,20924.0,1,1,Blood,GHS,2,TT,0,136877
28,0.17,0.7782258064516129,26219.0,1,1,Blood,GHS,2,TT,0,136878
29,0.17,0.7782258064516129,25235.0,1,1,Blood,GHS,2,TT,0,136879
30,0.17199999999999993,0.782258064516129,25187.0,1,1,Blood,GHS,2,TT,0,136880
31,0.17,0.7701612903225806,26560.0,1,1,Blood,GHS,2,TT,0,136881
32,0.17199999999999993,0.7701612903225806,28719.0,1,1,Blood,GHS,2,TT,0,136882
33,0.17199999999999993,0.7903225806451613,21456.0,1,1,Blood,GHS,2,TT,0,136883
34,0.17199999999999993,0.782258064516129,21063.0,1,1,Blood,GHS,2,TT,0,136884