
0,2.8044077950783315,4.453812131661687,20797.0,1,1,Housing,GHS,2,TT,0,138110
1,2.7898444681711165,4.5064921325212115,14287.0,1,1,Housing,GHS,2,TT,0,138111
2,2.7772786073753863,3.8667251027093212,14283.0,1,1,Housing,GHS,2,TT,0,138112
3,2.794260612410434,4.3503618028113795,16915.0,1,1,Housing,GHS,2,TT,0,138113
4,2.789241857137715,4.013250673309353,18552.0,1,1,Housing,GHS,2,TT,0,138114
5,2.7778593245744485,4.043271102392596,18686.0,1,1,Housing,GHS,2,TT,0,138115
6,2.8587870325250018,3.8136050143908093,20698.0,1,1,Housing,GHS,2,TT,0,138116
7,2.7914819135385867,4.911733885167859,19084.0,1,1,Housing,GHS,2,TT,0,138117
8,2.8075681724466732,4.1415478246806225,19139.0,1,1,Housing,GHS,2,TT,0,138118
9,2.7834909822123595,4.160213393105634,20411.0,1,1,Housing,GHS,2,TT,0,138119
10,2.793046984191832,4.3073524634194,16427.0,1,1,Housing,GHS,2,TT,0,138120
11,2.817090556058864,3.969669470998717,22469.0,1,1,Housing,GHS,2,TT,0,112751
12,2.693147669994264,4.521376768923829,14921.0,1,1,Housing,GHS,2,TT,0,138122
13,2.8087789329522894,4.114592788038743,20719.0,1,1,Housing,GHS,2,TT,0,138123
14,2.8320433773394664,4.399996445864559,16829.0,1,1,Housing,GHS,2,TT,0,138124
15,2.7808269354346513,4.264212687205415,14906.0,1,1,Housing,GHS,2,TT,0,138125
16,2.8189537629984027,3.9100968090330794,21656.0,1,1,Housing,GHS,2,TT,0,112756
17,2.8055967388253884,3.8024703132886004,14985.0,1,1,Housing,GHS,2,TT,0,138127
18,2.74966025997347,4.385160329262134,14890.0,1,1,Housing,GHS,2,TT,0,138128
19,2.8170602849179547,4.279513502251591,14890.0,1,1,Housing,GHS,2,TT,0,138129
20,2.77084125057144,4.230289274562008,21641.0,1,1,Housing,GHS,2,TT,0,112760
21,2.8163269918603913,4.155095382173923,15057.0,1,1,Housing,GHS,2,TT,0,138131
22,2.815393277377489,4.456283299231074,16826.0,1,1,Housing,GHS,2,TT,0,138132
23,2.799727122475767,4.171280122439177,15064.0,1,1,Housing,GHS,2,TT,0,138133
24,2.751813057837973,4.3854175846854755,14954.0,1,1,Housing,GHS,2,TT,0,138134
25,2.746603043805751,4.263846302169549,15072.0,1,1,Housing,GHS,2,TT,0,138135
26,2.8036998550314176,4.588090616391095,20640.0,1,1,Housing,GHS,2,TT,0,138136
27,2.7601984108904296,4.053952452674017,15008.0,1,1,Housing,GHS,2,TT,0,138137
28,2.840028044827404,3.7788351705632586,15000.0,1,1,Housing,GHS,2,TT,0,138138
29,2.7875274348817047,4.054719654298629,20415.0,1,1,Housing,GHS,2,TT,0,138139
30,2.828818027186593,3.9206284037517936,18580.0,1,1,Housing,GHS,2,TT,0,138140
31,2.7505281984844565,4.207267979706838,20907.0,1,1,Housing,GHS,2,TT,0,138141
32,2.7013581869230063,4.621619703867782,20569.0,1,1,Housing,GHS,2,TT,0,138142
33,2.7547259744933132,4.124751880356454,20545.0,1,1,Housing,GHS,2,TT,0,138143
34,2.8212097766886877,3.7841860691364864,14155.0,1,1,Housing,GHS,2,TT,0,138144