
0,881.6706027035458,3896.6476115178866,5746.0,1,1,AutoPrice,GHS,7,TT,0,145285
1,907.6563386061584,4032.3151932274804,6109.0,1,1,AutoPrice,GHS,7,TT,0,145286
2,897.7119484800122,3393.46236486736,6208.0,1,1,AutoPrice,GHS,7,TT,0,145287
3,891.4685466898844,3980.6152665815966,5623.0,1,1,AutoPrice,GHS,7,TT,0,145288
4,915.8518214335675,4094.2426938522326,7623.0,1,1,AutoPrice,GHS,7,TT,0,145289
5,892.0161296776562,6691.1565714401995,8531.0,1,1,AutoPrice,GHS,7,TT,0,118595
6,872.08234449796,3762.097924304748,5662.0,1,1,AutoPrice,GHS,7,TT,0,145291
7,890.3815337985287,4615.619052519199,6112.0,1,1,AutoPrice,GHS,7,TT,0,145292
8,919.6505225409792,3335.670823924827,6230.0,1,1,AutoPrice,GHS,7,TT,0,145293
9,838.45615061701,4067.351915534952,8672.0,1,1,AutoPrice,GHS,7,TT,0,118599
10,900.3608277111736,4464.0116887890545,6297.0,1,1,AutoPrice,GHS,7,TT,0,145295
11,899.0551225195362,5777.360027434452,5636.0,1,1,AutoPrice,GHS,7,TT,0,145296
12,865.0633555130614,4504.580857300275,6094.0,1,1,AutoPrice,GHS,7,TT,0,145297
13,917.2603086215104,3224.5073791911586,6219.0,1,1,AutoPrice,GHS,7,TT,0,145298
14,911.634346501868,4634.254518818917,5649.0,1,1,AutoPrice,GHS,7,TT,0,145299
15,919.498503133334,4118.727942620797,5632.0,1,1,AutoPrice,GHS,7,TT,0,145300
16,937.0030963898728,2633.424651335572,8312.0,1,1,AutoPrice,GHS,7,TT,0,118606
17,865.8623304490061,3725.463737094688,7204.0,1,1,AutoPrice,GHS,7,TT,0,145302
18,903.7220365791593,4225.1371218894155,5276.0,1,1,AutoPrice,GHS,7,TT,0,145303
19,880.1759049380032,3551.8786295200885,6953.0,1,1,AutoPrice,GHS,7,TT,0,145304
20,928.9260446092011,3208.5056188572044,7390.0,1,1,AutoPrice,GHS,7,TT,0,145305
21,906.4248917538591,4372.603003008443,8594.0,1,1,AutoPrice,GHS,7,TT,0,118611
22,845.599492190873,5293.29664661606,7000.0,1,1,AutoPrice,GHS,7,TT,0,145307
23,901.739377524877,4214.440416045967,7598.0,1,1,AutoPrice,GHS,7,TT,0,145308
24,898.709621677601,3165.195690106839,7641.0,1,1,AutoPrice,GHS,7,TT,0,145309
25,880.3760617421096,3476.984067175414,7684.0,1,1,AutoPrice,GHS,7,TT,0,145310
26,888.7100687063017,3988.7084413699927,5264.0,1,1,AutoPrice,GHS,7,TT,0,145311
27,914.63547728295,3964.9956107189764,6910.0,1,1,AutoPrice,GHS,7,TT,0,145312
28,904.2018286861659,3334.0278665691544,5773.0,1,1,AutoPrice,GHS,7,TT,0,145313
29,904.0761143928987,3600.2075983778577,8469.0,1,1,AutoPrice,GHS,7,TT,0,118619
31,882.175717981402,6160.380778579541,5310.0,1,1,AutoPrice,GHS,7,TT,0,145316
32,931.7018620780598,3417.0062389133077,7531.0,1,1,AutoPrice,GHS,7,TT,0,145317
33,928.5628622548099,3063.080904729096,6142.0,1,1,AutoPrice,GHS,7,TT,0,145318
34,876.1471832566327,3932.76871442153,5675.0,1,1,AutoPrice,GHS,7,TT,0,145319
30,840.2557000096335,5190.863141253289,6953.0,1,1,AutoPrice,GHS,7,TT,0,123993