
0,1.7412869236684485,3.393976662496064,11515.0,1,1,AutoMpg,GHS,7,TT,0,145250
1,1.7162956834702008,3.5626600747985555,16797.0,1,1,AutoMpg,GHS,7,TT,0,118561
2,1.729894030516233,3.5381897696328743,11721.0,1,1,AutoMpg,GHS,7,TT,0,145252
3,1.6962321575056474,3.3863986164678983,15784.0,1,1,AutoMpg,GHS,7,TT,0,145253
4,1.7357041069255184,3.6922004107481157,16115.0,1,1,AutoMpg,GHS,7,TT,0,145254
5,1.7216712522765356,3.418560136658022,17188.0,1,1,AutoMpg,GHS,7,TT,0,118565
6,1.7401212676078752,3.5578367029096944,11609.0,1,1,AutoMpg,GHS,7,TT,0,145256
7,1.7322878912272837,3.867245375600287,12799.0,1,1,AutoMpg,GHS,7,TT,0,145257
8,1.7237871283571782,3.4761824563508354,11773.0,1,1,AutoMpg,GHS,7,TT,0,145258
9,1.7066368306499888,3.4900861846140954,11779.0,1,1,AutoMpg,GHS,7,TT,0,145259
10,1.721029906237966,3.4167057176127145,11609.0,1,1,AutoMpg,GHS,7,TT,0,145260
11,1.7308256559115553,3.4690701328932785,11625.0,1,1,AutoMpg,GHS,7,TT,0,145261
12,1.7206357408731177,3.646290858663253,11562.0,1,1,AutoMpg,GHS,7,TT,0,145262
13,1.7255071174273722,3.32858987703247,11637.0,1,1,AutoMpg,GHS,7,TT,0,145263
14,1.7275019148040798,3.499888636938569,11610.0,1,1,AutoMpg,GHS,7,TT,0,145264
15,1.732531760725255,3.4405512508423155,11594.0,1,1,AutoMpg,GHS,7,TT,0,145265
16,1.7348941172245511,3.4581401592764975,11594.0,1,1,AutoMpg,GHS,7,TT,0,145266
17,1.7337504738355864,3.442676196052371,17047.0,1,1,AutoMpg,GHS,7,TT,0,118577
18,1.7159675492758846,3.6681328908480744,11845.0,1,1,AutoMpg,GHS,7,TT,0,145268
19,1.7203555989262185,3.6277738228687104,11453.0,1,1,AutoMpg,GHS,7,TT,0,145269
20,1.7275825528003181,3.633236263200354,11562.0,1,1,AutoMpg,GHS,7,TT,0,145270
21,1.7508120103792442,3.456150452053767,16175.0,1,1,AutoMpg,GHS,7,TT,0,145271
22,1.729492671535235,3.2872956872118273,17000.0,1,1,AutoMpg,GHS,7,TT,0,118582
23,1.7306631128451617,3.580687064901412,11500.0,1,1,AutoMpg,GHS,7,TT,0,145273
24,1.7440117940013002,3.238640348851286,11725.0,1,1,AutoMpg,GHS,7,TT,0,145274
25,1.7482373033226375,3.464630766820299,11684.0,1,1,AutoMpg,GHS,7,TT,0,145275
26,1.751562672261218,3.6149037906052435,11657.0,1,1,AutoMpg,GHS,7,TT,0,145276
27,1.705891707497521,3.5921345903164297,11717.0,1,1,AutoMpg,GHS,7,TT,0,145277
28,1.6982153293870084,3.6394408525510253,11829.0,1,1,AutoMpg,GHS,7,TT,0,145278
29,1.7636682046085432,3.7348776718078587,11672.0,1,1,AutoMpg,GHS,7,TT,0,145279
30,1.7461812843673237,3.434951625008697,14437.0,1,1,AutoMpg,GHS,7,TT,0,145280
31,1.7039061168534657,3.561095483541715,11801.0,1,1,AutoMpg,GHS,7,TT,0,145281
32,1.7347624768998318,3.4342580650713956,11745.0,1,1,AutoMpg,GHS,7,TT,0,145282
34,1.7544908922006897,3.4316157285365794,11689.0,1,1,AutoMpg,GHS,7,TT,0,145284
33,1.7123847687298301,3.695884365932563,18765.0,1,1,AutoMpg,GHS,7,TT,0,123752