
0,2.757422985191943,4.509743337312783,20297.0,1,1,Housing,GHS,7,TT,0,145460
1,2.8103011288434736,4.048324939453258,14221.0,1,1,Housing,GHS,7,TT,0,145461
2,2.829757948372294,3.9960182592665237,16950.0,1,1,Housing,GHS,7,TT,0,145462
3,2.830105332552429,4.228342107440882,16485.0,1,1,Housing,GHS,7,TT,0,145463
4,2.815504690995603,4.100626179617073,15168.0,1,1,Housing,GHS,7,TT,0,145464
5,2.8073373078962622,5.192770653599667,15175.0,1,1,Housing,GHS,7,TT,0,145465
6,2.847046894899306,4.390810779658848,22297.0,1,1,Housing,GHS,7,TT,0,118746
7,2.7972625065700125,3.929248844104161,19202.0,1,1,Housing,GHS,7,TT,0,145467
8,2.815633214226473,4.177671327861988,14891.0,1,1,Housing,GHS,7,TT,0,145468
9,2.8125913196169616,3.8622627988661504,19188.0,1,1,Housing,GHS,7,TT,0,145469
10,2.7919132365242283,3.6988580591956577,21938.0,1,1,Housing,GHS,7,TT,0,118750
11,2.7851098205956575,4.33680505750954,20474.0,1,1,Housing,GHS,7,TT,0,145471
12,2.8068125782369893,4.001714507329921,20357.0,1,1,Housing,GHS,7,TT,0,145472
13,2.7691050061720066,3.7308178892666333,14307.0,1,1,Housing,GHS,7,TT,0,145473
14,2.825600344223095,4.18235487143083,15000.0,1,1,Housing,GHS,7,TT,0,145474
15,2.7291667019642207,4.349391943183806,16903.0,1,1,Housing,GHS,7,TT,0,145475
16,2.8425315306134333,4.005547157002585,14921.0,1,1,Housing,GHS,7,TT,0,145476
17,2.7998273817964607,3.900455585714542,20762.0,1,1,Housing,GHS,7,TT,0,145477
18,2.8317372985955127,3.9799960398714562,15201.0,1,1,Housing,GHS,7,TT,0,145478
19,2.8404753994031786,4.567414746678063,14906.0,1,1,Housing,GHS,7,TT,0,145479
20,2.851730010851953,3.648677093843377,22656.0,1,1,Housing,GHS,7,TT,0,118760
21,2.8165180318084917,4.651012681388567,14969.0,1,1,Housing,GHS,7,TT,0,145481
22,2.778565470219099,3.820784604365251,14953.0,1,1,Housing,GHS,7,TT,0,145482
23,2.8415893201405718,4.903608566069039,15016.0,1,1,Housing,GHS,7,TT,0,145483
24,2.8190744230298703,4.149091586606923,15062.0,1,1,Housing,GHS,7,TT,0,145484
25,2.8033585319321035,4.322887237221879,15111.0,1,1,Housing,GHS,7,TT,0,145485
26,2.792126526344411,3.750719558490425,15047.0,1,1,Housing,GHS,7,TT,0,145486
27,2.86420542887715,4.101908183152843,22188.0,1,1,Housing,GHS,7,TT,0,118767
28,2.8245651678140584,4.267079250869442,20948.0,1,1,Housing,GHS,7,TT,0,145488
29,2.794786660582316,5.124912544982934,15248.0,1,1,Housing,GHS,7,TT,0,145489
30,2.8180144963292406,4.421507819022888,20777.0,1,1,Housing,GHS,7,TT,0,145490
31,2.8073375125819235,4.29480262062317,15236.0,1,1,Housing,GHS,7,TT,0,145491
32,2.835138754926413,4.770914425140265,20328.0,1,1,Housing,GHS,7,TT,0,145492
33,2.8072205569603232,4.1482187720418215,20093.0,1,1,Housing,GHS,7,TT,0,145493
34,2.8291636650563334,4.228147637660485,20661.0,1,1,Housing,GHS,7,TT,0,145494