
0,0.14285714285714285,0.8200000000000001,8800.0,1,1,Vertebral2C,PSO,0,CV,1,317555
1,0.14285714285714285,0.81,10623.0,1,1,Vertebral2C,PSO,0,CV,1,317556
2,0.14285714285714285,0.84,11476.0,1,1,Vertebral2C,PSO,0,CV,1,317557
3,0.1476190476190476,0.83,11923.0,1,1,Vertebral2C,PSO,0,CV,1,317558
4,0.1476190476190476,0.8200000000000001,8627.0,1,1,Vertebral2C,PSO,0,CV,1,317559
5,0.12857142857142856,0.83,11904.0,1,1,Vertebral2C,PSO,0,CV,1,317560
6,0.1380952380952381,0.81,8625.0,1,1,Vertebral2C,PSO,0,CV,1,318436
7,0.1380952380952381,0.81,11811.0,1,1,Vertebral2C,PSO,0,CV,1,317562
8,0.13333333333333333,0.84,8732.0,1,1,Vertebral2C,PSO,0,CV,1,317563
9,0.1476190476190476,0.81,8851.0,1,1,Vertebral2C,PSO,0,CV,1,317564
10,0.14285714285714285,0.8200000000000001,8781.0,1,1,Vertebral2C,PSO,0,CV,1,317565
11,0.1476190476190476,0.85,8300.0,1,1,Vertebral2C,PSO,0,CV,1,318441
12,0.14761904761904762,0.85,8312.0,1,1,Vertebral2C,PSO,0,CV,1,317567
13,0.1380952380952381,0.8,9023.0,1,1,Vertebral2C,PSO,0,CV,1,317568
14,0.1333333333333333,0.81,8015.0,1,1,Vertebral2C,PSO,0,CV,1,317569
15,0.14285714285714285,0.83,8669.0,1,1,Vertebral2C,PSO,0,CV,1,317570
16,0.12857142857142856,0.81,8407.0,1,1,Vertebral2C,PSO,0,CV,1,317571
17,0.14285714285714285,0.78,8907.0,1,1,Vertebral2C,PSO,0,CV,1,317572
18,0.12857142857142856,0.79,8745.0,1,1,Vertebral2C,PSO,0,CV,1,317573
19,0.1476190476190476,0.8200000000000001,8751.0,1,1,Vertebral2C,PSO,0,CV,1,317574
20,0.1380952380952381,0.83,8090.0,1,1,Vertebral2C,PSO,0,CV,1,317575
21,0.14285714285714285,0.85,7961.0,1,1,Vertebral2C,PSO,0,CV,1,317576
22,0.1476190476190476,0.77,8407.0,1,1,Vertebral2C,PSO,0,CV,1,317577
23,0.1476190476190476,0.83,8422.0,1,1,Vertebral2C,PSO,0,CV,1,317578
24,0.14285714285714285,0.81,8746.0,1,1,Vertebral2C,PSO,0,CV,1,318454
25,0.1476190476190476,0.8200000000000001,8563.0,1,1,Vertebral2C,PSO,0,CV,1,318455
26,0.14285714285714285,0.78,10538.0,1,1,Vertebral2C,PSO,0,CV,1,317581
27,0.11904761904761903,0.78,9002.0,1,1,Vertebral2C,PSO,0,CV,1,317582
28,0.13809523809523808,0.8200000000000001,8750.0,1,1,Vertebral2C,PSO,0,CV,1,318458
29,0.1476190476190476,0.81,8769.0,1,1,Vertebral2C,PSO,0,CV,1,317584
30,0.13809523809523808,0.84,9141.0,1,1,Vertebral2C,PSO,0,CV,1,317585
31,0.1476190476190476,0.81,9850.0,1,1,Vertebral2C,PSO,0,CV,1,317586
32,0.1476190476190476,0.8200000000000001,8744.0,1,1,Vertebral2C,PSO,0,CV,1,317587
33,0.1476190476190476,0.8200000000000001,8602.0,1,1,Vertebral2C,PSO,0,CV,1,317588
34,0.15238095238095237,0.78,8668.0,1,1,Vertebral2C,PSO,0,CV,1,317589