
0,0.1619047619047619,0.81,8812.0,1,1,Vertebral3C,PSO,1,CV,1,319935
1,0.1571428571428571,0.83,8917.0,1,1,Vertebral3C,PSO,1,CV,1,319936
2,0.15238095238095237,0.8,8883.0,1,1,Vertebral3C,PSO,1,CV,1,319937
3,0.15238095238095237,0.8,8806.0,1,1,Vertebral3C,PSO,1,CV,1,319938
4,0.14285714285714285,0.8200000000000001,8854.0,1,1,Vertebral3C,PSO,1,CV,1,263554
5,0.1476190476190476,0.8,8829.0,1,1,Vertebral3C,PSO,1,CV,1,319940
6,0.14761904761904762,0.8200000000000001,9138.0,1,1,Vertebral3C,PSO,1,CV,1,319941
7,0.1571428571428571,0.79,8718.0,1,1,Vertebral3C,PSO,1,CV,1,319942
8,0.1476190476190476,0.81,9028.0,1,1,Vertebral3C,PSO,1,CV,1,319943
9,0.15714285714285714,0.81,8796.0,1,1,Vertebral3C,PSO,1,CV,1,319944
10,0.15238095238095237,0.81,12385.0,1,1,Vertebral3C,PSO,1,CV,1,319945
11,0.13333333333333336,0.8200000000000001,12320.0,1,1,Vertebral3C,PSO,1,CV,1,319946
12,0.15714285714285714,0.8,12293.0,1,1,Vertebral3C,PSO,1,CV,1,319947
13,0.15238095238095237,0.84,8868.0,1,1,Vertebral3C,PSO,1,CV,1,319948
14,0.15238095238095237,0.85,8813.0,1,1,Vertebral3C,PSO,1,CV,1,319949
15,0.13809523809523808,0.79,9074.0,1,1,Vertebral3C,PSO,1,CV,1,319950
16,0.15238095238095234,0.81,8902.0,1,1,Vertebral3C,PSO,1,CV,1,319951
17,0.1380952380952381,0.83,8837.0,1,1,Vertebral3C,PSO,1,CV,1,319952
18,0.14285714285714285,0.8,8861.0,1,1,Vertebral3C,PSO,1,CV,1,319953
19,0.14285714285714285,0.81,8719.0,1,1,Vertebral3C,PSO,1,CV,1,319954
20,0.15714285714285714,0.81,8735.0,1,1,Vertebral3C,PSO,1,CV,1,319955
21,0.14285714285714285,0.8,8781.0,1,1,Vertebral3C,PSO,1,CV,1,263571
22,0.15238095238095237,0.8200000000000001,9147.0,1,1,Vertebral3C,PSO,1,CV,1,319957
23,0.15238095238095237,0.81,8750.0,1,1,Vertebral3C,PSO,1,CV,1,319958
24,0.14285714285714285,0.83,8990.0,1,1,Vertebral3C,PSO,1,CV,1,319959
25,0.15238095238095237,0.83,8875.0,1,1,Vertebral3C,PSO,1,CV,1,319960
26,0.14285714285714285,0.84,12269.0,1,1,Vertebral3C,PSO,1,CV,1,319961
27,0.1571428571428571,0.8200000000000001,11059.0,1,1,Vertebral3C,PSO,1,CV,1,263577
28,0.15238095238095234,0.81,8776.0,1,1,Vertebral3C,PSO,1,CV,1,263578
29,0.1476190476190476,0.81,12275.0,1,1,Vertebral3C,PSO,1,CV,1,319964
30,0.15714285714285714,0.8,8856.0,1,1,Vertebral3C,PSO,1,CV,1,319965
31,0.15238095238095237,0.81,8781.0,1,1,Vertebral3C,PSO,1,CV,1,319966
32,0.1571428571428571,0.78,8750.0,1,1,Vertebral3C,PSO,1,CV,1,319967
33,0.1476190476190476,0.83,8838.0,1,1,Vertebral3C,PSO,1,CV,1,319968
34,0.15714285714285714,0.78,9085.0,1,1,Vertebral3C,PSO,1,CV,1,319969