
0,0.06865942028985508,0.905982905982906,11942.0,1,1,Ionosphere,PSO,2,CV,1,321125
1,0.05996376811594202,0.8888888888888888,11579.0,1,1,Ionosphere,PSO,2,CV,1,321126
2,0.05996376811594204,0.9145299145299145,10959.0,1,1,Ionosphere,PSO,2,CV,1,264512
3,0.0769927536231884,0.9145299145299145,10415.0,1,1,Ionosphere,PSO,2,CV,1,321128
4,0.07264492753623189,0.8717948717948718,11885.0,1,1,Ionosphere,PSO,2,CV,1,321129
5,0.06829710144927537,0.8803418803418803,10297.0,1,1,Ionosphere,PSO,2,CV,1,321130
6,0.08115942028985507,0.8803418803418803,9763.0,1,1,Ionosphere,PSO,2,CV,1,321131
7,0.07717391304347826,0.9316239316239316,11877.0,1,1,Ionosphere,PSO,2,CV,1,321132
8,0.0769927536231884,0.8974358974358975,10188.0,1,1,Ionosphere,PSO,2,CV,1,321133
9,0.07264492753623188,0.8974358974358975,10330.0,1,1,Ionosphere,PSO,2,CV,1,321134
10,0.0644927536231884,0.8717948717948718,10141.0,1,1,Ionosphere,PSO,2,CV,1,321135
11,0.05996376811594202,0.8632478632478633,10187.0,1,1,Ionosphere,PSO,2,CV,1,321136
12,0.0766304347826087,0.9145299145299145,10187.0,1,1,Ionosphere,PSO,2,CV,1,321137
13,0.0769927536231884,0.8803418803418803,10465.0,1,1,Ionosphere,PSO,2,CV,1,321138
14,0.0769927536231884,0.8974358974358975,10218.0,1,1,Ionosphere,PSO,2,CV,1,321139
15,0.07735507246376812,0.8803418803418803,10063.0,1,1,Ionosphere,PSO,2,CV,1,321140
16,0.07735507246376812,0.8974358974358975,10266.0,1,1,Ionosphere,PSO,2,CV,1,321141
17,0.08115942028985505,0.905982905982906,10513.0,1,1,Ionosphere,PSO,2,CV,1,321142
18,0.0681159420289855,0.9401709401709402,10339.0,1,1,Ionosphere,PSO,2,CV,1,321143
19,0.07699275362318839,0.8888888888888888,10397.0,1,1,Ionosphere,PSO,2,CV,1,321144
20,0.08568840579710144,0.8803418803418803,10301.0,1,1,Ionosphere,PSO,2,CV,1,321145
21,0.07681159420289854,0.8974358974358975,10547.0,1,1,Ionosphere,PSO,2,CV,1,264531
22,0.06847826086956521,0.8632478632478633,10741.0,1,1,Ionosphere,PSO,2,CV,1,264532
23,0.0730072463768116,0.8974358974358975,10461.0,1,1,Ionosphere,PSO,2,CV,1,321148
24,0.07282608695652174,0.9401709401709402,10429.0,1,1,Ionosphere,PSO,2,CV,1,321149
25,0.06829710144927535,0.905982905982906,10439.0,1,1,Ionosphere,PSO,2,CV,1,321150
26,0.06865942028985507,0.8717948717948718,10569.0,1,1,Ionosphere,PSO,2,CV,1,321151
27,0.07681159420289854,0.8803418803418803,10357.0,1,1,Ionosphere,PSO,2,CV,1,321152
28,0.06413043478260869,0.905982905982906,14874.0,1,1,Ionosphere,PSO,2,CV,1,321153
29,0.07228260869565216,0.8632478632478633,13392.0,1,1,Ionosphere,PSO,2,CV,1,321154
30,0.05996376811594202,0.8717948717948718,14721.0,1,1,Ionosphere,PSO,2,CV,1,321155
31,0.06865942028985507,0.8974358974358975,14810.0,1,1,Ionosphere,PSO,2,CV,1,321156
32,0.0769927536231884,0.8888888888888888,11635.0,1,1,Ionosphere,PSO,2,CV,1,321157
33,0.07717391304347825,0.9487179487179487,15023.0,1,1,Ionosphere,PSO,2,CV,1,321158
34,0.06865942028985506,0.8888888888888888,13285.0,1,1,Ionosphere,PSO,2,CV,1,321159