
0,0.8196374105431495,0.8158663962285709,15880.0,1,1,Sensory,IHS,11,CV,0,52745
1,0.8132071797057344,0.8199574852361365,15846.0,1,1,Sensory,IHS,11,CV,0,52746
2,0.812219493441178,0.7910551918695451,15913.0,1,1,Sensory,IHS,11,CV,0,52747
3,0.8213277343388095,0.8459858219630226,15869.0,1,1,Sensory,IHS,11,CV,0,52748
4,0.825448183212319,0.8049575964578739,19624.0,1,1,Sensory,IHS,11,CV,0,52749
5,0.8113075975798045,0.8133901204993713,15878.0,1,1,Sensory,IHS,11,CV,0,52750
6,0.8171027526403465,0.8351831175500541,15876.0,1,1,Sensory,IHS,11,CV,0,52751
7,0.8213052147126444,0.8268990129157462,20547.0,1,1,Sensory,IHS,11,CV,0,52752
8,0.80370717029694,0.776912890790721,15765.0,1,1,Sensory,IHS,11,CV,0,52753
9,0.8162016384839443,0.8239040934778714,15812.0,1,1,Sensory,IHS,11,CV,0,52754
10,0.8139303754095002,0.7852559277403551,16145.0,1,1,Sensory,IHS,11,CV,0,52755
11,0.8146486639475767,0.826953589775906,17364.0,1,1,Sensory,IHS,11,CV,0,52756
12,0.8233855661316364,0.8074698845212563,15926.0,1,1,Sensory,IHS,11,CV,0,52757
13,0.8264610637601575,0.8321167642693809,16107.0,1,1,Sensory,IHS,11,CV,0,52758
14,0.809075741074229,0.9436897816944995,15893.0,1,1,Sensory,IHS,11,CV,0,52759
15,0.8069250693933615,0.837129271473727,15796.0,1,1,Sensory,IHS,11,CV,0,52760
16,0.821980629547004,0.7976048671287131,15641.0,1,1,Sensory,IHS,11,CV,0,52761
17,0.8161684217088616,0.8013881955370188,15781.0,1,1,Sensory,IHS,11,CV,0,52762
18,0.8201185530023324,0.8586753458995554,16070.0,1,1,Sensory,IHS,11,CV,0,52763
19,0.8196618082609237,0.8079880862702932,20389.0,1,1,Sensory,IHS,11,CV,0,52764
20,0.8215540501225511,0.8283213447294024,16058.0,1,1,Sensory,IHS,11,CV,0,52765
21,0.8233888403341452,0.807924391686382,17661.0,1,1,Sensory,IHS,11,CV,0,52766
22,0.8162362473179321,0.8398427225762543,17174.0,1,1,Sensory,IHS,11,CV,0,52767
23,0.7950832462894238,0.7704953764355059,21404.0,1,1,Sensory,IHS,11,CV,0,52768
24,0.8168378521975435,0.8128333389947369,21323.0,1,1,Sensory,IHS,11,CV,0,52769
25,0.8246998937593251,0.7950146404550797,15816.0,1,1,Sensory,IHS,11,CV,0,52770
26,0.8113932681348455,0.8156157167526833,21046.0,1,1,Sensory,IHS,11,CV,0,52771
27,0.8257294132946201,0.8324865934026755,17242.0,1,1,Sensory,IHS,11,CV,0,52772
28,0.8207984608813105,0.7919199312736273,15929.0,1,1,Sensory,IHS,11,CV,0,52773
29,0.8153998732875414,0.7933892550320064,15954.0,1,1,Sensory,IHS,11,CV,0,52774
30,0.8183277452587946,0.8198963480276408,21584.0,1,1,Sensory,IHS,11,CV,0,52775
31,0.8210518102511333,0.782954486864396,21388.0,1,1,Sensory,IHS,11,CV,0,52776
32,0.8131790575747043,0.8100607390357552,17584.0,1,1,Sensory,IHS,11,CV,0,52777
33,0.8287624441829411,0.815088028629679,17185.0,1,1,Sensory,IHS,11,CV,0,52778
34,0.8212819197613068,0.8787959305157507,16060.0,1,1,Sensory,IHS,11,CV,0,52779