
0,3.6312618781047292,3.8885578293796668,19210.0,1,1,Housing,IHS,12,CV,0,54320
1,3.6876529664344666,4.3901324414915806,18216.0,1,1,Housing,IHS,12,CV,0,54321
2,3.567499445269745,3.5406560120897237,15524.0,1,1,Housing,IHS,12,CV,0,54322
3,3.5238314844946026,4.120436312271035,13339.0,1,1,Housing,IHS,12,CV,0,54323
4,3.568009795747769,4.399362431503563,15798.0,1,1,Housing,IHS,12,CV,0,54324
5,3.57303786099924,3.7297451456961417,15358.0,1,1,Housing,IHS,12,CV,0,54325
6,3.5828351535163128,3.7230090502790416,13458.0,1,1,Housing,IHS,12,CV,0,54326
7,3.5710711198826575,4.012781324124712,15454.0,1,1,Housing,IHS,12,CV,0,54327
8,3.4490140458759178,4.102304567827996,19239.0,1,1,Housing,IHS,12,CV,0,54328
9,3.441998820255924,4.786303036724341,17359.0,1,1,Housing,IHS,12,CV,0,54329
10,3.606086987038109,3.9500007235953674,13451.0,1,1,Housing,IHS,12,CV,0,54330
11,3.548194028504535,3.9251084632265147,15767.0,1,1,Housing,IHS,12,CV,0,54331
12,3.536705305126476,4.261472813821806,19158.0,1,1,Housing,IHS,12,CV,0,54332
13,3.636705081838092,4.140456616498472,13969.0,1,1,Housing,IHS,12,CV,0,54333
14,3.368435941871664,4.836799001693342,13968.0,1,1,Housing,IHS,12,CV,0,54334
15,3.6043010195424925,3.903808692763307,16969.0,1,1,Housing,IHS,12,CV,0,44355
16,3.5401929041542117,4.152994922419531,14143.0,1,1,Housing,IHS,12,CV,0,54336
17,3.5082772520342465,4.712661573456841,14063.0,1,1,Housing,IHS,12,CV,0,54337
18,3.594165148997372,3.9974854981114034,17406.0,1,1,Housing,IHS,12,CV,0,44358
19,3.298670372449004,4.208799593148303,13875.0,1,1,Housing,IHS,12,CV,0,54339
20,3.5682178205552275,4.5560961906134025,14186.0,1,1,Housing,IHS,12,CV,0,54340
21,3.5249987115350065,4.218574274784492,14205.0,1,1,Housing,IHS,12,CV,0,54341
22,3.4769167358273663,4.289220555850955,14250.0,1,1,Housing,IHS,12,CV,0,54342
23,3.669794705288215,4.020349415680626,14000.0,1,1,Housing,IHS,12,CV,0,54343
24,3.535003279768509,4.113844474577529,14202.0,1,1,Housing,IHS,12,CV,0,54344
25,3.624667622404219,4.212837012249237,14164.0,1,1,Housing,IHS,12,CV,0,54345
26,3.4896644264482584,4.415438892292454,15734.0,1,1,Housing,IHS,12,CV,0,54346
27,3.578159157724118,4.3299181388183845,14094.0,1,1,Housing,IHS,12,CV,0,54347
28,3.622574773006966,4.299107567897667,14214.0,1,1,Housing,IHS,12,CV,0,54348
29,3.4683627144973066,4.788833542768203,14237.0,1,1,Housing,IHS,12,CV,0,54349
30,3.645767368894135,4.820336146953468,14356.0,1,1,Housing,IHS,12,CV,0,54350
31,3.433838264796319,4.26579201740982,17832.0,1,1,Housing,IHS,12,CV,0,54351
32,3.5551209920522195,5.092035971185103,17421.0,1,1,Housing,IHS,12,CV,0,54352
33,3.463089700462048,4.527183129267415,17438.0,1,1,Housing,IHS,12,CV,0,54353
34,3.36265344732871,4.863313044346417,17811.0,1,1,Housing,IHS,12,CV,0,54354