
0,2.344831244321962,3.5451961687766067,14257.0,1,1,AutoMpg,IHS,13,CV,0,55580
1,2.378106684945805,3.5447747941700785,14903.0,1,1,AutoMpg,IHS,13,CV,0,55581
2,2.3897224495415545,3.742705165550715,14796.0,1,1,AutoMpg,IHS,13,CV,0,55582
3,2.300995584759706,3.5237607849305497,14834.0,1,1,AutoMpg,IHS,13,CV,0,55583
4,2.360083286797747,3.871221661915137,14827.0,1,1,AutoMpg,IHS,13,CV,0,55584
5,2.45145897754798,3.4758393797440394,10436.0,1,1,AutoMpg,IHS,13,CV,0,55585
6,2.436540102263187,3.4776817935556643,10922.0,1,1,AutoMpg,IHS,13,CV,0,55586
7,2.442926565337677,3.3016738850120784,10937.0,1,1,AutoMpg,IHS,13,CV,0,55587
8,2.375475477359808,3.55562888596329,10953.0,1,1,AutoMpg,IHS,13,CV,0,55588
9,2.385483107152814,3.487312137832493,10969.0,1,1,AutoMpg,IHS,13,CV,0,55589
10,2.3498866812154393,3.5284759036382427,10922.0,1,1,AutoMpg,IHS,13,CV,0,55590
11,2.4068768902654476,3.281538386415616,10844.0,1,1,AutoMpg,IHS,13,CV,0,55591
12,2.3166316005510743,3.6151619925299654,12077.0,1,1,AutoMpg,IHS,13,CV,0,55592
13,2.389997167814033,3.40554535257067,10984.0,1,1,AutoMpg,IHS,13,CV,0,55593
14,2.3888439446886833,3.4782582225362058,11054.0,1,1,AutoMpg,IHS,13,CV,0,55594
15,2.311607043235026,3.423904784355757,10844.0,1,1,AutoMpg,IHS,13,CV,0,55595
16,2.260855122931304,3.8367388839589176,10891.0,1,1,AutoMpg,IHS,13,CV,0,55596
17,2.3846326172890775,3.4306992646191414,11947.0,1,1,AutoMpg,IHS,13,CV,0,55597
18,2.3957738792329972,3.594706134176816,11078.0,1,1,AutoMpg,IHS,13,CV,0,55598
19,2.3988069223757753,3.258781353854191,11213.0,1,1,AutoMpg,IHS,13,CV,0,55599
20,2.435285395946564,3.4372660556820493,11215.0,1,1,AutoMpg,IHS,13,CV,0,55600
21,2.400007908468518,3.6086230318365438,11080.0,1,1,AutoMpg,IHS,13,CV,0,55601
22,2.39902433375734,3.3616463210882435,10937.0,1,1,AutoMpg,IHS,13,CV,0,55602
23,2.2981862068139383,3.3192806533532337,11097.0,1,1,AutoMpg,IHS,13,CV,0,55603
24,2.2752914076959043,3.4768539792673803,11203.0,1,1,AutoMpg,IHS,13,CV,0,55604
25,2.385559127586023,3.6561542507370146,11030.0,1,1,AutoMpg,IHS,13,CV,0,55605
26,2.3891458678493906,3.527494898226155,11038.0,1,1,AutoMpg,IHS,13,CV,0,55606
27,2.3753269289598853,3.480288891551863,10969.0,1,1,AutoMpg,IHS,13,CV,0,55607
28,2.3773519470240796,3.4605441270115924,11041.0,1,1,AutoMpg,IHS,13,CV,0,55608
29,2.4158106060153353,3.6084586927932882,11032.0,1,1,AutoMpg,IHS,13,CV,0,55609
30,2.346740083237602,3.5066057182520387,11074.0,1,1,AutoMpg,IHS,13,CV,0,55610
31,2.3592402964850248,3.411306366336019,11146.0,1,1,AutoMpg,IHS,13,CV,0,55611
32,2.3532584113483304,3.43044111769388,12301.0,1,1,AutoMpg,IHS,13,CV,0,55612
33,2.3724368259965964,3.5803830979766977,11181.0,1,1,AutoMpg,IHS,13,CV,0,55613
34,2.326802465962562,3.4988667875039123,10978.0,1,1,AutoMpg,IHS,13,CV,0,55614