
0,0.817057989194214,0.8309694953788818,15814.0,1,1,Sensory,IHS,13,CV,0,55685
1,0.8169284513116131,0.7799511970545596,15912.0,1,1,Sensory,IHS,13,CV,0,55686
2,0.8190645848737335,0.8155116856427325,15750.0,1,1,Sensory,IHS,13,CV,0,55687
3,0.8015061336103019,0.8513334102888817,15882.0,1,1,Sensory,IHS,13,CV,0,55688
4,0.8172385287262219,0.8582387724076993,19533.0,1,1,Sensory,IHS,13,CV,0,55689
5,0.8122000043444897,0.8271068660900915,21406.0,1,1,Sensory,IHS,13,CV,0,55690
6,0.8087882908814714,0.8209525206885562,15900.0,1,1,Sensory,IHS,13,CV,0,55691
7,0.8178754519257595,0.820624000909887,15810.0,1,1,Sensory,IHS,13,CV,0,55692
8,0.8138173189948645,0.8022033373381225,15750.0,1,1,Sensory,IHS,13,CV,0,55693
9,0.8187833964788525,0.796163115046697,15864.0,1,1,Sensory,IHS,13,CV,0,55694
10,0.8186824412874565,0.7307200859722047,15820.0,1,1,Sensory,IHS,13,CV,0,55695
11,0.8272224421994748,0.8543210010547198,15921.0,1,1,Sensory,IHS,13,CV,0,55696
12,0.8299810659499715,0.8207180114712217,15880.0,1,1,Sensory,IHS,13,CV,0,55697
13,0.7953046829965345,0.8345342824097184,16149.0,1,1,Sensory,IHS,13,CV,0,55698
14,0.8089771089894701,0.8402268813056005,16142.0,1,1,Sensory,IHS,13,CV,0,55699
15,0.8125638515207093,0.7973092921096577,15839.0,1,1,Sensory,IHS,13,CV,0,55700
16,0.8139668836270582,0.8186220405701063,15873.0,1,1,Sensory,IHS,13,CV,0,55701
17,0.8164755956287568,0.8090931469095138,19732.0,1,1,Sensory,IHS,13,CV,0,55702
18,0.8123373600917103,0.7955966971681522,16129.0,1,1,Sensory,IHS,13,CV,0,55703
19,0.7997057128784701,0.8065365426716594,15957.0,1,1,Sensory,IHS,13,CV,0,55704
20,0.8076769154051717,0.7626915714804913,15859.0,1,1,Sensory,IHS,13,CV,0,55705
21,0.8188653570019401,0.8365750675917448,15830.0,1,1,Sensory,IHS,13,CV,0,55706
22,0.8210923628415401,0.8197052500467894,16094.0,1,1,Sensory,IHS,13,CV,0,55707
23,0.8181969579537626,0.8093348920245544,21126.0,1,1,Sensory,IHS,13,CV,0,55708
24,0.8062725434271825,0.7964816083638574,21260.0,1,1,Sensory,IHS,13,CV,0,55709
25,0.7873456095296443,0.8073641443624521,17221.0,1,1,Sensory,IHS,13,CV,0,55710
26,0.8143173013117793,0.7993324251918533,17389.0,1,1,Sensory,IHS,13,CV,0,55711
27,0.8201452605655148,0.8218200048263332,17158.0,1,1,Sensory,IHS,13,CV,0,55712
28,0.8026390065874262,0.8267277001368978,19550.0,1,1,Sensory,IHS,13,CV,0,55713
29,0.8106837854416007,0.7846452221041971,21466.0,1,1,Sensory,IHS,13,CV,0,55714
30,0.8141808320666133,0.7824558710900147,19524.0,1,1,Sensory,IHS,13,CV,0,55715
31,0.8206122603715954,0.8627211726749949,17712.0,1,1,Sensory,IHS,13,CV,0,55716
32,0.8238677938711166,0.7863498036993765,15976.0,1,1,Sensory,IHS,13,CV,0,55717
33,0.8236598339659965,0.8076325161304346,20430.0,1,1,Sensory,IHS,13,CV,0,55718
34,0.8200475141197513,0.7978757058855018,21142.0,1,1,Sensory,IHS,13,CV,0,55719