
0,2164.081053904786,3660.727904830426,5172.0,1,1,AutoPrice,IHS,13,CV,0,55615
1,2114.9716396176836,3610.651703700832,5125.0,1,1,AutoPrice,IHS,13,CV,0,55616
2,1984.5080433149185,4227.71187561869,5173.0,1,1,AutoPrice,IHS,13,CV,0,55617
3,2173.5914847385416,3332.7809698637666,6982.0,1,1,AutoPrice,IHS,13,CV,0,55618
4,2343.539866362422,4252.142713388536,5182.0,1,1,AutoPrice,IHS,13,CV,0,55619
5,2098.189861622613,3274.70368595208,6935.0,1,1,AutoPrice,IHS,13,CV,0,55620
6,2153.5358416707377,3847.675492898633,5607.0,1,1,AutoPrice,IHS,13,CV,0,55621
7,2020.9759341326596,2989.783745369201,6988.0,1,1,AutoPrice,IHS,13,CV,0,55622
8,2223.9035204284146,3779.028838328189,5181.0,1,1,AutoPrice,IHS,13,CV,0,55623
9,2139.86069684675,4506.708350341924,5204.0,1,1,AutoPrice,IHS,13,CV,0,55624
10,2221.6594523226495,4332.266060636887,5623.0,1,1,AutoPrice,IHS,13,CV,0,55625
11,2077.8459874742975,4437.741086097987,5754.0,1,1,AutoPrice,IHS,13,CV,0,55626
12,2138.6233433887637,4548.829985367602,6413.0,1,1,AutoPrice,IHS,13,CV,0,55627
13,2141.5058646734005,3994.000969033038,7021.0,1,1,AutoPrice,IHS,13,CV,0,55628
14,2172.271251462156,4329.062031147682,5725.0,1,1,AutoPrice,IHS,13,CV,0,55629
15,2223.300876402727,3322.0079618217505,5272.0,1,1,AutoPrice,IHS,13,CV,0,55630
16,2151.463983506304,5376.089235360558,6797.0,1,1,AutoPrice,IHS,13,CV,0,55631
17,1955.165049877813,2425.8805968244196,6656.0,1,1,AutoPrice,IHS,13,CV,0,55632
18,2336.7798107558,5151.23080399613,5776.0,1,1,AutoPrice,IHS,13,CV,0,55633
19,2245.2598294511836,4748.203010970476,6422.0,1,1,AutoPrice,IHS,13,CV,0,55634
20,2180.8544283602823,3687.533674098091,6860.0,1,1,AutoPrice,IHS,13,CV,0,55635
21,2314.2722059404105,3114.2918284657367,6320.0,1,1,AutoPrice,IHS,13,CV,0,55636
22,2185.9322028437496,4366.870866794653,6995.0,1,1,AutoPrice,IHS,13,CV,0,55637
23,2188.6482065396594,5851.8087664151035,4857.0,1,1,AutoPrice,IHS,13,CV,0,55638
24,2205.971425745888,3574.5707413993437,6353.0,1,1,AutoPrice,IHS,13,CV,0,55639
25,2089.4111898171773,3543.323373110408,7045.0,1,1,AutoPrice,IHS,13,CV,0,55640
26,2055.318266516638,3840.789442249111,4921.0,1,1,AutoPrice,IHS,13,CV,0,55641
27,1996.1272783370678,4003.986616015544,5125.0,1,1,AutoPrice,IHS,13,CV,0,55642
28,2326.8846000687868,3244.9114605191153,6307.0,1,1,AutoPrice,IHS,13,CV,0,55643
29,2012.6277336851376,3575.324153292209,5169.0,1,1,AutoPrice,IHS,13,CV,0,55644
30,2133.9014773481044,3474.5475980590786,5153.0,1,1,AutoPrice,IHS,13,CV,0,55645
31,2065.511638251673,4090.1132526789897,5189.0,1,1,AutoPrice,IHS,13,CV,0,55646
32,2144.0356863361035,4873.47693107913,5198.0,1,1,AutoPrice,IHS,13,CV,0,55647
33,2072.2681734560806,3772.230257325268,6352.0,1,1,AutoPrice,IHS,13,CV,0,55648
34,2129.115841136814,4812.1154485479865,5601.0,1,1,AutoPrice,IHS,13,CV,0,55649