
0,9.979309104996187,19.593651413333717,6265.0,1,1,Cpu,IHS,13,CV,0,55650
1,10.495192431918625,16.15021303123055,7895.0,1,1,Cpu,IHS,13,CV,0,55651
2,7.581512028304057,32.58510810294276,6780.0,1,1,Cpu,IHS,13,CV,0,55652
3,5.556142210408479,70.505841830174,7653.0,1,1,Cpu,IHS,13,CV,0,55653
4,8.940555326540528,76.90455769608765,6914.0,1,1,Cpu,IHS,13,CV,0,55654
5,10.77876075123314,30.371200477254114,8501.0,1,1,Cpu,IHS,13,CV,0,55655
6,9.769669002089756,38.07529076547201,8385.0,1,1,Cpu,IHS,13,CV,0,55656
7,9.361407955937969,146.88774279528647,8418.0,1,1,Cpu,IHS,13,CV,0,55657
8,9.787615618881146,30.52685752159384,6900.0,1,1,Cpu,IHS,13,CV,0,55658
9,7.347985535624727,28.438046333830577,8434.0,1,1,Cpu,IHS,13,CV,0,55659
10,9.170527968740299,18.768225326359058,6368.0,1,1,Cpu,IHS,13,CV,0,55660
11,9.257903175016484,60.350273243115346,8420.0,1,1,Cpu,IHS,13,CV,0,55661
12,6.855688604837939,38.187683312265705,8340.0,1,1,Cpu,IHS,13,CV,0,55662
13,10.956118222060102,92.83544673333616,8268.0,1,1,Cpu,IHS,13,CV,0,55663
14,10.338995679119373,33.22595681206263,7854.0,1,1,Cpu,IHS,13,CV,0,55664
15,6.973879033071801,43.65822117411346,8416.0,1,1,Cpu,IHS,13,CV,0,55665
16,9.760602804583053,28.891895860631763,8468.0,1,1,Cpu,IHS,13,CV,0,55666
17,11.301110666899765,65.6413605989887,8433.0,1,1,Cpu,IHS,13,CV,0,55667
18,7.8323592975118554,34.70031681275946,5901.0,1,1,Cpu,IHS,13,CV,0,55668
19,7.551514749131554,61.51031924378576,5842.0,1,1,Cpu,IHS,13,CV,0,55669
20,11.153948180257892,7.3576205958855,6949.0,1,1,Cpu,IHS,13,CV,0,55670
21,10.120610834897215,17.042581519010543,7953.0,1,1,Cpu,IHS,13,CV,0,55671
22,9.819734860862685,109.70223589562843,7938.0,1,1,Cpu,IHS,13,CV,0,55672
23,6.709696416251363,114.19125607352447,6171.0,1,1,Cpu,IHS,13,CV,0,55673
24,9.608281646319533,66.32919974875803,5928.0,1,1,Cpu,IHS,13,CV,0,55674
25,8.835876339202184,21.78899120886015,6156.0,1,1,Cpu,IHS,13,CV,0,55675
26,9.683841411546247,11.879543715020596,6203.0,1,1,Cpu,IHS,13,CV,0,55676
27,8.537864798602813,47.019396999178824,6171.0,1,1,Cpu,IHS,13,CV,0,55677
28,11.378897766295484,25.245443376913837,6188.0,1,1,Cpu,IHS,13,CV,0,55678
29,8.936810328491285,84.39690488021442,6125.0,1,1,Cpu,IHS,13,CV,0,55679
30,8.524026881772581,10.609763714317342,6109.0,1,1,Cpu,IHS,13,CV,0,55680
31,8.395835929280834,126.26244944065117,6172.0,1,1,Cpu,IHS,13,CV,0,55681
32,8.750346547466469,19.355561320672795,6235.0,1,1,Cpu,IHS,13,CV,0,55682
33,9.696088179295206,25.253211682594337,6156.0,1,1,Cpu,IHS,13,CV,0,55683
34,9.265158865329997,79.59165810829771,6284.0,1,1,Cpu,IHS,13,CV,0,55684