
0,205.4852700330538,188.96912161867382,6086.0,1,1,Veteran,IHS,13,CV,0,55755
1,202.56485407263222,429.40890659427026,5888.0,1,1,Veteran,IHS,13,CV,0,55756
2,219.91758901183488,295.2311400137535,5861.0,1,1,Veteran,IHS,13,CV,0,55757
3,193.1597633194093,256.7755547144386,4785.0,1,1,Veteran,IHS,13,CV,0,55758
4,246.11467362394183,425.4189555635869,4893.0,1,1,Veteran,IHS,13,CV,0,55759
5,192.3859623947625,301.5111150465877,4484.0,1,1,Veteran,IHS,13,CV,0,55760
6,209.18539284101243,205.59420971639545,4865.0,1,1,Veteran,IHS,13,CV,0,55761
7,208.34318824566122,429.0849334080308,5471.0,1,1,Veteran,IHS,13,CV,0,55762
8,189.22886890887938,206.61803421777074,5510.0,1,1,Veteran,IHS,13,CV,0,55763
9,221.04818339897628,293.3116246772735,4152.0,1,1,Veteran,IHS,13,CV,0,55764
10,234.95562778498402,286.9994516623866,4150.0,1,1,Veteran,IHS,13,CV,0,55765
11,215.11357913176704,227.45135794734222,5430.0,1,1,Veteran,IHS,13,CV,0,55766
12,187.6696381552303,250.419916341552,5937.0,1,1,Veteran,IHS,13,CV,0,55767
13,223.04255100539507,187.74020940155927,5956.0,1,1,Veteran,IHS,13,CV,0,55768
14,219.47423401623018,472.6391914000238,4197.0,1,1,Veteran,IHS,13,CV,0,55769
15,227.62517635430112,203.40361069759624,5953.0,1,1,Veteran,IHS,13,CV,0,55770
16,210.72847739665212,359.380538452999,4328.0,1,1,Veteran,IHS,13,CV,0,55771
17,200.09086368932336,280.3586147073846,5925.0,1,1,Veteran,IHS,13,CV,0,55772
18,211.84045809422236,181.96183567833137,4375.0,1,1,Veteran,IHS,13,CV,0,55773
19,224.66810096979444,203.48147724189255,5871.0,1,1,Veteran,IHS,13,CV,0,55774
20,198.91714540025197,276.5345663974872,5965.0,1,1,Veteran,IHS,13,CV,0,55775
21,192.27245056832237,180.83444469192148,4375.0,1,1,Veteran,IHS,13,CV,0,55776
22,209.6738713775153,205.31133270705607,4343.0,1,1,Veteran,IHS,13,CV,0,55777
23,211.92348909800836,232.59199865024428,5837.0,1,1,Veteran,IHS,13,CV,0,55778
24,231.43075760559023,336.8585269437235,4375.0,1,1,Veteran,IHS,13,CV,0,55779
25,211.2903738165352,228.51480835303403,4329.0,1,1,Veteran,IHS,13,CV,0,55780
26,173.29939548048364,245.24388408501616,5925.0,1,1,Veteran,IHS,13,CV,0,55781
27,221.00756002201555,187.53194318340232,4957.0,1,1,Veteran,IHS,13,CV,0,55782
28,186.48093161070273,219.15860142464032,4328.0,1,1,Veteran,IHS,13,CV,0,55783
29,222.93983482710829,196.89770982293803,4375.0,1,1,Veteran,IHS,13,CV,0,55784
30,217.96223112700764,240.59303161449566,4343.0,1,1,Veteran,IHS,13,CV,0,55785
31,205.78287299820886,320.0585228373262,4406.0,1,1,Veteran,IHS,13,CV,0,55786
32,201.99689514254464,315.0350293007613,6015.0,1,1,Veteran,IHS,13,CV,0,55787
33,189.67959779124092,227.5226022523863,4406.0,1,1,Veteran,IHS,13,CV,0,55788
34,230.29051834425758,188.71999719137128,6023.0,1,1,Veteran,IHS,13,CV,0,55789