
0,2164.8358420978675,4437.903076593965,5280.0,1,1,AutoPrice,IHS,14,CV,0,57085
1,2149.3875209307835,5024.469495912459,5734.0,1,1,AutoPrice,IHS,14,CV,0,57086
2,2024.7612619811705,3469.7305370421436,5140.0,1,1,AutoPrice,IHS,14,CV,0,57087
3,2286.341410847063,4845.936255340991,5187.0,1,1,AutoPrice,IHS,14,CV,0,57088
4,2293.7958142253096,3181.6402695318116,5190.0,1,1,AutoPrice,IHS,14,CV,0,57089
5,2213.5627985839646,2759.070568547833,5210.0,1,1,AutoPrice,IHS,14,CV,0,57090
6,2301.1198938769808,4040.559163437733,6109.0,1,1,AutoPrice,IHS,14,CV,0,57091
7,2142.679844133695,3529.5579930869308,6922.0,1,1,AutoPrice,IHS,14,CV,0,57092
8,2206.8362557984583,5696.4403944579535,5599.0,1,1,AutoPrice,IHS,14,CV,0,57093
9,2139.86069684675,4506.708350341924,5637.0,1,1,AutoPrice,IHS,14,CV,0,57094
10,2262.64176019991,5446.444251378195,4852.0,1,1,AutoPrice,IHS,14,CV,0,57095
11,2183.930804495708,4326.279161304946,5656.0,1,1,AutoPrice,IHS,14,CV,0,57096
12,2245.5157674549055,4064.727955066049,5773.0,1,1,AutoPrice,IHS,14,CV,0,57097
13,2265.8724157727193,6859.834508670573,6365.0,1,1,AutoPrice,IHS,14,CV,0,57098
14,2321.183466031818,4548.890981750881,6899.0,1,1,AutoPrice,IHS,14,CV,0,57099
15,2158.5092393374666,3405.6840736747286,6950.0,1,1,AutoPrice,IHS,14,CV,0,57100
16,2057.955711863165,3993.849280114323,5746.0,1,1,AutoPrice,IHS,14,CV,0,57101
17,2113.702063910633,3184.478894003751,6464.0,1,1,AutoPrice,IHS,14,CV,0,57102
18,1948.0779555881538,4394.099151166773,6897.0,1,1,AutoPrice,IHS,14,CV,0,57103
19,2140.417677303309,5525.506115910937,6464.0,1,1,AutoPrice,IHS,14,CV,0,57104
20,2058.313766880391,3248.5788017260043,6325.0,1,1,AutoPrice,IHS,14,CV,0,57105
21,2075.1077964476617,4324.155797979276,4889.0,1,1,AutoPrice,IHS,14,CV,0,57106
22,2168.4701757159405,3222.563158824708,6398.0,1,1,AutoPrice,IHS,14,CV,0,57107
23,2426.825431245622,3055.522664974909,5141.0,1,1,AutoPrice,IHS,14,CV,0,57108
24,2179.9106307576944,3968.375072045654,5283.0,1,1,AutoPrice,IHS,14,CV,0,57109
25,2069.2038054049367,3106.2538929846196,5203.0,1,1,AutoPrice,IHS,14,CV,0,57110
26,2055.318266516638,3840.789442249111,5230.0,1,1,AutoPrice,IHS,14,CV,0,57111
27,2319.16978445105,3997.305086846103,6301.0,1,1,AutoPrice,IHS,14,CV,0,57112
28,2113.7061812863235,2829.1329345333234,5741.0,1,1,AutoPrice,IHS,14,CV,0,57113
29,2012.6277336851376,3575.324153292209,6922.0,1,1,AutoPrice,IHS,14,CV,0,57114
30,2324.557450004957,3869.882829835956,7042.0,1,1,AutoPrice,IHS,14,CV,0,57115
31,2151.0275129047345,4176.392654602021,5249.0,1,1,AutoPrice,IHS,14,CV,0,57116
32,2174.157238903415,3088.4943554787815,6994.0,1,1,AutoPrice,IHS,14,CV,0,57117
33,2292.6919416059486,3858.7218924735516,6911.0,1,1,AutoPrice,IHS,14,CV,0,57118
34,2218.0931000639243,4438.42585140127,6305.0,1,1,AutoPrice,IHS,14,CV,0,57119