
0,11.32395926017975,42.47691957657697,8445.0,1,1,Cpu,IHS,14,CV,0,57120
1,9.320895538069937,31.147836506571497,8406.0,1,1,Cpu,IHS,14,CV,0,57121
2,9.144391494441027,10.338307091979365,8478.0,1,1,Cpu,IHS,14,CV,0,57122
3,9.088214248602615,6.258481937860803,8327.0,1,1,Cpu,IHS,14,CV,0,57123
4,6.101955895381406,37.29294547873384,5808.0,1,1,Cpu,IHS,14,CV,0,57124
5,9.056106141621136,43.5729754288002,7985.0,1,1,Cpu,IHS,14,CV,0,57125
6,9.298853578635654,15.236352816460016,8032.0,1,1,Cpu,IHS,14,CV,0,57126
7,9.482239324794238,28.760981334255597,7879.0,1,1,Cpu,IHS,14,CV,0,57127
8,8.98425519621773,55.1676406106697,6729.0,1,1,Cpu,IHS,14,CV,0,57128
9,9.500219967516319,63.79185126594939,6763.0,1,1,Cpu,IHS,14,CV,0,57129
10,9.722695509446222,26.93731992860968,8141.0,1,1,Cpu,IHS,14,CV,0,57130
11,9.221747868831027,22.008632601855712,6815.0,1,1,Cpu,IHS,14,CV,0,57131
12,9.132423079033675,16.002184484782134,6958.0,1,1,Cpu,IHS,14,CV,0,57132
13,9.038036718472279,32.63921576272212,8125.0,1,1,Cpu,IHS,14,CV,0,57133
14,10.288135395024506,47.75423899869142,5945.0,1,1,Cpu,IHS,14,CV,0,57134
15,9.780507838807079,33.40118656126007,6965.0,1,1,Cpu,IHS,14,CV,0,57135
16,11.000960186138558,43.03937177772296,6346.0,1,1,Cpu,IHS,14,CV,0,57136
17,8.013684587388576,34.31295349347314,7670.0,1,1,Cpu,IHS,14,CV,0,57137
18,9.537297454337123,30.463268469857482,5912.0,1,1,Cpu,IHS,14,CV,0,57138
19,7.5674038282764595,56.47477056455295,7425.0,1,1,Cpu,IHS,14,CV,0,46639
20,9.423794859910803,61.781319124897834,7895.0,1,1,Cpu,IHS,14,CV,0,57140
21,9.035812776036334,22.762711929427358,6209.0,1,1,Cpu,IHS,14,CV,0,57141
22,7.377767406135218,19.72256606526553,6219.0,1,1,Cpu,IHS,14,CV,0,57142
23,6.709696416251363,114.19125607352447,6268.0,1,1,Cpu,IHS,14,CV,0,57143
24,8.871977033738666,21.43817569670966,6156.0,1,1,Cpu,IHS,14,CV,0,57144
25,7.573122407013308,17.95195316819649,6270.0,1,1,Cpu,IHS,14,CV,0,57145
26,9.73399407228795,19.163987192896325,6271.0,1,1,Cpu,IHS,14,CV,0,57146
27,9.546747301272635,92.69860034694005,6244.0,1,1,Cpu,IHS,14,CV,0,57147
28,8.305012104655187,49.85443828821222,6187.0,1,1,Cpu,IHS,14,CV,0,57148
29,8.406810512365448,18.656952446112022,6252.0,1,1,Cpu,IHS,14,CV,0,57149
30,9.47206149091597,9.17038244587288,6248.0,1,1,Cpu,IHS,14,CV,0,57150
31,9.16990559568097,36.36372133260329,6208.0,1,1,Cpu,IHS,14,CV,0,57151
32,6.716880938719337,70.53828655048831,6172.0,1,1,Cpu,IHS,14,CV,0,57152
33,9.876706071815537,10.367275621461115,6247.0,1,1,Cpu,IHS,14,CV,0,57153
34,9.113414761018278,13.061078951854814,6141.0,1,1,Cpu,IHS,14,CV,0,57154