
0,2175.2380595960267,3504.0263264932587,5116.0,1,1,AutoPrice,IHS,1,CV,0,37975
1,2072.117458658412,3418.472992830621,5516.0,1,1,AutoPrice,IHS,1,CV,0,37976
2,2236.03990998701,4017.6292110169275,5698.0,1,1,AutoPrice,IHS,1,CV,0,37977
3,1981.4949613463923,3081.1548047943743,5078.0,1,1,AutoPrice,IHS,1,CV,0,37978
4,2233.249072785041,4219.442413765998,5624.0,1,1,AutoPrice,IHS,1,CV,0,37979
5,2313.849265950058,4584.72636223764,5347.0,1,1,AutoPrice,IHS,1,CV,0,37980
6,1986.4058229461746,3260.2991050726464,5745.0,1,1,AutoPrice,IHS,1,CV,0,37981
7,2370.371819083685,4942.332367988908,5173.0,1,1,AutoPrice,IHS,1,CV,0,37982
8,1954.491966957102,2622.0477601936013,5547.0,1,1,AutoPrice,IHS,1,CV,0,37983
9,2159.459672680091,4634.116143137006,5485.0,1,1,AutoPrice,IHS,1,CV,0,37984
10,2291.8639956900524,4636.638878746816,5545.0,1,1,AutoPrice,IHS,1,CV,0,37985
11,2161.1997642923825,7181.880915979884,5406.0,1,1,AutoPrice,IHS,1,CV,0,37986
12,1938.11822538513,3944.805944264233,6403.0,1,1,AutoPrice,IHS,1,CV,0,37987
13,2190.1770962495557,3131.699190954318,6392.0,1,1,AutoPrice,IHS,1,CV,0,37988
14,2297.119267000464,4980.594114818241,4929.0,1,1,AutoPrice,IHS,1,CV,0,37989
15,1766.406142367472,3404.3618951451817,6883.0,1,1,AutoPrice,IHS,1,CV,0,37990
16,1884.7023342329812,3162.602885160013,4849.0,1,1,AutoPrice,IHS,1,CV,0,37991
17,2191.1344529321536,3919.341315803565,4869.0,1,1,AutoPrice,IHS,1,CV,0,37992
18,2202.929249538015,2446.707023613086,4869.0,1,1,AutoPrice,IHS,1,CV,0,37993
19,2292.9225650059166,4730.485338251644,6276.0,1,1,AutoPrice,IHS,1,CV,0,37994
20,2200.5727791922386,3356.423641170631,6498.0,1,1,AutoPrice,IHS,1,CV,0,37995
21,2257.1945443179507,6019.329170933669,6431.0,1,1,AutoPrice,IHS,1,CV,0,37996
22,2049.7786806633076,3209.765553363908,6912.0,1,1,AutoPrice,IHS,1,CV,0,37997
23,2089.148988645754,2930.155025851202,6340.0,1,1,AutoPrice,IHS,1,CV,0,37998
24,2078.312963980864,3765.3101016182236,6355.0,1,1,AutoPrice,IHS,1,CV,0,37999
25,2262.5655628103214,4315.815640778819,6411.0,1,1,AutoPrice,IHS,1,CV,0,38000
26,2228.0056518276833,4640.2143587119635,5129.0,1,1,AutoPrice,IHS,1,CV,0,38001
27,2191.0031496622005,4007.906566174973,6604.0,1,1,AutoPrice,IHS,1,CV,0,38002
28,2060.4963442483813,3043.5811229910837,5078.0,1,1,AutoPrice,IHS,1,CV,0,38003
29,2021.686387576278,3088.4186544742506,6408.0,1,1,AutoPrice,IHS,1,CV,0,38004
30,2195.647633498779,8659.135265400764,6344.0,1,1,AutoPrice,IHS,1,CV,0,38005
31,1857.035992408133,5238.0974065233495,6522.0,1,1,AutoPrice,IHS,1,CV,0,38006
32,2256.1221762168143,4169.25769763309,5547.0,1,1,AutoPrice,IHS,1,CV,0,38007
33,1916.2588425900044,4768.3416502809505,6585.0,1,1,AutoPrice,IHS,1,CV,0,38008
34,2078.9527367940677,3767.2301293672426,6473.0,1,1,AutoPrice,IHS,1,CV,0,38009