
0,3.4903237564194547,4.629162214391237,18203.0,1,1,Housing,IHS,1,CV,0,38150
1,3.526509205867901,4.072088698480316,14299.0,1,1,Housing,IHS,1,CV,0,38151
2,3.5752291650049295,4.155679073201118,13463.0,1,1,Housing,IHS,1,CV,0,38152
3,3.2727921099016655,4.160842084156402,13408.0,1,1,Housing,IHS,1,CV,0,38153
4,3.7281996886118733,4.482195144307103,15736.0,1,1,Housing,IHS,1,CV,0,38154
5,3.460004855105042,3.641195782300878,13496.0,1,1,Housing,IHS,1,CV,0,38155
6,3.5636192416345347,3.8561772244049126,13330.0,1,1,Housing,IHS,1,CV,0,38156
7,3.5409932897704914,4.009315380896411,17523.0,1,1,Housing,IHS,1,CV,0,38157
8,3.5472303363070927,4.188785937473761,15746.0,1,1,Housing,IHS,1,CV,0,38158
9,3.441998820255924,4.786303036724341,13416.0,1,1,Housing,IHS,1,CV,0,38159
10,3.361137580882498,4.266490452275654,13468.0,1,1,Housing,IHS,1,CV,0,38160
11,3.6221062567618754,4.388133967991471,14047.0,1,1,Housing,IHS,1,CV,0,38161
12,3.5746439548975255,4.206459635280776,14031.0,1,1,Housing,IHS,1,CV,0,38162
13,3.491502482347142,3.7381322874103606,17632.0,1,1,Housing,IHS,1,CV,0,38163
14,3.58734631487589,4.197883635176606,15304.0,1,1,Housing,IHS,1,CV,0,38164
15,3.5621822002765073,3.828448981745072,14161.0,1,1,Housing,IHS,1,CV,0,38165
16,3.4815968099628662,4.292926171498523,14079.0,1,1,Housing,IHS,1,CV,0,38166
17,3.4029444855745665,4.3369273411825136,14000.0,1,1,Housing,IHS,1,CV,0,38167
18,3.3738742860906505,4.4458315543539895,18155.0,1,1,Housing,IHS,1,CV,0,38168
19,3.4238589467711664,4.202309797934931,19174.0,1,1,Housing,IHS,1,CV,0,38169
20,3.6465691825540922,4.486697358497061,18989.0,1,1,Housing,IHS,1,CV,0,38170
21,3.6047479436194942,4.318139557079299,18562.0,1,1,Housing,IHS,1,CV,0,38171
22,3.5886373047138123,4.070185301725174,14125.0,1,1,Housing,IHS,1,CV,0,38172
23,3.6114720471291646,4.3565317566042205,13891.0,1,1,Housing,IHS,1,CV,0,38173
24,3.451831444861921,4.271805532859327,18687.0,1,1,Housing,IHS,1,CV,0,38174
25,3.4721342237779425,4.049653683119469,14143.0,1,1,Housing,IHS,1,CV,0,38175
26,3.4516739200844695,3.914650968669363,14133.0,1,1,Housing,IHS,1,CV,0,38176
27,3.3737803087881724,4.043233618155747,14172.0,1,1,Housing,IHS,1,CV,0,38177
28,3.6731145439234965,4.5117728247675535,14078.0,1,1,Housing,IHS,1,CV,0,38178
29,3.6048574009442964,4.049624257081702,19106.0,1,1,Housing,IHS,1,CV,0,38179
30,3.4092242625265947,4.11777736922862,14068.0,1,1,Housing,IHS,1,CV,0,38180
31,3.5229963004571823,4.324787430697645,14125.0,1,1,Housing,IHS,1,CV,0,38181
32,3.5061877430509965,4.008786408199223,14114.0,1,1,Housing,IHS,1,CV,0,38182
33,3.5865921735327895,4.237157111347194,18640.0,1,1,Housing,IHS,1,CV,0,38183