
0,0.13809523809523794,0.78,11282.0,1,1,Vertebral2C,IHS,3,CV,0,39725
1,0.1333333333333332,0.83,8610.0,1,1,Vertebral2C,IHS,3,CV,0,39726
2,0.1333333333333332,0.83,9437.0,1,1,Vertebral2C,IHS,3,CV,0,39727
3,0.1333333333333332,0.79,11188.0,1,1,Vertebral2C,IHS,3,CV,0,39728
4,0.1238095238095237,0.78,9529.0,1,1,Vertebral2C,IHS,3,CV,0,39729
5,0.1333333333333332,0.8,8697.0,1,1,Vertebral2C,IHS,3,CV,0,39730
6,0.12857142857142845,0.81,8672.0,1,1,Vertebral2C,IHS,3,CV,0,39731
7,0.12857142857142834,0.83,8531.0,1,1,Vertebral2C,IHS,3,CV,0,39732
8,0.13809523809523794,0.8,9134.0,1,1,Vertebral2C,IHS,3,CV,0,40608
9,0.13809523809523794,0.8200000000000001,8562.0,1,1,Vertebral2C,IHS,3,CV,0,39734
10,0.1333333333333332,0.8200000000000001,8943.0,1,1,Vertebral2C,IHS,3,CV,0,39735
11,0.13809523809523794,0.79,8960.0,1,1,Vertebral2C,IHS,3,CV,0,39736
12,0.13809523809523794,0.86,9698.0,1,1,Vertebral2C,IHS,3,CV,0,39737
13,0.1333333333333332,0.8200000000000001,8615.0,1,1,Vertebral2C,IHS,3,CV,0,39738
14,0.13809523809523794,0.81,9337.0,1,1,Vertebral2C,IHS,3,CV,0,40614
15,0.13809523809523794,0.81,8664.0,1,1,Vertebral2C,IHS,3,CV,0,39740
16,0.1333333333333332,0.8200000000000001,8828.0,1,1,Vertebral2C,IHS,3,CV,0,39741
17,0.1333333333333332,0.81,10897.0,1,1,Vertebral2C,IHS,3,CV,0,39742
18,0.14285714285714268,0.81,8640.0,1,1,Vertebral2C,IHS,3,CV,0,39743
19,0.13809523809523816,0.76,10837.0,1,1,Vertebral2C,IHS,3,CV,0,39744
20,0.1333333333333332,0.8,9500.0,1,1,Vertebral2C,IHS,3,CV,0,39745
21,0.13809523809523794,0.8200000000000001,8609.0,1,1,Vertebral2C,IHS,3,CV,0,39746
22,0.12857142857142845,0.81,10719.0,1,1,Vertebral2C,IHS,3,CV,0,39747
23,0.14761904761904732,0.84,10789.0,1,1,Vertebral2C,IHS,3,CV,0,39748
24,0.13333333333333341,0.8,9594.0,1,1,Vertebral2C,IHS,3,CV,0,39749
25,0.13333333333333308,0.8,11797.0,1,1,Vertebral2C,IHS,3,CV,0,39750
26,0.12857142857142845,0.8200000000000001,8610.0,1,1,Vertebral2C,IHS,3,CV,0,39751
27,0.1238095238095237,0.76,8651.0,1,1,Vertebral2C,IHS,3,CV,0,39752
28,0.13809523809523794,0.85,8500.0,1,1,Vertebral2C,IHS,3,CV,0,39753
29,0.14285714285714268,0.81,8531.0,1,1,Vertebral2C,IHS,3,CV,0,39754
30,0.13809523809523816,0.83,8657.0,1,1,Vertebral2C,IHS,3,CV,0,39755
31,0.1333333333333332,0.79,8563.0,1,1,Vertebral2C,IHS,3,CV,0,39756
32,0.1333333333333332,0.83,9469.0,1,1,Vertebral2C,IHS,3,CV,0,39757
33,0.14285714285714268,0.78,9531.0,1,1,Vertebral2C,IHS,3,CV,0,39758
34,0.1333333333333332,0.8200000000000001,8964.0,1,1,Vertebral2C,IHS,3,CV,0,39759