
0,8.979277021089633,81.23157795971707,7630.0,1,1,Cpu,IHS,4,CV,0,42420
1,6.418245771846972,56.585874535355515,8312.0,1,1,Cpu,IHS,4,CV,0,42421
2,9.96224096276833,35.66723808750585,8203.0,1,1,Cpu,IHS,4,CV,0,42422
3,9.3398715614878,54.73444895568773,6738.0,1,1,Cpu,IHS,4,CV,0,42423
4,8.951139433391235,83.3920637606502,6880.0,1,1,Cpu,IHS,4,CV,0,42424
5,11.200751246164206,47.22730595867796,8068.0,1,1,Cpu,IHS,4,CV,0,42425
6,8.855902935613456,55.50602434479768,7987.0,1,1,Cpu,IHS,4,CV,0,42426
7,10.497038476642027,26.827363514751045,6968.0,1,1,Cpu,IHS,4,CV,0,42427
8,7.307987146639187,36.24787548958839,6769.0,1,1,Cpu,IHS,4,CV,0,42428
9,7.92694378721761,11.751060771641992,8093.0,1,1,Cpu,IHS,4,CV,0,42429
10,10.201079902147965,10.495140666632382,8419.0,1,1,Cpu,IHS,4,CV,0,42430
11,7.766808607259888,89.18825483283524,5895.0,1,1,Cpu,IHS,4,CV,0,42431
12,8.85040331666956,47.744238910432415,5874.0,1,1,Cpu,IHS,4,CV,0,42432
13,9.375520878741415,43.90806576911736,5850.0,1,1,Cpu,IHS,4,CV,0,42433
14,8.237190685629107,11.075240335765947,6110.0,1,1,Cpu,IHS,4,CV,0,42434
15,10.681372033120423,91.12037963422702,6140.0,1,1,Cpu,IHS,4,CV,0,42435
16,8.484993574417521,26.850763133211903,6141.0,1,1,Cpu,IHS,4,CV,0,42436
17,8.772703285711893,18.384256008242435,6156.0,1,1,Cpu,IHS,4,CV,0,42437
18,10.637949795567378,7.231467429804945,6171.0,1,1,Cpu,IHS,4,CV,0,42438
19,8.568499623539385,70.699190561474,6254.0,1,1,Cpu,IHS,4,CV,0,42439
20,8.784743437697767,25.80745508087084,5889.0,1,1,Cpu,IHS,4,CV,0,42440
21,8.384459261764935,28.957640341720783,6187.0,1,1,Cpu,IHS,4,CV,0,42441
22,8.428604640792765,24.692234714060216,6172.0,1,1,Cpu,IHS,4,CV,0,42442
23,6.709696416251363,114.19125607352447,5894.0,1,1,Cpu,IHS,4,CV,0,42443
24,11.047283894254,8.403201973781462,6250.0,1,1,Cpu,IHS,4,CV,0,42444
25,5.890102454322505,32.804105813222506,5986.0,1,1,Cpu,IHS,4,CV,0,42445
26,9.230122412704961,82.57004106463063,6244.0,1,1,Cpu,IHS,4,CV,0,42446
27,8.69646284333469,59.89968123937458,7863.0,1,1,Cpu,IHS,4,CV,0,42447
28,10.317204436846618,76.28327433953191,6219.0,1,1,Cpu,IHS,4,CV,0,42448
29,11.568058333190885,116.89903248982567,6203.0,1,1,Cpu,IHS,4,CV,0,42449
30,8.651379839604108,18.45149111865628,6245.0,1,1,Cpu,IHS,4,CV,0,42450
31,8.895045979285406,31.409203079532386,6385.0,1,1,Cpu,IHS,4,CV,0,42451
32,9.860321197055102,36.8223160050484,6228.0,1,1,Cpu,IHS,4,CV,0,42452
33,9.876706071815537,10.367275621461115,6172.0,1,1,Cpu,IHS,4,CV,0,42453
34,10.23423714702388,19.215355409794064,6172.0,1,1,Cpu,IHS,4,CV,0,42454