
0,0.0039999999999998925,0.9836065573770492,11453.0,1,1,Dermatology,IHS,4,CV,0,41230
1,0.008166666666666655,0.9754098360655737,11297.0,1,1,Dermatology,IHS,4,CV,0,41231
2,0.012000000000000122,0.9754098360655737,11395.0,1,1,Dermatology,IHS,4,CV,0,41232
3,0.008000000000000007,0.9672131147540983,12198.0,1,1,Dermatology,IHS,4,CV,0,41233
4,0.008000000000000007,0.9344262295081968,11563.0,1,1,Dermatology,IHS,4,CV,0,41234
5,0.012000000000000122,0.9672131147540983,12800.0,1,1,Dermatology,IHS,4,CV,0,41515
6,0.016000000000000014,0.9672131147540983,12883.0,1,1,Dermatology,IHS,4,CV,0,41236
7,0.012000000000000122,0.9836065573770492,11609.0,1,1,Dermatology,IHS,4,CV,0,41237
8,0.012000000000000122,0.9426229508196722,12360.0,1,1,Dermatology,IHS,4,CV,0,41238
9,0.012166666666666659,0.9590163934426229,11469.0,1,1,Dermatology,IHS,4,CV,0,41239
10,0.016166666666666663,0.9672131147540983,12418.0,1,1,Dermatology,IHS,4,CV,0,41240
11,0.012166666666666659,0.9672131147540983,11407.0,1,1,Dermatology,IHS,4,CV,0,41241
12,0.012166666666666659,0.9754098360655737,12785.0,1,1,Dermatology,IHS,4,CV,0,41242
13,0.012000000000000122,0.9754098360655737,11537.0,1,1,Dermatology,IHS,4,CV,0,41243
14,0.012000000000000122,0.9754098360655737,12692.0,1,1,Dermatology,IHS,4,CV,0,41244
15,0.012000000000000122,0.9672131147540983,11297.0,1,1,Dermatology,IHS,4,CV,0,41245
16,0.012000000000000122,0.9754098360655737,12553.0,1,1,Dermatology,IHS,4,CV,0,41246
17,0.016166666666666663,0.9590163934426229,11510.0,1,1,Dermatology,IHS,4,CV,0,41247
18,0.008166666666666655,0.9590163934426229,15759.0,1,1,Dermatology,IHS,4,CV,0,41528
19,0.012166666666666659,0.9508196721311475,13495.0,1,1,Dermatology,IHS,4,CV,0,41249
20,0.012000000000000122,0.9590163934426229,11397.0,1,1,Dermatology,IHS,4,CV,0,41250
21,0.012000000000000122,0.9836065573770492,13167.0,1,1,Dermatology,IHS,4,CV,0,41251
22,0.012000000000000122,0.9754098360655737,19844.0,1,1,Dermatology,IHS,4,CV,0,41252
23,0.016000000000000014,0.9754098360655737,12097.0,1,1,Dermatology,IHS,4,CV,0,41253
24,0.016000000000000014,0.9754098360655737,11778.0,1,1,Dermatology,IHS,4,CV,0,41254
25,0.016000000000000014,0.9754098360655737,12126.0,1,1,Dermatology,IHS,4,CV,0,41255
26,0.016000000000000014,0.9754098360655737,12072.0,1,1,Dermatology,IHS,4,CV,0,41256
27,0.012000000000000122,0.9590163934426229,11946.0,1,1,Dermatology,IHS,4,CV,0,41257
28,0.008166666666666655,0.9672131147540983,14375.0,1,1,Dermatology,IHS,4,CV,0,41258
29,0.012000000000000122,0.9590163934426229,11922.0,1,1,Dermatology,IHS,4,CV,0,41259
30,0.012000000000000122,0.9836065573770492,12327.0,1,1,Dermatology,IHS,4,CV,0,41260
31,0.012000000000000122,0.9590163934426229,12935.0,1,1,Dermatology,IHS,4,CV,0,41261
32,0.012166666666666659,0.9836065573770492,13969.0,1,1,Dermatology,IHS,4,CV,0,41262
33,0.012000000000000122,0.9590163934426229,14313.0,1,1,Dermatology,IHS,4,CV,0,41263
34,0.012000000000000122,0.9754098360655737,11312.0,1,1,Dermatology,IHS,4,CV,0,41264