
0,2.380802058770903,3.402969718466503,14429.0,1,1,AutoMpg,IHS,5,CV,0,43820
1,2.412715559076187,3.42018110921363,10797.0,1,1,AutoMpg,IHS,5,CV,0,43821
2,2.3910251829772102,3.563222119816491,10584.0,1,1,AutoMpg,IHS,5,CV,0,43822
3,2.367787543797592,3.5188275989034388,14190.0,1,1,AutoMpg,IHS,5,CV,0,43823
4,2.3782883713448966,3.4286206734278672,14219.0,1,1,AutoMpg,IHS,5,CV,0,43824
5,2.3829724854405407,3.3793682302262438,14328.0,1,1,AutoMpg,IHS,5,CV,0,43825
6,2.279030983475108,3.5038543934351556,10812.0,1,1,AutoMpg,IHS,5,CV,0,43826
7,2.4325736287142297,3.586072210729637,10907.0,1,1,AutoMpg,IHS,5,CV,0,43827
8,2.2928857424045894,3.4318487178991193,10510.0,1,1,AutoMpg,IHS,5,CV,0,43828
9,2.311081544330926,3.360161649922933,10891.0,1,1,AutoMpg,IHS,5,CV,0,43829
10,2.4533481436184204,3.5533158578823976,11003.0,1,1,AutoMpg,IHS,5,CV,0,43830
11,2.2723030464946303,3.440659575461477,14365.0,1,1,AutoMpg,IHS,5,CV,0,43831
12,2.4039115206590793,3.698706219703591,11071.0,1,1,AutoMpg,IHS,5,CV,0,43832
13,2.417727658649299,3.6297749559094568,10968.0,1,1,AutoMpg,IHS,5,CV,0,43833
14,2.3888994112122104,3.517821203523367,11060.0,1,1,AutoMpg,IHS,5,CV,0,43834
15,2.297140584956442,3.433977278405511,11016.0,1,1,AutoMpg,IHS,5,CV,0,43835
16,2.260855122931304,3.8367388839589176,11105.0,1,1,AutoMpg,IHS,5,CV,0,43836
17,2.2768091758855977,3.6481992679464916,11027.0,1,1,AutoMpg,IHS,5,CV,0,43837
18,2.374649031081699,3.6388769201013336,11028.0,1,1,AutoMpg,IHS,5,CV,0,43838
19,2.35338175396156,3.4438442394609923,11190.0,1,1,AutoMpg,IHS,5,CV,0,43839
20,2.425006052183721,3.563735684932069,11175.0,1,1,AutoMpg,IHS,5,CV,0,43840
21,2.417232505247777,3.7370815591743916,10906.0,1,1,AutoMpg,IHS,5,CV,0,43841
22,2.384946588641947,3.3978562546365683,10938.0,1,1,AutoMpg,IHS,5,CV,0,43842
23,2.3921409446478825,3.4656481913507995,11061.0,1,1,AutoMpg,IHS,5,CV,0,43843
24,2.346866169331616,3.4921556260854896,11971.0,1,1,AutoMpg,IHS,5,CV,0,43844
25,2.3497328334807768,3.3849337049156465,10953.0,1,1,AutoMpg,IHS,5,CV,0,43845
26,2.405580298539756,3.4556624266511364,11074.0,1,1,AutoMpg,IHS,5,CV,0,43846
27,2.3796581518692292,3.7276668751290676,11117.0,1,1,AutoMpg,IHS,5,CV,0,43847
28,2.4049756920207765,3.807108334559241,11015.0,1,1,AutoMpg,IHS,5,CV,0,43848
29,2.4064795250199174,3.276016120412958,10922.0,1,1,AutoMpg,IHS,5,CV,0,43849
30,2.4088379403962032,3.5713700557900485,10969.0,1,1,AutoMpg,IHS,5,CV,0,43850
31,2.349658023455544,3.5513922675663188,10977.0,1,1,AutoMpg,IHS,5,CV,0,43851
32,2.3942610897821526,3.5109962689079612,12337.0,1,1,AutoMpg,IHS,5,CV,0,43852
33,2.372841582982411,3.4031082401628057,11009.0,1,1,AutoMpg,IHS,5,CV,0,43853