
0,2039.1278789467992,3878.3261604163495,5155.0,1,1,AutoPrice,IHS,6,CV,0,45325
1,2213.300558808453,3691.88259925981,5146.0,1,1,AutoPrice,IHS,6,CV,0,45326
2,2164.8932903257964,6040.019508719194,5167.0,1,1,AutoPrice,IHS,6,CV,0,45327
3,2418.95841261363,3646.5763182762407,5211.0,1,1,AutoPrice,IHS,6,CV,0,45328
4,2044.8710283512828,3488.1993691245657,5159.0,1,1,AutoPrice,IHS,6,CV,0,45329
5,2340.69108086185,2667.346809417494,6797.0,1,1,AutoPrice,IHS,6,CV,0,45330
6,2200.193323136921,4370.238955184662,5636.0,1,1,AutoPrice,IHS,6,CV,0,45331
7,2053.164279002251,3195.052784836905,5747.0,1,1,AutoPrice,IHS,6,CV,0,45332
8,2135.106200623954,2996.4636745350513,5617.0,1,1,AutoPrice,IHS,6,CV,0,45333
9,2139.86069684675,4506.708350341924,5723.0,1,1,AutoPrice,IHS,6,CV,0,45334
10,2311.710584662071,3693.0471440908937,6653.0,1,1,AutoPrice,IHS,6,CV,0,45335
11,2130.9468918732287,3619.484154339515,6219.0,1,1,AutoPrice,IHS,6,CV,0,37001
12,2139.4897687900198,3303.2389690836903,5577.0,1,1,AutoPrice,IHS,6,CV,0,45337
13,1903.433684502749,4570.432448566788,5779.0,1,1,AutoPrice,IHS,6,CV,0,45338
14,2062.883552110121,3915.178002437138,6865.0,1,1,AutoPrice,IHS,6,CV,0,45339
15,2219.83899310548,3002.413563657195,5729.0,1,1,AutoPrice,IHS,6,CV,0,45340
16,2053.1533797642214,3742.405988117798,5274.0,1,1,AutoPrice,IHS,6,CV,0,45341
17,2172.9023695373758,4489.186877118426,5226.0,1,1,AutoPrice,IHS,6,CV,0,45342
18,1988.7714146502144,4447.922813327782,6428.0,1,1,AutoPrice,IHS,6,CV,0,45343
19,2169.3790232833303,4130.114869837071,6353.0,1,1,AutoPrice,IHS,6,CV,0,45344
20,2440.3378053874726,3756.792570916042,4893.0,1,1,AutoPrice,IHS,6,CV,0,45345
21,1461.0464749434627,3823.6798392740607,4844.0,1,1,AutoPrice,IHS,6,CV,0,45346
22,2060.9614236819184,6210.947068357724,6701.0,1,1,AutoPrice,IHS,6,CV,0,45347
23,2255.1590661259156,3852.629190043803,6701.0,1,1,AutoPrice,IHS,6,CV,0,45348
24,2037.3861934588253,3892.9388735422463,4936.0,1,1,AutoPrice,IHS,6,CV,0,45349
25,2209.430778064748,3968.3064719958143,5168.0,1,1,AutoPrice,IHS,6,CV,0,45350
26,2055.318266516638,3840.789442249111,5148.0,1,1,AutoPrice,IHS,6,CV,0,45351
27,1881.574927229384,4784.168253030478,5174.0,1,1,AutoPrice,IHS,6,CV,0,45352
28,2216.476579891671,4454.977983551729,5252.0,1,1,AutoPrice,IHS,6,CV,0,45353
29,2012.6277336851376,3575.324153292209,5240.0,1,1,AutoPrice,IHS,6,CV,0,45354
30,2330.691147307968,3538.9447566431704,6354.0,1,1,AutoPrice,IHS,6,CV,0,45355
31,2257.755896273086,3922.6565016627906,6947.0,1,1,AutoPrice,IHS,6,CV,0,45356
32,2110.0096858400852,3423.79586123563,6364.0,1,1,AutoPrice,IHS,6,CV,0,45357
33,2364.960382007429,3968.4332093501594,6416.0,1,1,AutoPrice,IHS,6,CV,0,45358
34,2242.040477563876,5949.764343383054,6751.0,1,1,AutoPrice,IHS,6,CV,0,45359