
0,230.14484141345096,254.04275892584084,4754.0,1,1,Veteran,IHS,8,CV,0,48405
1,230.93546633213737,302.2622550665232,4742.0,1,1,Veteran,IHS,8,CV,0,48406
2,189.47106753962512,169.4218783612273,5891.0,1,1,Veteran,IHS,8,CV,0,48407
3,227.9233423917871,339.87367170099844,5402.0,1,1,Veteran,IHS,8,CV,0,48408
4,202.99786867854544,234.08928737687464,5930.0,1,1,Veteran,IHS,8,CV,0,48409
5,213.10774974658608,220.25798450902641,5807.0,1,1,Veteran,IHS,8,CV,0,48410
6,195.97703726436447,211.97678410854164,4161.0,1,1,Veteran,IHS,8,CV,0,48411
7,215.05672408322434,264.33712007279394,5610.0,1,1,Veteran,IHS,8,CV,0,48412
8,202.72467492267418,254.39613432627277,5465.0,1,1,Veteran,IHS,8,CV,0,48413
9,221.24642276067576,249.29385127239215,5442.0,1,1,Veteran,IHS,8,CV,0,48414
10,227.36491076079733,352.2800583485221,5328.0,1,1,Veteran,IHS,8,CV,0,39520
11,220.92701949153508,194.53270141063115,5688.0,1,1,Veteran,IHS,8,CV,0,48416
12,190.68265138762953,365.33312799857356,4918.0,1,1,Veteran,IHS,8,CV,0,48417
13,213.03614658064413,224.21367576587488,4360.0,1,1,Veteran,IHS,8,CV,0,48418
14,233.69665174140647,211.58367611390167,5879.0,1,1,Veteran,IHS,8,CV,0,48419
15,219.38520719015577,287.2734678630285,4313.0,1,1,Veteran,IHS,8,CV,0,48420
16,203.54445776118456,185.5065094312003,4344.0,1,1,Veteran,IHS,8,CV,0,48421
17,202.1001386403922,153.03488146725167,4136.0,1,1,Veteran,IHS,8,CV,0,48422
18,188.61897782363553,213.63496076751633,5912.0,1,1,Veteran,IHS,8,CV,0,48423
19,169.37762195031118,218.735523604883,4343.0,1,1,Veteran,IHS,8,CV,0,48424
20,196.4697433090488,231.68144119957861,4229.0,1,1,Veteran,IHS,8,CV,0,48425
21,202.43459702401543,306.6313756742017,4344.0,1,1,Veteran,IHS,8,CV,0,48426
22,226.85071170889438,275.0007684184925,4927.0,1,1,Veteran,IHS,8,CV,0,48427
23,187.9749231040061,188.11964545291636,4423.0,1,1,Veteran,IHS,8,CV,0,48428
24,185.1719394455102,194.21280801145411,5765.0,1,1,Veteran,IHS,8,CV,0,48429
25,204.12497713935525,202.51926690207344,4390.0,1,1,Veteran,IHS,8,CV,0,48430
26,219.04744189027184,197.6160350298209,4413.0,1,1,Veteran,IHS,8,CV,0,48431
27,222.98687616674107,246.93564306476364,4418.0,1,1,Veteran,IHS,8,CV,0,48432
28,221.3943233895443,315.09728577667545,4343.0,1,1,Veteran,IHS,8,CV,0,48433
29,223.59285448937212,187.04837531887614,5766.0,1,1,Veteran,IHS,8,CV,0,48434
30,222.4687882162199,183.6106330764454,4432.0,1,1,Veteran,IHS,8,CV,0,48435
31,225.43666713397846,145.69052811793827,4401.0,1,1,Veteran,IHS,8,CV,0,48436
32,217.54837123622502,206.124542564616,5977.0,1,1,Veteran,IHS,8,CV,0,48437
33,211.3198117038076,201.89612409460563,4392.0,1,1,Veteran,IHS,8,CV,0,48438
34,206.51908801118338,226.11252712659856,4430.0,1,1,Veteran,IHS,8,CV,0,48439