
0,1.2203883601990009,1.2313831324296782,10377.0,1,1,BodyFat,DEExp,0,CV,0,91105
1,1.1853039188147403,1.4358921630788908,7049.0,1,1,BodyFat,DEExp,0,CV,0,91106
2,1.24812636749053,2.0239981721829943,7046.0,1,1,BodyFat,DEExp,0,CV,0,91107
3,1.174001664631078,1.3158754503600492,7422.0,1,1,BodyFat,DEExp,0,CV,0,91108
4,1.2233101684947711,1.9740200326104724,7500.0,1,1,BodyFat,DEExp,0,CV,0,91109
5,1.106762425482112,1.1420760110268748,7359.0,1,1,BodyFat,DEExp,0,CV,0,91110
6,1.1942034125844037,1.1676769444592001,7609.0,1,1,BodyFat,DEExp,0,CV,0,91111
7,1.0837453178856156,2.0002689264556643,7557.0,1,1,BodyFat,DEExp,0,CV,0,91112
8,1.2395384362027106,1.1461659139567308,7517.0,1,1,BodyFat,DEExp,0,CV,0,91113
9,1.130560010240982,0.9575948050100169,7513.0,1,1,BodyFat,DEExp,0,CV,0,91114
10,1.1033039268271372,1.3571290339824562,7566.0,1,1,BodyFat,DEExp,0,CV,0,91115
11,1.0327914416924335,1.1274508779773633,7391.0,1,1,BodyFat,DEExp,0,CV,0,91116
12,1.080192746847665,1.0236151304450882,7658.0,1,1,BodyFat,DEExp,0,CV,0,91117
13,1.2652735603925558,1.1318240102743728,7464.0,1,1,BodyFat,DEExp,0,CV,0,91118
14,1.2520718009491099,1.5854603850929314,7484.0,1,1,BodyFat,DEExp,0,CV,0,91119
15,1.0972681264528046,1.5949417361104599,7506.0,1,1,BodyFat,DEExp,0,CV,0,91120
16,1.1195572348541014,2.6540890536451975,7513.0,1,1,BodyFat,DEExp,0,CV,0,91121
17,1.2491132911721372,0.9649426550686401,8409.0,1,1,BodyFat,DEExp,0,CV,0,91122
18,1.1279992836743733,1.7091238764877263,9006.0,1,1,BodyFat,DEExp,0,CV,0,91123
19,1.107959012188547,1.243936267312508,8276.0,1,1,BodyFat,DEExp,0,CV,0,91124
20,1.232087339369563,1.2664389421336661,9173.0,1,1,BodyFat,DEExp,0,CV,0,91125
21,1.0962079465412187,1.3269638355831335,7091.0,1,1,BodyFat,DEExp,0,CV,0,91126
22,1.2833942004331882,1.1569674825518506,9224.0,1,1,BodyFat,DEExp,0,CV,0,91127
23,1.2406151982925064,1.9516129540297953,9537.0,1,1,BodyFat,DEExp,0,CV,0,91128
24,1.2323545960746847,1.9977538562910533,8200.0,1,1,BodyFat,DEExp,0,CV,0,91129
25,1.1629746409769595,1.263996604528891,7061.0,1,1,BodyFat,DEExp,0,CV,0,91130
26,1.1764792596078038,1.1456794511180166,9610.0,1,1,BodyFat,DEExp,0,CV,0,91131
27,1.1766020698375814,1.1501435257298365,7159.0,1,1,BodyFat,DEExp,0,CV,0,91132
28,1.168974118419735,1.3546764112847616,7083.0,1,1,BodyFat,DEExp,0,CV,0,91133
29,1.2891331086190911,1.3330441082952478,10330.0,1,1,BodyFat,DEExp,0,CV,0,91134
30,1.1437362202525532,1.236044403100487,10113.0,1,1,BodyFat,DEExp,0,CV,0,91135
31,1.1200835820597115,1.1522505491080128,7101.0,1,1,BodyFat,DEExp,0,CV,0,91136
32,1.2354628756002504,1.420900288955669,9813.0,1,1,BodyFat,DEExp,0,CV,0,91137
33,1.2150973318453913,2.6202019625212927,9129.0,1,1,BodyFat,DEExp,0,CV,0,91138
34,1.105715490055865,0.9316375853612425,7406.0,1,1,BodyFat,DEExp,0,CV,0,91139