
0,7.577165256155652,25.87198609257151,7765.0,1,1,Cpu,DEExp,0,CV,0,90930
1,6.391142318654495,14.581018501248478,6248.0,1,1,Cpu,DEExp,0,CV,0,90931
2,7.451359240139995,17.649480258797187,7751.0,1,1,Cpu,DEExp,0,CV,0,90932
3,7.477528780961298,53.38796164014893,6756.0,1,1,Cpu,DEExp,0,CV,0,90933
4,10.655731473417323,80.13161682826296,6172.0,1,1,Cpu,DEExp,0,CV,0,90934
5,7.843980121968798,52.13250253006973,8549.0,1,1,Cpu,DEExp,0,CV,0,90935
6,7.2626552140331695,19.421342083444394,7931.0,1,1,Cpu,DEExp,0,CV,0,90936
7,8.29960556470065,8.70807252623926,8578.0,1,1,Cpu,DEExp,0,CV,0,90937
8,6.8393622960463905,14.455874722924298,6714.0,1,1,Cpu,DEExp,0,CV,0,90938
9,7.67736558721181,85.26720683013308,8413.0,1,1,Cpu,DEExp,0,CV,0,90939
10,6.661314117913316,51.91354856801059,8577.0,1,1,Cpu,DEExp,0,CV,0,90940
11,7.139938267508327,61.45932562263362,6943.0,1,1,Cpu,DEExp,0,CV,0,90941
12,6.147264012754526,8.437132476620306,6955.0,1,1,Cpu,DEExp,0,CV,0,90942
13,8.351453477437433,66.85612169998124,5843.0,1,1,Cpu,DEExp,0,CV,0,90943
14,7.389579424038679,62.93251624379649,6878.0,1,1,Cpu,DEExp,0,CV,0,90944
15,5.518438999902086,29.837659087556588,8412.0,1,1,Cpu,DEExp,0,CV,0,90945
16,8.1557854096778,61.91510880260427,5892.0,1,1,Cpu,DEExp,0,CV,0,90946
17,6.75165926512541,50.12682684477872,5865.0,1,1,Cpu,DEExp,0,CV,0,90947
18,7.593244075150409,34.505032922872935,6226.0,1,1,Cpu,DEExp,0,CV,0,90948
19,7.395077347260775,67.45185620294077,6738.0,1,1,Cpu,DEExp,0,CV,0,90949
20,6.516860353229691,20.811978176703914,6187.0,1,1,Cpu,DEExp,0,CV,0,90950
21,6.227589450058224,11.516712870365517,6231.0,1,1,Cpu,DEExp,0,CV,0,90951
22,8.485634321226012,41.72461822865902,6047.0,1,1,Cpu,DEExp,0,CV,0,90952
23,4.9679557157185075,120.09015521545328,6284.0,1,1,Cpu,DEExp,0,CV,0,90953
24,7.213198706233186,42.7977759439295,6140.0,1,1,Cpu,DEExp,0,CV,0,90954
25,7.12364456276938,24.16599105189239,6125.0,1,1,Cpu,DEExp,0,CV,0,90955
26,6.243518718931904,67.6501596359965,6141.0,1,1,Cpu,DEExp,0,CV,0,90956
27,5.950180825296562,35.358813990581744,6196.0,1,1,Cpu,DEExp,0,CV,0,90957
28,7.40677413738336,17.069758698701666,6204.0,1,1,Cpu,DEExp,0,CV,0,90958
29,7.281911837624794,38.76210853768901,6203.0,1,1,Cpu,DEExp,0,CV,0,90959
30,7.386641263356308,21.30251710798022,6253.0,1,1,Cpu,DEExp,0,CV,0,90960
31,6.846529028644976,66.15799095270432,6256.0,1,1,Cpu,DEExp,0,CV,0,90961
32,7.065628137077662,36.88235968711162,6718.0,1,1,Cpu,DEExp,0,CV,0,90962
33,6.150654946916874,18.2943542600626,6078.0,1,1,Cpu,DEExp,0,CV,0,90963
34,5.182105433900133,46.52000665693747,6261.0,1,1,Cpu,DEExp,0,CV,0,90964