
0,0.8348868439142496,0.8338225811675136,16090.0,1,1,Sensory,DEExp,0,CV,0,90965
1,0.8076904991183522,0.8389948203362987,14892.0,1,1,Sensory,DEExp,0,CV,0,90966
2,0.8072956761811849,0.805968892101036,19432.0,1,1,Sensory,DEExp,0,CV,0,90967
3,0.8232627126183178,0.8068428208984063,16072.0,1,1,Sensory,DEExp,0,CV,0,90968
4,0.82742525059264,0.7946586426996497,15750.0,1,1,Sensory,DEExp,0,CV,0,90969
5,0.8243292420961474,0.8517795658441152,15656.0,1,1,Sensory,DEExp,0,CV,0,90970
6,0.8178898452666754,0.7727568029110596,15937.0,1,1,Sensory,DEExp,0,CV,0,90971
7,0.8287223145157965,0.8107721700943065,23443.0,1,1,Sensory,DEExp,0,CV,0,74257
8,0.8060542698366902,0.7996932690358359,15563.0,1,1,Sensory,DEExp,0,CV,0,90973
9,0.8183243294140967,0.8268154104312927,15927.0,1,1,Sensory,DEExp,0,CV,0,90974
10,0.8123751139693993,0.8450335399764263,14909.0,1,1,Sensory,DEExp,0,CV,0,90975
11,0.8256865045301632,0.8274230484351193,15860.0,1,1,Sensory,DEExp,0,CV,0,90976
12,0.8233156941598876,0.784505403739263,21250.0,1,1,Sensory,DEExp,0,CV,0,90977
13,0.81919518328063,0.7985491976525951,15893.0,1,1,Sensory,DEExp,0,CV,0,90978
14,0.8349748071461367,0.8885791868647557,15750.0,1,1,Sensory,DEExp,0,CV,0,90979
15,0.8031433413852745,0.7958823391518638,15943.0,1,1,Sensory,DEExp,0,CV,0,90980
16,0.8197322265919154,0.829428539810199,15734.0,1,1,Sensory,DEExp,0,CV,0,90981
17,0.8110925692376381,0.7967877027461637,21547.0,1,1,Sensory,DEExp,0,CV,0,90982
18,0.8347407557440736,0.8174518351767668,21798.0,1,1,Sensory,DEExp,0,CV,0,74268
19,0.8353023157378349,0.8745495785470395,20503.0,1,1,Sensory,DEExp,0,CV,0,90984
20,0.8179426289171552,0.8570056169270162,17706.0,1,1,Sensory,DEExp,0,CV,0,90985
21,0.8272027894842477,0.7858200901740686,19684.0,1,1,Sensory,DEExp,0,CV,0,90986
22,0.8137813287333444,0.8375375923110604,20641.0,1,1,Sensory,DEExp,0,CV,0,90987
23,0.8281754374184848,0.7789809550445623,19548.0,1,1,Sensory,DEExp,0,CV,0,90988
24,0.8298273222472454,0.7901020346841882,21475.0,1,1,Sensory,DEExp,0,CV,0,90989
25,0.821897400795588,0.8360460275923142,26756.0,1,1,Sensory,DEExp,0,CV,0,74275
26,0.8168811435946148,0.7921383886466192,15970.0,1,1,Sensory,DEExp,0,CV,0,90991
27,0.830313013850444,0.8060258974383756,21777.0,1,1,Sensory,DEExp,0,CV,0,90992
28,0.8248678476849746,0.8141408242708736,20829.0,1,1,Sensory,DEExp,0,CV,0,90993
29,0.8239108859890198,0.8404055344978003,15719.0,1,1,Sensory,DEExp,0,CV,0,90994
30,0.8330823570635438,0.841211119916948,21559.0,1,1,Sensory,DEExp,0,CV,0,90995
31,0.8145531702499668,0.8247465260797006,21792.0,1,1,Sensory,DEExp,0,CV,0,90996
32,0.8350821217025846,0.8958390528914402,19380.0,1,1,Sensory,DEExp,0,CV,0,90997
33,0.8266575404089263,0.8330738092404636,17342.0,1,1,Sensory,DEExp,0,CV,0,90998
34,0.810505890882086,0.8268921490150271,21847.0,1,1,Sensory,DEExp,0,CV,0,90999