
0,0.8310081067677828,0.7980993311508829,15932.0,1,1,Sensory,DEExp,1,CV,0,92435
1,0.8294391493459324,0.8207743797797222,25555.0,1,1,Sensory,DEExp,1,CV,0,75451
2,0.8130310358041294,0.8142459894746816,21172.0,1,1,Sensory,DEExp,1,CV,0,75452
3,0.8068973394013901,0.8260948293748568,15849.0,1,1,Sensory,DEExp,1,CV,0,92438
4,0.8267794378414317,0.7857352450061827,16091.0,1,1,Sensory,DEExp,1,CV,0,92439
5,0.8281876648961275,0.7963882677215995,15703.0,1,1,Sensory,DEExp,1,CV,0,92440
6,0.8191755262908469,0.8532091075269888,15884.0,1,1,Sensory,DEExp,1,CV,0,92441
7,0.8405769616301855,0.841843370565814,15974.0,1,1,Sensory,DEExp,1,CV,0,92442
8,0.825452758765369,0.7793212204940024,15875.0,1,1,Sensory,DEExp,1,CV,0,92443
9,0.8225102353851426,0.8236204935454049,15805.0,1,1,Sensory,DEExp,1,CV,0,92444
10,0.8317099055076168,0.8177758255496437,15780.0,1,1,Sensory,DEExp,1,CV,0,92445
11,0.8228515995903019,0.8216058866017356,17273.0,1,1,Sensory,DEExp,1,CV,0,92446
12,0.834168939684275,0.8176679995394923,15656.0,1,1,Sensory,DEExp,1,CV,0,92447
13,0.8261816992258035,0.8083696239192847,15949.0,1,1,Sensory,DEExp,1,CV,0,92448
14,0.8405489253531393,0.8276867682660645,17229.0,1,1,Sensory,DEExp,1,CV,0,92449
15,0.8189414314716924,0.8245126308157196,16007.0,1,1,Sensory,DEExp,1,CV,0,92450
16,0.8200276745661194,0.7520915209250879,20454.0,1,1,Sensory,DEExp,1,CV,0,92451
17,0.8280086936290294,0.8378330550645776,15750.0,1,1,Sensory,DEExp,1,CV,0,92452
18,0.8403584188801461,0.8079436592427534,21435.0,1,1,Sensory,DEExp,1,CV,0,92453
19,0.8184770697792653,0.7768178993166414,15932.0,1,1,Sensory,DEExp,1,CV,0,92454
20,0.8339434049257554,0.8073922653521146,21710.0,1,1,Sensory,DEExp,1,CV,0,92455
21,0.8151677855778227,0.8265524736474774,21909.0,1,1,Sensory,DEExp,1,CV,0,92456
22,0.8284266813686516,0.7955677476396953,19535.0,1,1,Sensory,DEExp,1,CV,0,92457
23,0.8293602921768131,0.7995526677157413,17690.0,1,1,Sensory,DEExp,1,CV,0,92458
24,0.8321873910911337,0.7880269666509843,17604.0,1,1,Sensory,DEExp,1,CV,0,92459
25,0.8157190201015745,0.8351579805561794,17251.0,1,1,Sensory,DEExp,1,CV,0,92460
26,0.8179567924921425,0.7908294525247,17812.0,1,1,Sensory,DEExp,1,CV,0,92461
27,0.8268474018981511,0.807916661915972,19699.0,1,1,Sensory,DEExp,1,CV,0,92462
28,0.8334024921804997,0.7894507702438808,20556.0,1,1,Sensory,DEExp,1,CV,0,92463
29,0.8399221589579341,0.7704812365352126,21261.0,1,1,Sensory,DEExp,1,CV,0,92464
30,0.8208814174308193,0.8271925353600331,21594.0,1,1,Sensory,DEExp,1,CV,0,92465
31,0.8294583755023638,0.8382833911909655,21606.0,1,1,Sensory,DEExp,1,CV,0,92466
32,0.8371359634556729,0.8622461720707862,21141.0,1,1,Sensory,DEExp,1,CV,0,92467
33,0.8249925672331726,0.7893855458034053,21876.0,1,1,Sensory,DEExp,1,CV,0,92468
34,0.8290579759587914,0.8083592062611481,15880.0,1,1,Sensory,DEExp,1,CV,0,92469