
0,0.13809523809523783,0.79,10735.0,1,1,Vertebral2C,DEExp,5,CV,0,97055
1,0.13809523809523794,0.81,9084.0,1,1,Vertebral2C,DEExp,5,CV,0,97931
2,0.13809523809523794,0.79,8485.0,1,1,Vertebral2C,DEExp,5,CV,0,97057
3,0.14285714285714268,0.81,8674.0,1,1,Vertebral2C,DEExp,5,CV,0,97058
4,0.12857142857142845,0.81,10812.0,1,1,Vertebral2C,DEExp,5,CV,0,97059
5,0.1238095238095237,0.8,8359.0,1,1,Vertebral2C,DEExp,5,CV,0,97060
6,0.1333333333333332,0.83,9205.0,1,1,Vertebral2C,DEExp,5,CV,0,97061
7,0.13809523809523816,0.83,8559.0,1,1,Vertebral2C,DEExp,5,CV,0,97062
8,0.13809523809523794,0.83,8996.0,1,1,Vertebral2C,DEExp,5,CV,0,97938
9,0.14285714285714257,0.8200000000000001,10781.0,1,1,Vertebral2C,DEExp,5,CV,0,97064
10,0.1238095238095237,0.8,13985.0,1,1,Vertebral2C,DEExp,5,CV,0,97065
11,0.1333333333333332,0.8200000000000001,11368.0,1,1,Vertebral2C,DEExp,5,CV,0,97066
12,0.13809523809523794,0.85,11311.0,1,1,Vertebral2C,DEExp,5,CV,0,97067
13,0.13809523809523794,0.8200000000000001,11109.0,1,1,Vertebral2C,DEExp,5,CV,0,97068
14,0.13809523809523794,0.84,8714.0,1,1,Vertebral2C,DEExp,5,CV,0,97069
15,0.13809523809523794,0.81,11172.0,1,1,Vertebral2C,DEExp,5,CV,0,97070
16,0.1333333333333332,0.8200000000000001,9169.0,1,1,Vertebral2C,DEExp,5,CV,0,97071
17,0.13809523809523794,0.8,9013.0,1,1,Vertebral2C,DEExp,5,CV,0,97947
18,0.1333333333333332,0.79,9133.0,1,1,Vertebral2C,DEExp,5,CV,0,97948
19,0.13809523809523794,0.78,9038.0,1,1,Vertebral2C,DEExp,5,CV,0,97074
20,0.1333333333333332,0.8200000000000001,8375.0,1,1,Vertebral2C,DEExp,5,CV,0,97075
21,0.13809523809523794,0.81,9138.0,1,1,Vertebral2C,DEExp,5,CV,0,97951
22,0.13809523809523794,0.84,8583.0,1,1,Vertebral2C,DEExp,5,CV,0,97077
23,0.1333333333333332,0.79,8873.0,1,1,Vertebral2C,DEExp,5,CV,0,97078
24,0.1333333333333332,0.8,9325.0,1,1,Vertebral2C,DEExp,5,CV,0,97079
25,0.13333333333333308,0.81,8617.0,1,1,Vertebral2C,DEExp,5,CV,0,97080
26,0.13809523809523783,0.8200000000000001,11281.0,1,1,Vertebral2C,DEExp,5,CV,0,97081
27,0.13809523809523794,0.81,8266.0,1,1,Vertebral2C,DEExp,5,CV,0,97082
28,0.13809523809523794,0.8,9008.0,1,1,Vertebral2C,DEExp,5,CV,0,97958
29,0.1333333333333332,0.81,8360.0,1,1,Vertebral2C,DEExp,5,CV,0,97084
30,0.11904761904761896,0.8200000000000001,8626.0,1,1,Vertebral2C,DEExp,5,CV,0,97085
31,0.1333333333333332,0.8200000000000001,11281.0,1,1,Vertebral2C,DEExp,5,CV,0,97086
32,0.1333333333333332,0.84,8579.0,1,1,Vertebral2C,DEExp,5,CV,0,97087
33,0.14285714285714268,0.78,9097.0,1,1,Vertebral2C,DEExp,5,CV,0,97963
34,0.1238095238095237,0.84,10829.0,1,1,Vertebral2C,DEExp,5,CV,0,97089