
0,3.3349870345797625,4.066290865023188,18256.0,1,1,Housing,DEExp,6,CV,0,99890
1,3.6141939321057786,4.179900774214437,18218.0,1,1,Housing,DEExp,6,CV,0,99891
2,3.4217002161379213,4.348307830026203,13307.0,1,1,Housing,DEExp,6,CV,0,99892
3,3.4539176021861535,4.724155787986429,13372.0,1,1,Housing,DEExp,6,CV,0,99893
4,3.462781938895879,4.400961404719564,15424.0,1,1,Housing,DEExp,6,CV,0,99894
5,3.4736549921370767,4.11953965654992,13922.0,1,1,Housing,DEExp,6,CV,0,99895
6,3.4649838923194842,4.404628827988979,14078.0,1,1,Housing,DEExp,6,CV,0,99896
7,3.452473153116911,4.1643120483046845,21837.0,1,1,Housing,DEExp,6,CV,0,81547
8,3.379465449443084,4.54469896939465,19240.0,1,1,Housing,DEExp,6,CV,0,99898
9,3.3228297456545577,4.600861323711644,13478.0,1,1,Housing,DEExp,6,CV,0,99899
10,3.445639357980977,3.876444341033125,14094.0,1,1,Housing,DEExp,6,CV,0,99900
11,3.481297690871717,4.587324792229421,14061.0,1,1,Housing,DEExp,6,CV,0,99901
12,3.4229368944690335,4.556038072888641,14180.0,1,1,Housing,DEExp,6,CV,0,99902
13,3.3602629147618215,4.002396873192586,19166.0,1,1,Housing,DEExp,6,CV,0,99903
14,3.5431771676499566,4.15945703528884,14103.0,1,1,Housing,DEExp,6,CV,0,99904
15,3.3626268390923237,4.100345699799897,14192.0,1,1,Housing,DEExp,6,CV,0,99905
16,3.4413297060502415,4.2015458973991695,15851.0,1,1,Housing,DEExp,6,CV,0,99906
17,3.306993425211502,4.357872601608303,19597.0,1,1,Housing,DEExp,6,CV,0,99907
18,3.733750392077204,4.7821946993965145,14084.0,1,1,Housing,DEExp,6,CV,0,99908
19,3.5680745695678766,4.4444400580884365,14155.0,1,1,Housing,DEExp,6,CV,0,99909
20,3.270934441783047,4.4127009165767594,14145.0,1,1,Housing,DEExp,6,CV,0,99910
21,3.3615872626670105,4.619379502460538,14224.0,1,1,Housing,DEExp,6,CV,0,99911
22,3.4465507691718207,4.1004296362707695,13985.0,1,1,Housing,DEExp,6,CV,0,99912
23,3.671200910570692,4.071638889582143,21699.0,1,1,Housing,DEExp,6,CV,0,81563
24,3.2768642324746855,4.671604447952168,19305.0,1,1,Housing,DEExp,6,CV,0,99914
25,3.512620828784285,4.682393762366896,14300.0,1,1,Housing,DEExp,6,CV,0,99915
26,3.5028636919929346,4.185802745127428,19273.0,1,1,Housing,DEExp,6,CV,0,99916
27,3.2434942635024058,4.014726621214058,17813.0,1,1,Housing,DEExp,6,CV,0,99917
28,3.5144958537670674,4.062294356551079,14249.0,1,1,Housing,DEExp,6,CV,0,99918
29,3.642952790916643,4.631823789380099,18211.0,1,1,Housing,DEExp,6,CV,0,99919
30,3.6707963858921184,4.343532021801193,17351.0,1,1,Housing,DEExp,6,CV,0,99920
31,3.756455305760757,4.294229518367911,17547.0,1,1,Housing,DEExp,6,CV,0,99921
32,3.5243995248823423,4.6859650252663645,15808.0,1,1,Housing,DEExp,6,CV,0,99922
33,3.5682686618330144,4.776848614274571,15890.0,1,1,Housing,DEExp,6,CV,0,99923
34,3.7109424631886503,3.6594547529392405,17602.0,1,1,Housing,DEExp,6,CV,0,99924