
0,0.09047619047619047,0.84,1598.0,1,1,Vertebral2C,PSO,1,TT,0,202895
1,0.09047619047619047,0.79,1578.0,1,1,Vertebral2C,PSO,1,TT,0,202896
2,0.09047619047619047,0.77,1600.0,1,1,Vertebral2C,PSO,1,TT,0,202897
3,0.08571428571428572,0.8200000000000001,1562.0,1,1,Vertebral2C,PSO,1,TT,0,202898
4,0.09047619047619047,0.77,2005.0,1,1,Vertebral2C,PSO,1,TT,0,202899
5,0.08571428571428572,0.85,2203.0,1,1,Vertebral2C,PSO,1,TT,0,202900
6,0.08571428571428572,0.83,1562.0,1,1,Vertebral2C,PSO,1,TT,0,202901
7,0.09047619047619047,0.87,1563.0,1,1,Vertebral2C,PSO,1,TT,0,202902
8,0.09047619047619047,0.85,1582.0,1,1,Vertebral2C,PSO,1,TT,0,202903
9,0.08571428571428572,0.81,1591.0,1,1,Vertebral2C,PSO,1,TT,0,202904
10,0.08095238095238096,0.85,1562.0,1,1,Vertebral2C,PSO,1,TT,0,202905
11,0.08571428571428572,0.8200000000000001,1574.0,1,1,Vertebral2C,PSO,1,TT,0,202906
12,0.09047619047619047,0.83,1725.0,1,1,Vertebral2C,PSO,1,TT,0,202907
13,0.09047619047619047,0.81,1584.0,1,1,Vertebral2C,PSO,1,TT,0,202908
14,0.08571428571428574,0.8200000000000001,1563.0,1,1,Vertebral2C,PSO,1,TT,0,202909
15,0.08571428571428572,0.8,1746.0,1,1,Vertebral2C,PSO,1,TT,0,202910
16,0.09047619047619047,0.8200000000000001,1595.0,1,1,Vertebral2C,PSO,1,TT,0,202911
17,0.09047619047619047,0.8200000000000001,1573.0,1,1,Vertebral2C,PSO,1,TT,0,202912
18,0.09047619047619047,0.8,1569.0,1,1,Vertebral2C,PSO,1,TT,0,202913
19,0.08571428571428572,0.8200000000000001,1531.0,1,1,Vertebral2C,PSO,1,TT,0,202914
20,0.09047619047619047,0.8,2047.0,1,1,Vertebral2C,PSO,1,TT,0,202915
21,0.08571428571428572,0.81,1669.0,1,1,Vertebral2C,PSO,1,TT,0,202916
22,0.08095238095238096,0.84,1586.0,1,1,Vertebral2C,PSO,1,TT,0,202917
23,0.09047619047619047,0.84,1615.0,1,1,Vertebral2C,PSO,1,TT,0,202918
24,0.08571428571428572,0.8,2206.0,1,1,Vertebral2C,PSO,1,TT,0,202919
25,0.08571428571428572,0.8,1774.0,1,1,Vertebral2C,PSO,1,TT,0,202920
26,0.08571428571428572,0.78,1586.0,1,1,Vertebral2C,PSO,1,TT,0,202921
27,0.09047619047619047,0.83,1531.0,1,1,Vertebral2C,PSO,1,TT,0,202922
28,0.08571428571428574,0.8,1594.0,1,1,Vertebral2C,PSO,1,TT,0,202923
29,0.09047619047619047,0.83,1569.0,1,1,Vertebral2C,PSO,1,TT,0,202924
30,0.09047619047619047,0.84,1607.0,1,1,Vertebral2C,PSO,1,TT,0,202925
31,0.09047619047619047,0.81,1568.0,1,1,Vertebral2C,PSO,1,TT,0,202926
32,0.09047619047619047,0.78,1592.0,1,1,Vertebral2C,PSO,1,TT,0,202927
33,0.09047619047619047,0.8,1587.0,1,1,Vertebral2C,PSO,1,TT,0,202928
34,0.09047619047619047,0.8,1562.0,1,1,Vertebral2C,PSO,1,TT,0,202929