
0,846.4331681948845,3903.586703906188,6310.0,1,1,AutoPrice,DEBin,0,TT,1,372990
1,871.5316152715342,2843.3822323419995,5614.0,1,1,AutoPrice,DEBin,0,TT,1,372991
2,895.9270155900257,3830.7076768580246,5640.0,1,1,AutoPrice,DEBin,0,TT,1,372992
3,872.7802941320565,2237.3042425532453,5600.0,1,1,AutoPrice,DEBin,0,TT,1,372993
4,854.3703123483555,3344.7342413341157,5662.0,1,1,AutoPrice,DEBin,0,TT,1,372994
5,914.1987129309924,3493.3560964198737,5250.0,1,1,AutoPrice,DEBin,0,TT,1,372995
6,840.22389681449,4710.2213757373265,5584.0,1,1,AutoPrice,DEBin,0,TT,1,372996
7,919.3082275915622,5148.222084081607,5576.0,1,1,AutoPrice,DEBin,0,TT,1,372997
8,891.8585099265405,4049.4439262516225,5553.0,1,1,AutoPrice,DEBin,0,TT,1,372998
9,887.7603348730784,3907.191288981215,5461.0,1,1,AutoPrice,DEBin,0,TT,1,372999
10,884.308853192193,3452.086881580622,6389.0,1,1,AutoPrice,DEBin,0,TT,1,373000
11,888.0242308683826,3341.4174127061583,5469.0,1,1,AutoPrice,DEBin,0,TT,1,373001
12,890.091353539233,4324.10086364592,5500.0,1,1,AutoPrice,DEBin,0,TT,1,373002
13,857.1917159116615,3588.1623847489964,6249.0,1,1,AutoPrice,DEBin,0,TT,1,373003
14,887.1287709952175,3516.150390327901,5630.0,1,1,AutoPrice,DEBin,0,TT,1,373004
15,905.2245967008383,4143.894111847033,6180.0,1,1,AutoPrice,DEBin,0,TT,1,373005
16,932.2230945454455,4647.636441940141,6316.0,1,1,AutoPrice,DEBin,0,TT,1,373006
17,899.8000513739021,4468.7210237745,6349.0,1,1,AutoPrice,DEBin,0,TT,1,373007
18,782.8460525178417,3545.240958681416,6769.0,1,1,AutoPrice,DEBin,0,TT,1,373008
19,925.6419833506222,3357.2577976244493,5515.0,1,1,AutoPrice,DEBin,0,TT,1,373009
21,914.1264097176024,4115.42056579516,5622.0,1,1,AutoPrice,DEBin,0,TT,1,373011
22,834.9085126022278,4863.740132214254,5468.0,1,1,AutoPrice,DEBin,0,TT,1,373012
23,897.7670792974704,3897.5214028652676,5628.0,1,1,AutoPrice,DEBin,0,TT,1,373013
24,905.7851315613068,2933.7014415073427,5218.0,1,1,AutoPrice,DEBin,0,TT,1,373014
25,871.7922760467659,3112.1232665557022,5621.0,1,1,AutoPrice,DEBin,0,TT,1,373015
26,930.1508207376494,4277.718481293189,6306.0,1,1,AutoPrice,DEBin,0,TT,1,373016
27,859.4543859910129,3049.8539627629084,4553.0,1,1,AutoPrice,DEBin,0,TT,1,373017
28,877.7014491611878,3213.048873095978,5574.0,1,1,AutoPrice,DEBin,0,TT,1,373018
29,912.8841223121062,3317.793333209232,5515.0,1,1,AutoPrice,DEBin,0,TT,1,373019
20,867.7305380691663,5015.4381864398565,5406.0,1,1,AutoPrice,DEBin,0,TT,1,385233
30,918.291504561769,3765.7617118687363,5468.0,1,1,AutoPrice,DEBin,0,TT,1,385633
31,884.4337412177479,2984.6450643478775,7031.0,1,1,AutoPrice,DEBin,0,TT,1,373913
33,895.4494392958396,5517.560436055523,7327.0,1,1,AutoPrice,DEBin,0,TT,1,373993
32,878.2465071149522,4003.4283130812314,5922.0,1,1,AutoPrice,DEBin,0,TT,1,373953