
0,1.2907272070979963,58.49846761060859,6585.0,1,1,Cpu,DEBin,0,TT,1,373020
1,1.2682893083456523,51.90247225057885,6547.0,1,1,Cpu,DEBin,0,TT,1,373021
2,1.2867952734702168,23.143522552387992,6564.0,1,1,Cpu,DEBin,0,TT,1,373022
3,1.2367595795649629,64.28659524231375,6438.0,1,1,Cpu,DEBin,0,TT,1,373023
4,1.2645196253004194,12.48040049983988,6485.0,1,1,Cpu,DEBin,0,TT,1,373024
5,1.2653936864621738,44.147360999159844,6531.0,1,1,Cpu,DEBin,0,TT,1,373025
6,1.3255337448098514,64.36404244349224,7616.0,1,1,Cpu,DEBin,0,TT,1,373026
7,1.2477020186640808,32.587590067891135,6792.0,1,1,Cpu,DEBin,0,TT,1,373027
8,1.2443140733016955,51.132201744307444,6473.0,1,1,Cpu,DEBin,0,TT,1,373028
9,1.263239737137421,97.88542062065096,7439.0,1,1,Cpu,DEBin,0,TT,1,373029
10,1.3533309345266311,112.00982436773192,7350.0,1,1,Cpu,DEBin,0,TT,1,373030
11,1.2056696151015058,44.570026114167966,6156.0,1,1,Cpu,DEBin,0,TT,1,373031
12,1.2233280752365807,50.46424819419002,6453.0,1,1,Cpu,DEBin,0,TT,1,373032
13,1.3042867762737762,106.81200667177458,6532.0,1,1,Cpu,DEBin,0,TT,1,373033
14,1.3056502847318618,25.807926829934992,7496.0,1,1,Cpu,DEBin,0,TT,1,373034
15,1.2608021004477112,3.406394862849944,7502.0,1,1,Cpu,DEBin,0,TT,1,373035
16,1.2906260055530774,32.666908166643694,5396.0,1,1,Cpu,DEBin,0,TT,1,373036
17,1.3655990202466473,17.604697060329872,6532.0,1,1,Cpu,DEBin,0,TT,1,373037
18,1.301418269678032,8.15392407647341,6203.0,1,1,Cpu,DEBin,0,TT,1,373038
19,1.2737753316283214,64.56871834420511,6468.0,1,1,Cpu,DEBin,0,TT,1,373039
20,1.3225747572982407,90.9124898917405,6665.0,1,1,Cpu,DEBin,0,TT,1,373040
21,1.173941411614739,36.76829241029944,6757.0,1,1,Cpu,DEBin,0,TT,1,373041
22,1.273111847979443,85.50345715443925,8055.0,1,1,Cpu,DEBin,0,TT,1,373042
23,1.3179771350030702,19.212768641370527,6646.0,1,1,Cpu,DEBin,0,TT,1,373043
24,1.2710559885271233,28.05591941339848,8183.0,1,1,Cpu,DEBin,0,TT,1,373044
25,1.2298140408261347,22.50047836156805,6686.0,1,1,Cpu,DEBin,0,TT,1,373045
26,1.3359745864510646,54.119978453545656,6722.0,1,1,Cpu,DEBin,0,TT,1,373046
27,1.3381363037027987,80.08030721018719,6578.0,1,1,Cpu,DEBin,0,TT,1,373047
28,1.2555145087358657,35.930594596161626,7426.0,1,1,Cpu,DEBin,0,TT,1,373048
29,1.3119137485871892,58.324061650002605,6531.0,1,1,Cpu,DEBin,0,TT,1,373049
30,1.245057522591024,12.266954105079702,6223.0,1,1,Cpu,DEBin,0,TT,1,385634
31,1.2926309738206134,56.095580362199875,8234.0,1,1,Cpu,DEBin,0,TT,1,373914
32,1.3008957610600604,43.08988491320533,8703.0,1,1,Cpu,DEBin,0,TT,1,373954
33,1.293220578999238,49.746222235408,8766.0,1,1,Cpu,DEBin,0,TT,1,373994