
0,0.08441558441558442,0.65,8662.0,1,1,Glass,DEBin,0,TT,1,372360
1,0.08441558441558442,0.6333333333333333,8890.0,1,1,Glass,DEBin,0,TT,1,372361
2,0.08441558441558442,0.5666666666666667,6922.0,1,1,Glass,DEBin,0,TT,1,372362
3,0.08441558441558442,0.7166666666666667,7335.0,1,1,Glass,DEBin,0,TT,1,372363
4,0.08441558441558442,0.6,8096.0,1,1,Glass,DEBin,0,TT,1,372364
5,0.08441558441558442,0.5833333333333333,6000.0,1,1,Glass,DEBin,0,TT,1,372365
6,0.08441558441558442,0.6166666666666667,7134.0,1,1,Glass,DEBin,0,TT,1,372366
7,0.08441558441558442,0.7,8305.0,1,1,Glass,DEBin,0,TT,1,372367
8,0.07142857142857142,0.6166666666666667,7511.0,1,1,Glass,DEBin,0,TT,1,372368
9,0.08441558441558442,0.6666666666666667,7266.0,1,1,Glass,DEBin,0,TT,1,372369
10,0.07792207792207792,0.6833333333333333,6859.0,1,1,Glass,DEBin,0,TT,1,372370
11,0.07792207792207792,0.6333333333333333,7285.0,1,1,Glass,DEBin,0,TT,1,372371
12,0.08441558441558442,0.6333333333333333,7250.0,1,1,Glass,DEBin,0,TT,1,372372
13,0.08441558441558442,0.7,7171.0,1,1,Glass,DEBin,0,TT,1,372373
14,0.08441558441558442,0.6666666666666667,8463.0,1,1,Glass,DEBin,0,TT,1,372374
15,0.08441558441558442,0.65,7629.0,1,1,Glass,DEBin,0,TT,1,372375
16,0.09090909090909091,0.6666666666666667,7374.0,1,1,Glass,DEBin,0,TT,1,372376
17,0.09090909090909091,0.5833333333333333,8672.0,1,1,Glass,DEBin,0,TT,1,372377
18,0.08441558441558442,0.6166666666666667,9910.0,1,1,Glass,DEBin,0,TT,1,372378
19,0.07792207792207792,0.6,7625.0,1,1,Glass,DEBin,0,TT,1,372379
20,0.08441558441558442,0.6166666666666667,8672.0,1,1,Glass,DEBin,0,TT,1,372380
21,0.07792207792207792,0.7166666666666667,7328.0,1,1,Glass,DEBin,0,TT,1,372381
22,0.07792207792207792,0.75,7572.0,1,1,Glass,DEBin,0,TT,1,372382
24,0.09090909090909091,0.6666666666666667,9644.0,1,1,Glass,DEBin,0,TT,1,372384
25,0.07792207792207792,0.6333333333333333,8008.0,1,1,Glass,DEBin,0,TT,1,372385
26,0.08441558441558442,0.65,7397.0,1,1,Glass,DEBin,0,TT,1,372386
27,0.08441558441558442,0.65,7593.0,1,1,Glass,DEBin,0,TT,1,372387
28,0.08441558441558442,0.6333333333333333,8148.0,1,1,Glass,DEBin,0,TT,1,372388
29,0.07792207792207792,0.65,8101.0,1,1,Glass,DEBin,0,TT,1,372389
23,0.08441558441558442,0.6333333333333333,7276.0,1,1,Glass,DEBin,0,TT,1,385332
30,0.07792207792207792,0.6333333333333333,7375.0,1,1,Glass,DEBin,0,TT,1,385612
31,0.08441558441558442,0.6833333333333333,9781.0,1,1,Glass,DEBin,0,TT,1,373892
32,0.07792207792207792,0.6666666666666667,9438.0,1,1,Glass,DEBin,0,TT,1,373932
33,0.08441558441558442,0.65,9359.0,1,1,Glass,DEBin,0,TT,1,373972