
0,0.01282051282051282,0.9230769230769231,13281.0,1,1,Ionosphere,DEBin,0,TT,1,372510
1,0.008547008547008548,0.9230769230769231,9359.0,1,1,Ionosphere,DEBin,0,TT,1,372511
2,0.008547008547008548,0.9230769230769231,11494.0,1,1,Ionosphere,DEBin,0,TT,1,372512
3,0.01282051282051282,0.8803418803418803,15388.0,1,1,Ionosphere,DEBin,0,TT,1,372513
4,0.01282051282051282,0.8803418803418803,15737.0,1,1,Ionosphere,DEBin,0,TT,1,372514
5,0.01282051282051282,0.8803418803418803,10906.0,1,1,Ionosphere,DEBin,0,TT,1,372515
6,0.01282051282051282,0.9145299145299145,11265.0,1,1,Ionosphere,DEBin,0,TT,1,372516
7,0.008547008547008548,0.8632478632478633,12696.0,1,1,Ionosphere,DEBin,0,TT,1,372517
8,0.01282051282051282,0.9316239316239316,10875.0,1,1,Ionosphere,DEBin,0,TT,1,372518
9,0.01282051282051282,0.9145299145299145,11453.0,1,1,Ionosphere,DEBin,0,TT,1,372519
10,0.008547008547008548,0.8717948717948718,11233.0,1,1,Ionosphere,DEBin,0,TT,1,372520
11,0.01282051282051282,0.8974358974358975,11375.0,1,1,Ionosphere,DEBin,0,TT,1,372521
12,0.01282051282051282,0.9316239316239316,11645.0,1,1,Ionosphere,DEBin,0,TT,1,372522
13,0.01282051282051282,0.8803418803418803,11421.0,1,1,Ionosphere,DEBin,0,TT,1,372523
14,0.01282051282051282,0.8974358974358975,11441.0,1,1,Ionosphere,DEBin,0,TT,1,372524
15,0.01282051282051282,0.8974358974358975,11499.0,1,1,Ionosphere,DEBin,0,TT,1,372525
16,0.017094017094017096,0.9145299145299145,105980.0,1,1,Ionosphere,DEBin,0,TT,1,372526
17,0.01282051282051282,0.8974358974358975,22324.0,1,1,Ionosphere,DEBin,0,TT,1,372527
18,0.01282051282051282,0.8803418803418803,11520.0,1,1,Ionosphere,DEBin,0,TT,1,372528
19,0.008547008547008548,0.8803418803418803,11464.0,1,1,Ionosphere,DEBin,0,TT,1,372529
20,0.01282051282051282,0.905982905982906,11560.0,1,1,Ionosphere,DEBin,0,TT,1,372530
21,0.01282051282051282,0.9316239316239316,9345.0,1,1,Ionosphere,DEBin,0,TT,1,372531
22,0.01282051282051282,0.905982905982906,12796.0,1,1,Ionosphere,DEBin,0,TT,1,372532
23,0.01282051282051282,0.8803418803418803,12630.0,1,1,Ionosphere,DEBin,0,TT,1,372533
24,0.008547008547008548,0.8632478632478633,12761.0,1,1,Ionosphere,DEBin,0,TT,1,372534
25,0.017094017094017096,0.9316239316239316,11844.0,1,1,Ionosphere,DEBin,0,TT,1,372535
26,0.01282051282051282,0.8717948717948718,11078.0,1,1,Ionosphere,DEBin,0,TT,1,372536
27,0.01282051282051282,0.8547008547008547,13215.0,1,1,Ionosphere,DEBin,0,TT,1,372537
28,0.008547008547008548,0.9145299145299145,12635.0,1,1,Ionosphere,DEBin,0,TT,1,372538
29,0.01282051282051282,0.9230769230769231,13453.0,1,1,Ionosphere,DEBin,0,TT,1,372539
30,0.017094017094017096,0.8888888888888888,11469.0,1,1,Ionosphere,DEBin,0,TT,1,385617
31,0.01282051282051282,0.8717948717948718,15265.0,1,1,Ionosphere,DEBin,0,TT,1,373897
32,0.01282051282051282,0.8974358974358975,15266.0,1,1,Ionosphere,DEBin,0,TT,1,373937
33,0.017094017094017096,0.8717948717948718,14750.0,1,1,Ionosphere,DEBin,0,TT,1,373977