
0,0.6421959124786347,1.9844073870658647,7936.0,1,1,BodyFat,DEBin,1,TT,1,374370
1,0.6647309661560412,1.5046364494686992,9205.0,1,1,BodyFat,DEBin,1,TT,1,374371
2,0.659962754872898,0.9104673558881435,8626.0,1,1,BodyFat,DEBin,1,TT,1,374372
3,0.6613216489631506,1.0349294712490489,9209.0,1,1,BodyFat,DEBin,1,TT,1,374373
4,0.6637371662890381,0.9514960786824219,6641.0,1,1,BodyFat,DEBin,1,TT,1,374374
5,0.6607786296178108,1.0481299342432706,7969.0,1,1,BodyFat,DEBin,1,TT,1,374375
6,0.6632434105151067,1.2059785233007259,8328.0,1,1,BodyFat,DEBin,1,TT,1,374376
7,0.6551364305544909,0.9488069432652164,8189.0,1,1,BodyFat,DEBin,1,TT,1,374377
8,0.6513512576770399,1.2373337448737802,8255.0,1,1,BodyFat,DEBin,1,TT,1,374378
9,0.6616203461808005,1.2121205735987353,8182.0,1,1,BodyFat,DEBin,1,TT,1,374379
10,0.6716626697592478,1.1822868887279736,8248.0,1,1,BodyFat,DEBin,1,TT,1,374380
11,0.6774891569818424,1.2569076610029841,8189.0,1,1,BodyFat,DEBin,1,TT,1,374381
12,0.6382957754968337,1.0500610409104354,7562.0,1,1,BodyFat,DEBin,1,TT,1,374382
13,0.6373356054711405,2.0835283868823127,8265.0,1,1,BodyFat,DEBin,1,TT,1,374383
14,0.6650806756599588,1.12199873942403,8110.0,1,1,BodyFat,DEBin,1,TT,1,374384
15,0.6494291127523011,1.0971634114509399,8946.0,1,1,BodyFat,DEBin,1,TT,1,374385
16,0.673129564967383,1.4244286847778378,7547.0,1,1,BodyFat,DEBin,1,TT,1,374386
17,0.6633671067618471,1.5119209739919743,8354.0,1,1,BodyFat,DEBin,1,TT,1,374387
18,0.6761703420432625,1.1551697650279082,7969.0,1,1,BodyFat,DEBin,1,TT,1,374388
19,0.6519298378368489,1.4480215976657218,7718.0,1,1,BodyFat,DEBin,1,TT,1,374389
20,0.6670790270905095,1.7507882884037356,7938.0,1,1,BodyFat,DEBin,1,TT,1,374390
21,0.6689497218526828,1.2745077429043692,7992.0,1,1,BodyFat,DEBin,1,TT,1,374391
22,0.6558845798884141,1.7464757478757638,8063.0,1,1,BodyFat,DEBin,1,TT,1,374392
23,0.6511600064818105,1.565172444030904,7984.0,1,1,BodyFat,DEBin,1,TT,1,374393
24,0.6487527958034355,1.2522102674133486,9095.0,1,1,BodyFat,DEBin,1,TT,1,374394
25,0.6510427207591978,2.0700531615084796,9008.0,1,1,BodyFat,DEBin,1,TT,1,374395
26,0.6372085873279278,1.0335258930700988,9100.0,1,1,BodyFat,DEBin,1,TT,1,374396
27,0.6671402803219811,1.4307748234784845,9640.0,1,1,BodyFat,DEBin,1,TT,1,374397
28,0.6643992947772848,1.3153156394479322,8109.0,1,1,BodyFat,DEBin,1,TT,1,374398
29,0.6513906788764691,1.2333702571030922,8241.0,1,1,BodyFat,DEBin,1,TT,1,374399
30,0.6574077849452744,1.0687756097833823,9000.0,1,1,BodyFat,DEBin,1,TT,1,386879
31,0.6719184638581188,2.18545342331605,10297.0,1,1,BodyFat,DEBin,1,TT,1,375279
32,0.6442957456530326,1.864206310561167,9937.0,1,1,BodyFat,DEBin,1,TT,1,375319
33,0.6306488797013812,1.457739508048538,10172.0,1,1,BodyFat,DEBin,1,TT,1,375359