
0,0.22019635343618513,0.73,76576.0,1,1,Cardiotocography,DEBin,1,TT,1,373290
1,0.2131837307152875,0.7585714285714286,54571.0,1,1,Cardiotocography,DEBin,1,TT,1,373291
2,0.21949509116409538,0.75,78003.0,1,1,Cardiotocography,DEBin,1,TT,1,373292
4,0.22370266479663395,0.7357142857142858,84180.0,1,1,Cardiotocography,DEBin,1,TT,1,373294
5,0.21739130434782608,0.7414285714285714,74658.0,1,1,Cardiotocography,DEBin,1,TT,1,373295
6,0.22019635343618513,0.76,62188.0,1,1,Cardiotocography,DEBin,1,TT,1,373296
7,0.22019635343618513,0.7614285714285715,61844.0,1,1,Cardiotocography,DEBin,1,TT,1,373297
8,0.22019635343618513,0.7414285714285714,67375.0,1,1,Cardiotocography,DEBin,1,TT,1,373298
9,0.2208976157082749,0.7271428571428571,67327.0,1,1,Cardiotocography,DEBin,1,TT,1,373299
10,0.22370266479663395,0.7257142857142858,66426.0,1,1,Cardiotocography,DEBin,1,TT,1,373300
11,0.2208976157082749,0.74,66406.0,1,1,Cardiotocography,DEBin,1,TT,1,373301
12,0.2187938288920056,0.7514285714285714,67265.0,1,1,Cardiotocography,DEBin,1,TT,1,373302
13,0.2138849929873773,0.7514285714285714,68180.0,1,1,Cardiotocography,DEBin,1,TT,1,373303
14,0.21107994389901824,0.7428571428571429,68323.0,1,1,Cardiotocography,DEBin,1,TT,1,373304
15,0.21949509116409538,0.7385714285714285,68448.0,1,1,Cardiotocography,DEBin,1,TT,1,373305
16,0.21949509116409538,0.7442857142857142,69216.0,1,1,Cardiotocography,DEBin,1,TT,1,373306
17,0.21949509116409538,0.7442857142857142,60263.0,1,1,Cardiotocography,DEBin,1,TT,1,373307
18,0.22159887798036465,0.75,69328.0,1,1,Cardiotocography,DEBin,1,TT,1,373308
19,0.21669004207573633,0.7514285714285714,66500.0,1,1,Cardiotocography,DEBin,1,TT,1,373309
20,0.2208976157082749,0.7571428571428571,67203.0,1,1,Cardiotocography,DEBin,1,TT,1,373310
21,0.2208976157082749,0.73,67562.0,1,1,Cardiotocography,DEBin,1,TT,1,373311
22,0.22230014025245443,0.7357142857142858,66531.0,1,1,Cardiotocography,DEBin,1,TT,1,373312
23,0.21949509116409538,0.7414285714285714,68865.0,1,1,Cardiotocography,DEBin,1,TT,1,373313
24,0.2187938288920056,0.7485714285714286,69142.0,1,1,Cardiotocography,DEBin,1,TT,1,373314
25,0.22019635343618513,0.74,68072.0,1,1,Cardiotocography,DEBin,1,TT,1,373315
26,0.22019635343618513,0.7342857142857142,74646.0,1,1,Cardiotocography,DEBin,1,TT,1,373316
27,0.21949509116409538,0.7528571428571429,75595.0,1,1,Cardiotocography,DEBin,1,TT,1,373317
28,0.22159887798036465,0.7585714285714286,73364.0,1,1,Cardiotocography,DEBin,1,TT,1,373318
29,0.22230014025245443,0.7414285714285714,66250.0,1,1,Cardiotocography,DEBin,1,TT,1,373319
3,0.2208976157082749,0.7385714285714285,73360.0,1,1,Cardiotocography,DEBin,1,TT,1,385763
30,0.21949509116409538,0.74,72531.0,1,1,Cardiotocography,DEBin,1,TT,1,386843
31,0.2208976157082749,0.7471428571428571,88577.0,1,1,Cardiotocography,DEBin,1,TT,1,375243
32,0.21809256661991586,0.7628571428571429,90329.0,1,1,Cardiotocography,DEBin,1,TT,1,375283
33,0.21739130434782608,0.7328571428571429,88062.0,1,1,Cardiotocography,DEBin,1,TT,1,375323