
0,0.29733333333333334,0.6954,1912285.0,1,1,Letter,DEBin,1,TT,1,373770
1,0.2972666666666667,0.6974,2387440.0,1,1,Letter,DEBin,1,TT,1,373771
2,0.29746666666666666,0.6952,1691385.0,1,1,Letter,DEBin,1,TT,1,373772
3,0.29506666666666664,0.6981999999999999,2160409.0,1,1,Letter,DEBin,1,TT,1,373773
4,0.2942666666666667,0.6906,1659227.0,1,1,Letter,DEBin,1,TT,1,373774
5,0.29473333333333335,0.6956,1272204.0,1,1,Letter,DEBin,1,TT,1,373775
6,0.2978,0.6984,1636508.0,1,1,Letter,DEBin,1,TT,1,373776
7,0.2929333333333333,0.7008,1673757.0,1,1,Letter,DEBin,1,TT,1,373777
8,0.29513333333333336,0.6964,1267798.0,1,1,Letter,DEBin,1,TT,1,373778
9,0.291,0.7034,897147.0,1,1,Letter,DEBin,1,TT,1,373779
10,0.3,0.6924,1672078.0,1,1,Letter,DEBin,1,TT,1,373780
11,0.2958,0.7,1738575.0,1,1,Letter,DEBin,1,TT,1,373781
12,0.29546666666666666,0.6944,1720291.0,1,1,Letter,DEBin,1,TT,1,373782
13,0.29633333333333334,0.6972,1727165.0,1,1,Letter,DEBin,1,TT,1,373783
14,0.29486666666666667,0.7006,1916457.0,1,1,Letter,DEBin,1,TT,1,373784
15,0.2892,0.7012,1733372.0,1,1,Letter,DEBin,1,TT,1,373785
16,0.2934,0.6990000000000001,1692750.0,1,1,Letter,DEBin,1,TT,1,373786
17,0.2939333333333333,0.7072,1713794.0,1,1,Letter,DEBin,1,TT,1,373787
18,0.2942,0.6958,1729197.0,1,1,Letter,DEBin,1,TT,1,373788
19,0.2968,0.6946,1730806.0,1,1,Letter,DEBin,1,TT,1,373789
20,0.2962666666666667,0.6950000000000001,1737418.0,1,1,Letter,DEBin,1,TT,1,373790
21,0.2966,0.6956,1780269.0,1,1,Letter,DEBin,1,TT,1,373791
22,0.29713333333333336,0.6944,1734226.0,1,1,Letter,DEBin,1,TT,1,373792
23,0.29146666666666665,0.7004,1493186.0,1,1,Letter,DEBin,1,TT,1,373793
24,0.2946,0.7063999999999999,1783631.0,1,1,Letter,DEBin,1,TT,1,373794
25,0.296,0.6918,1649008.0,1,1,Letter,DEBin,1,TT,1,373795
26,0.293,0.704,1644341.0,1,1,Letter,DEBin,1,TT,1,373796
27,0.29646666666666666,0.698,1647808.0,1,1,Letter,DEBin,1,TT,1,373797
28,0.2959333333333333,0.6968,1658610.0,1,1,Letter,DEBin,1,TT,1,373798
29,0.2976,0.7012,1784756.0,1,1,Letter,DEBin,1,TT,1,373799
30,0.29246666666666665,0.7016,1527451.0,1,1,Letter,DEBin,1,TT,1,386859
31,0.29606666666666664,0.7026,1689350.0,1,1,Letter,DEBin,1,TT,1,375259
32,0.2996,0.6896,1814629.0,1,1,Letter,DEBin,1,TT,1,375299
33,0.29413333333333336,0.7004,1981063.0,1,1,Letter,DEBin,1,TT,1,375339