
0,0.0,0.9672131147540983,13893.0,1,1,Dermatology,DEBin,2,TT,1,374640
1,0.0,0.9672131147540983,13872.0,1,1,Dermatology,DEBin,2,TT,1,374641
2,0.0,0.9754098360655737,13957.0,1,1,Dermatology,DEBin,2,TT,1,374642
3,0.0,0.9590163934426229,10126.0,1,1,Dermatology,DEBin,2,TT,1,374643
4,0.0,0.9590163934426229,11578.0,1,1,Dermatology,DEBin,2,TT,1,374644
5,0.0,0.9590163934426229,12344.0,1,1,Dermatology,DEBin,2,TT,1,374645
6,0.0,0.9836065573770492,11578.0,1,1,Dermatology,DEBin,2,TT,1,374646
7,0.0,0.9590163934426229,12288.0,1,1,Dermatology,DEBin,2,TT,1,374647
8,0.0,0.9672131147540983,12633.0,1,1,Dermatology,DEBin,2,TT,1,374648
9,0.0,0.9836065573770492,12468.0,1,1,Dermatology,DEBin,2,TT,1,374649
10,0.0,0.9590163934426229,12344.0,1,1,Dermatology,DEBin,2,TT,1,374650
11,0.0,0.9590163934426229,12407.0,1,1,Dermatology,DEBin,2,TT,1,374651
12,0.0,0.9754098360655737,12754.0,1,1,Dermatology,DEBin,2,TT,1,374652
13,0.0,0.9508196721311475,12680.0,1,1,Dermatology,DEBin,2,TT,1,374653
14,0.0,0.9508196721311475,12172.0,1,1,Dermatology,DEBin,2,TT,1,374654
15,0.0,0.9672131147540983,12533.0,1,1,Dermatology,DEBin,2,TT,1,374655
16,0.0,0.9672131147540983,12556.0,1,1,Dermatology,DEBin,2,TT,1,374656
17,0.0,0.9180327868852459,12518.0,1,1,Dermatology,DEBin,2,TT,1,374657
18,0.0,0.9672131147540983,12691.0,1,1,Dermatology,DEBin,2,TT,1,374658
19,0.0,0.9754098360655737,13814.0,1,1,Dermatology,DEBin,2,TT,1,374659
21,0.0,0.9590163934426229,12564.0,1,1,Dermatology,DEBin,2,TT,1,374661
22,0.0,0.9590163934426229,13756.0,1,1,Dermatology,DEBin,2,TT,1,374662
23,0.0,0.9754098360655737,10155.0,1,1,Dermatology,DEBin,2,TT,1,374663
24,0.0,0.9590163934426229,13960.0,1,1,Dermatology,DEBin,2,TT,1,374664
25,0.0,0.9672131147540983,12454.0,1,1,Dermatology,DEBin,2,TT,1,374665
26,0.0,0.9754098360655737,12250.0,1,1,Dermatology,DEBin,2,TT,1,374666
27,0.0,0.9672131147540983,12360.0,1,1,Dermatology,DEBin,2,TT,1,374667
28,0.0,0.9836065573770492,13986.0,1,1,Dermatology,DEBin,2,TT,1,374668
29,0.0,0.9590163934426229,13863.0,1,1,Dermatology,DEBin,2,TT,1,374669
20,0.0,0.9672131147540983,12985.0,1,1,Dermatology,DEBin,2,TT,1,387688
30,0.0,0.9836065573770492,13188.0,1,1,Dermatology,DEBin,2,TT,1,388088
31,0.0,0.9836065573770492,16375.0,1,1,Dermatology,DEBin,2,TT,1,376608
32,0.0,0.9754098360655737,15875.0,1,1,Dermatology,DEBin,2,TT,1,376648
33,0.0,0.9590163934426229,15859.0,1,1,Dermatology,DEBin,2,TT,1,376688