
0,0.05803571428571429,0.8303571428571428,19296.0,1,1,Ecoli,DEBin,3,TT,1,375900
1,0.05357142857142857,0.8660714285714286,8404.0,1,1,Ecoli,DEBin,3,TT,1,375901
2,0.05803571428571429,0.8482142857142857,9672.0,1,1,Ecoli,DEBin,3,TT,1,375902
3,0.05803571428571429,0.8392857142857143,10063.0,1,1,Ecoli,DEBin,3,TT,1,375903
4,0.05803571428571429,0.8392857142857143,10126.0,1,1,Ecoli,DEBin,3,TT,1,375904
5,0.05803571428571429,0.8660714285714286,10140.0,1,1,Ecoli,DEBin,3,TT,1,375905
6,0.05803571428571429,0.8571428571428572,11200.0,1,1,Ecoli,DEBin,3,TT,1,375906
7,0.05803571428571429,0.8660714285714286,10172.0,1,1,Ecoli,DEBin,3,TT,1,375907
8,0.05803571428571429,0.8392857142857143,10188.0,1,1,Ecoli,DEBin,3,TT,1,375908
10,0.05803571428571429,0.875,11557.0,1,1,Ecoli,DEBin,3,TT,1,375910
11,0.05803571428571429,0.8571428571428572,10203.0,1,1,Ecoli,DEBin,3,TT,1,375911
12,0.05803571428571429,0.8482142857142857,10329.0,1,1,Ecoli,DEBin,3,TT,1,375912
13,0.05803571428571429,0.8660714285714286,11273.0,1,1,Ecoli,DEBin,3,TT,1,375913
14,0.05803571428571429,0.8571428571428572,10259.0,1,1,Ecoli,DEBin,3,TT,1,375914
15,0.05357142857142857,0.8660714285714286,10031.0,1,1,Ecoli,DEBin,3,TT,1,375915
16,0.05803571428571429,0.8482142857142857,11584.0,1,1,Ecoli,DEBin,3,TT,1,375916
17,0.05803571428571429,0.8571428571428572,8411.0,1,1,Ecoli,DEBin,3,TT,1,375917
18,0.05803571428571429,0.8303571428571428,10299.0,1,1,Ecoli,DEBin,3,TT,1,375918
19,0.05357142857142857,0.8660714285714286,12138.0,1,1,Ecoli,DEBin,3,TT,1,375919
20,0.05803571428571429,0.8660714285714286,10252.0,1,1,Ecoli,DEBin,3,TT,1,375920
21,0.05803571428571429,0.8482142857142857,10343.0,1,1,Ecoli,DEBin,3,TT,1,375921
22,0.05803571428571429,0.8482142857142857,10370.0,1,1,Ecoli,DEBin,3,TT,1,375922
23,0.05803571428571429,0.8571428571428572,10156.0,1,1,Ecoli,DEBin,3,TT,1,375923
24,0.05803571428571429,0.8660714285714286,10125.0,1,1,Ecoli,DEBin,3,TT,1,375924
25,0.05803571428571429,0.875,9750.0,1,1,Ecoli,DEBin,3,TT,1,375925
26,0.05803571428571429,0.8660714285714286,12008.0,1,1,Ecoli,DEBin,3,TT,1,375926
27,0.05803571428571429,0.8571428571428572,10094.0,1,1,Ecoli,DEBin,3,TT,1,375927
28,0.05803571428571429,0.875,10430.0,1,1,Ecoli,DEBin,3,TT,1,375928
29,0.05803571428571429,0.8660714285714286,9672.0,1,1,Ecoli,DEBin,3,TT,1,375929
9,0.05357142857142857,0.8392857142857143,10510.0,1,1,Ecoli,DEBin,3,TT,1,388490
30,0.05357142857142857,0.8303571428571428,10718.0,1,1,Ecoli,DEBin,3,TT,1,389330
31,0.05803571428571429,0.8571428571428572,13656.0,1,1,Ecoli,DEBin,3,TT,1,377970
32,0.05803571428571429,0.8392857142857143,12922.0,1,1,Ecoli,DEBin,3,TT,1,378010
33,0.05803571428571429,0.8482142857142857,12578.0,1,1,Ecoli,DEBin,3,TT,1,378050