
0,0.21628498727735368,0.7,22550.0,1,1,Indian,DEBin,3,TT,1,376080
1,0.21374045801526717,0.7,23021.0,1,1,Indian,DEBin,3,TT,1,376081
2,0.21119592875318066,0.6789473684210526,15719.0,1,1,Indian,DEBin,3,TT,1,376082
3,0.21628498727735368,0.7052631578947368,16635.0,1,1,Indian,DEBin,3,TT,1,376083
4,0.20865139949109415,0.6736842105263158,16328.0,1,1,Indian,DEBin,3,TT,1,376084
5,0.20865139949109415,0.7157894736842105,16234.0,1,1,Indian,DEBin,3,TT,1,376085
6,0.21119592875318066,0.7,15781.0,1,1,Indian,DEBin,3,TT,1,376086
7,0.21119592875318066,0.7052631578947368,16600.0,1,1,Indian,DEBin,3,TT,1,376087
8,0.21628498727735368,0.6894736842105262,16469.0,1,1,Indian,DEBin,3,TT,1,376088
9,0.21628498727735368,0.7157894736842105,16766.0,1,1,Indian,DEBin,3,TT,1,376089
10,0.21374045801526717,0.7,16359.0,1,1,Indian,DEBin,3,TT,1,376090
11,0.20610687022900764,0.7052631578947368,16375.0,1,1,Indian,DEBin,3,TT,1,376091
12,0.21119592875318066,0.7210526315789474,16265.0,1,1,Indian,DEBin,3,TT,1,376092
13,0.21374045801526717,0.7,16234.0,1,1,Indian,DEBin,3,TT,1,376093
14,0.21628498727735368,0.6789473684210526,16749.0,1,1,Indian,DEBin,3,TT,1,376094
15,0.21374045801526717,0.6736842105263158,22351.0,1,1,Indian,DEBin,3,TT,1,376095
16,0.21374045801526717,0.7,16422.0,1,1,Indian,DEBin,3,TT,1,376096
17,0.21119592875318066,0.7105263157894737,16586.0,1,1,Indian,DEBin,3,TT,1,376097
18,0.20865139949109415,0.7105263157894737,16344.0,1,1,Indian,DEBin,3,TT,1,376098
19,0.21119592875318066,0.7157894736842105,16641.0,1,1,Indian,DEBin,3,TT,1,376099
20,0.21374045801526717,0.7105263157894737,16804.0,1,1,Indian,DEBin,3,TT,1,376100
21,0.21374045801526717,0.6736842105263158,21645.0,1,1,Indian,DEBin,3,TT,1,376101
22,0.21374045801526717,0.7052631578947368,16375.0,1,1,Indian,DEBin,3,TT,1,376102
23,0.21374045801526717,0.7105263157894737,19078.0,1,1,Indian,DEBin,3,TT,1,376103
24,0.21374045801526717,0.7105263157894737,18121.0,1,1,Indian,DEBin,3,TT,1,376104
25,0.2035623409669211,0.7052631578947368,18237.0,1,1,Indian,DEBin,3,TT,1,376105
26,0.21374045801526717,0.7,19328.0,1,1,Indian,DEBin,3,TT,1,376106
27,0.21374045801526717,0.7,18192.0,1,1,Indian,DEBin,3,TT,1,376107
28,0.21628498727735368,0.6894736842105262,18395.0,1,1,Indian,DEBin,3,TT,1,376108
29,0.20865139949109415,0.7052631578947368,18273.0,1,1,Indian,DEBin,3,TT,1,376109
30,0.20865139949109415,0.7210526315789474,17219.0,1,1,Indian,DEBin,3,TT,1,389336
31,0.21119592875318066,0.7315789473684211,21016.0,1,1,Indian,DEBin,3,TT,1,377976
32,0.21374045801526717,0.7052631578947368,21203.0,1,1,Indian,DEBin,3,TT,1,378016
33,0.21374045801526717,0.6578947368421053,22141.0,1,1,Indian,DEBin,3,TT,1,378056