
0,0.10638297872340426,0.8285714285714285,125049.0,1,1,QSARBiodegradation,DEBin,3,TT,1,376410
1,0.10780141843971631,0.8628571428571429,106872.0,1,1,QSARBiodegradation,DEBin,3,TT,1,376411
2,0.10921985815602837,0.8542857142857143,35837.0,1,1,QSARBiodegradation,DEBin,3,TT,1,376412
3,0.10354609929078014,0.8485714285714285,35828.0,1,1,QSARBiodegradation,DEBin,3,TT,1,376413
4,0.10921985815602837,0.8657142857142857,35676.0,1,1,QSARBiodegradation,DEBin,3,TT,1,376414
5,0.10638297872340426,0.8285714285714285,35801.0,1,1,QSARBiodegradation,DEBin,3,TT,1,376415
6,0.10780141843971631,0.8314285714285714,35589.0,1,1,QSARBiodegradation,DEBin,3,TT,1,376416
7,0.10780141843971631,0.84,35733.0,1,1,QSARBiodegradation,DEBin,3,TT,1,376417
8,0.10780141843971631,0.8571428571428572,43720.0,1,1,QSARBiodegradation,DEBin,3,TT,1,376418
9,0.10638297872340426,0.8514285714285714,35994.0,1,1,QSARBiodegradation,DEBin,3,TT,1,376419
10,0.10638297872340426,0.8457142857142858,43758.0,1,1,QSARBiodegradation,DEBin,3,TT,1,376420
11,0.10638297872340426,0.8342857142857143,26862.0,1,1,QSARBiodegradation,DEBin,3,TT,1,376421
12,0.10638297872340426,0.8457142857142858,35696.0,1,1,QSARBiodegradation,DEBin,3,TT,1,376422
13,0.10921985815602837,0.8371428571428572,43928.0,1,1,QSARBiodegradation,DEBin,3,TT,1,376423
14,0.10638297872340426,0.84,44058.0,1,1,QSARBiodegradation,DEBin,3,TT,1,376424
15,0.10070921985815603,0.8542857142857143,26824.0,1,1,QSARBiodegradation,DEBin,3,TT,1,376425
16,0.10638297872340426,0.84,35684.0,1,1,QSARBiodegradation,DEBin,3,TT,1,376426
17,0.10780141843971631,0.8514285714285714,26827.0,1,1,QSARBiodegradation,DEBin,3,TT,1,376427
18,0.10354609929078014,0.8571428571428572,43902.0,1,1,QSARBiodegradation,DEBin,3,TT,1,376428
19,0.1049645390070922,0.8485714285714285,43853.0,1,1,QSARBiodegradation,DEBin,3,TT,1,376429
20,0.10070921985815603,0.8657142857142857,26818.0,1,1,QSARBiodegradation,DEBin,3,TT,1,376430
21,0.11347517730496454,0.8542857142857143,35602.0,1,1,QSARBiodegradation,DEBin,3,TT,1,376431
22,0.10921985815602837,0.8514285714285714,61725.0,1,1,QSARBiodegradation,DEBin,3,TT,1,376432
23,0.10638297872340426,0.8285714285714285,26875.0,1,1,QSARBiodegradation,DEBin,3,TT,1,376433
24,0.10780141843971631,0.84,43905.0,1,1,QSARBiodegradation,DEBin,3,TT,1,376434
25,0.10921985815602837,0.8571428571428572,43764.0,1,1,QSARBiodegradation,DEBin,3,TT,1,376435
26,0.10354609929078014,0.8428571428571429,35661.0,1,1,QSARBiodegradation,DEBin,3,TT,1,376436
27,0.10921985815602837,0.8457142857142858,26829.0,1,1,QSARBiodegradation,DEBin,3,TT,1,376437
28,0.10638297872340426,0.8542857142857143,31125.0,1,1,QSARBiodegradation,DEBin,3,TT,1,376438
29,0.10921985815602837,0.8428571428571429,31031.0,1,1,QSARBiodegradation,DEBin,3,TT,1,376439
30,0.10780141843971631,0.8657142857142857,37937.0,1,1,QSARBiodegradation,DEBin,3,TT,1,389347
31,0.10354609929078014,0.8428571428571429,45454.0,1,1,QSARBiodegradation,DEBin,3,TT,1,377987
32,0.1049645390070922,0.84,41172.0,1,1,QSARBiodegradation,DEBin,3,TT,1,378027
33,0.10780141843971631,0.8171428571428572,42609.0,1,1,QSARBiodegradation,DEBin,3,TT,1,378067