
0,0.022727272727272728,0.6136363636363636,4434.0,1,1,Hayes,DEBin,5,TT,1,378420
1,0.022727272727272728,0.6818181818181819,28834.0,1,1,Hayes,DEBin,5,TT,1,378421
2,0.022727272727272728,0.6818181818181819,4354.0,1,1,Hayes,DEBin,5,TT,1,378422
3,0.022727272727272728,0.6136363636363636,4950.0,1,1,Hayes,DEBin,5,TT,1,378423
4,0.022727272727272728,0.6818181818181819,3631.0,1,1,Hayes,DEBin,5,TT,1,378424
5,0.011363636363636364,0.6136363636363636,4125.0,1,1,Hayes,DEBin,5,TT,1,378425
6,0.022727272727272728,0.7045454545454546,4365.0,1,1,Hayes,DEBin,5,TT,1,378426
7,0.011363636363636364,0.6363636363636364,4110.0,1,1,Hayes,DEBin,5,TT,1,378427
8,0.022727272727272728,0.6136363636363636,4375.0,1,1,Hayes,DEBin,5,TT,1,378428
9,0.022727272727272728,0.6136363636363636,4494.0,1,1,Hayes,DEBin,5,TT,1,378429
10,0.011363636363636364,0.6590909090909092,4480.0,1,1,Hayes,DEBin,5,TT,1,378430
11,0.022727272727272728,0.6818181818181819,4623.0,1,1,Hayes,DEBin,5,TT,1,378431
12,0.022727272727272728,0.75,4375.0,1,1,Hayes,DEBin,5,TT,1,378432
13,0.011363636363636364,0.5681818181818181,4406.0,1,1,Hayes,DEBin,5,TT,1,378433
14,0.022727272727272728,0.6590909090909092,4513.0,1,1,Hayes,DEBin,5,TT,1,378434
15,0.022727272727272728,0.7727272727272727,4913.0,1,1,Hayes,DEBin,5,TT,1,378435
17,0.022727272727272728,0.6818181818181819,4523.0,1,1,Hayes,DEBin,5,TT,1,378437
18,0.011363636363636364,0.6590909090909092,4406.0,1,1,Hayes,DEBin,5,TT,1,378438
19,0.022727272727272728,0.6363636363636364,4406.0,1,1,Hayes,DEBin,5,TT,1,378439
20,0.022727272727272728,0.5681818181818181,4487.0,1,1,Hayes,DEBin,5,TT,1,378440
21,0.022727272727272728,0.6363636363636364,4555.0,1,1,Hayes,DEBin,5,TT,1,378441
22,0.022727272727272728,0.5227272727272727,4545.0,1,1,Hayes,DEBin,5,TT,1,378442
23,0.022727272727272728,0.6590909090909092,5202.0,1,1,Hayes,DEBin,5,TT,1,378443
24,0.022727272727272728,0.5909090909090908,4391.0,1,1,Hayes,DEBin,5,TT,1,378444
25,0.011363636363636364,0.6590909090909092,5061.0,1,1,Hayes,DEBin,5,TT,1,378445
26,0.011363636363636364,0.6363636363636364,3615.0,1,1,Hayes,DEBin,5,TT,1,378446
27,0.011363636363636364,0.6136363636363636,5090.0,1,1,Hayes,DEBin,5,TT,1,378447
28,0.022727272727272728,0.7045454545454546,4343.0,1,1,Hayes,DEBin,5,TT,1,378448
29,0.022727272727272728,0.6136363636363636,4375.0,1,1,Hayes,DEBin,5,TT,1,378449
16,0.022727272727272728,0.6590909090909092,4515.0,1,1,Hayes,DEBin,5,TT,1,391254
30,0.022727272727272728,0.7045454545454546,4563.0,1,1,Hayes,DEBin,5,TT,1,391814
31,0.011363636363636364,0.6590909090909092,5328.0,1,1,Hayes,DEBin,5,TT,1,380694
32,0.022727272727272728,0.6590909090909092,5578.0,1,1,Hayes,DEBin,5,TT,1,380734
33,0.022727272727272728,0.6363636363636364,5578.0,1,1,Hayes,DEBin,5,TT,1,380774