
0,0.014492753623188406,0.7857142857142857,11964.0,1,1,Connectionist,DEBin,6,TT,1,379380
1,0.007246376811594203,0.7857142857142857,8560.0,1,1,Connectionist,DEBin,6,TT,1,379381
2,0.007246376811594203,0.7428571428571429,8637.0,1,1,Connectionist,DEBin,6,TT,1,379382
3,0.014492753623188406,0.7714285714285715,8533.0,1,1,Connectionist,DEBin,6,TT,1,379383
4,0.014492753623188406,0.7142857142857143,8529.0,1,1,Connectionist,DEBin,6,TT,1,379384
5,0.014492753623188406,0.7714285714285715,9522.0,1,1,Connectionist,DEBin,6,TT,1,379385
6,0.014492753623188406,0.7142857142857143,8360.0,1,1,Connectionist,DEBin,6,TT,1,379386
7,0.014492753623188406,0.7571428571428571,8453.0,1,1,Connectionist,DEBin,6,TT,1,379387
8,0.007246376811594203,0.7,8517.0,1,1,Connectionist,DEBin,6,TT,1,379388
9,0.014492753623188406,0.7428571428571429,6908.0,1,1,Connectionist,DEBin,6,TT,1,379389
10,0.007246376811594203,0.7571428571428571,8695.0,1,1,Connectionist,DEBin,6,TT,1,379390
11,0.014492753623188406,0.7428571428571429,8599.0,1,1,Connectionist,DEBin,6,TT,1,379391
12,0.0,0.7,9454.0,1,1,Connectionist,DEBin,6,TT,1,379392
13,0.014492753623188406,0.7714285714285715,9670.0,1,1,Connectionist,DEBin,6,TT,1,379393
14,0.014492753623188406,0.7428571428571429,10101.0,1,1,Connectionist,DEBin,6,TT,1,379394
15,0.014492753623188406,0.6428571428571428,8031.0,1,1,Connectionist,DEBin,6,TT,1,379395
16,0.014492753623188406,0.8,8536.0,1,1,Connectionist,DEBin,6,TT,1,379396
17,0.007246376811594203,0.6714285714285715,8592.0,1,1,Connectionist,DEBin,6,TT,1,379397
18,0.014492753623188406,0.8142857142857143,8596.0,1,1,Connectionist,DEBin,6,TT,1,379398
19,0.007246376811594203,0.7857142857142857,9842.0,1,1,Connectionist,DEBin,6,TT,1,379399
20,0.014492753623188406,0.6857142857142857,8601.0,1,1,Connectionist,DEBin,6,TT,1,379400
21,0.014492753623188406,0.7857142857142857,8359.0,1,1,Connectionist,DEBin,6,TT,1,379401
22,0.014492753623188406,0.8,6904.0,1,1,Connectionist,DEBin,6,TT,1,379402
23,0.007246376811594203,0.8,11981.0,1,1,Connectionist,DEBin,6,TT,1,379403
24,0.007246376811594203,0.7571428571428571,9540.0,1,1,Connectionist,DEBin,6,TT,1,379404
25,0.014492753623188406,0.7285714285714286,8454.0,1,1,Connectionist,DEBin,6,TT,1,379405
26,0.014492753623188406,0.7428571428571429,11978.0,1,1,Connectionist,DEBin,6,TT,1,379406
27,0.014492753623188406,0.7285714285714286,8734.0,1,1,Connectionist,DEBin,6,TT,1,379407
28,0.007246376811594203,0.8428571428571429,8656.0,1,1,Connectionist,DEBin,6,TT,1,379408
29,0.007246376811594203,0.6714285714285715,8534.0,1,1,Connectionist,DEBin,6,TT,1,379409
30,0.007246376811594203,0.7571428571428571,9063.0,1,1,Connectionist,DEBin,6,TT,1,393046
31,0.014492753623188406,0.7714285714285715,14371.0,1,1,Connectionist,DEBin,6,TT,1,382046
32,0.014492753623188406,0.7571428571428571,14672.0,1,1,Connectionist,DEBin,6,TT,1,382086
33,0.014492753623188406,0.8142857142857143,13438.0,1,1,Connectionist,DEBin,6,TT,1,382126