
0,0.08571428571428572,0.8200000000000001,10130.0,1,1,Vertebral2C,DEBin,7,TT,1,381120
1,0.0761904761904762,0.84,8578.0,1,1,Vertebral2C,DEBin,7,TT,1,381121
2,0.08095238095238096,0.8,10750.0,1,1,Vertebral2C,DEBin,7,TT,1,381122
3,0.0761904761904762,0.79,10464.0,1,1,Vertebral2C,DEBin,7,TT,1,381123
4,0.08095238095238096,0.8,7464.0,1,1,Vertebral2C,DEBin,7,TT,1,381124
5,0.08571428571428572,0.79,8703.0,1,1,Vertebral2C,DEBin,7,TT,1,381125
6,0.08095238095238096,0.8,10206.0,1,1,Vertebral2C,DEBin,7,TT,1,381126
7,0.08095238095238096,0.83,7466.0,1,1,Vertebral2C,DEBin,7,TT,1,381127
8,0.08095238095238096,0.8200000000000001,10803.0,1,1,Vertebral2C,DEBin,7,TT,1,381128
9,0.08571428571428572,0.8200000000000001,10484.0,1,1,Vertebral2C,DEBin,7,TT,1,381129
10,0.08095238095238096,0.81,10548.0,1,1,Vertebral2C,DEBin,7,TT,1,381130
11,0.08571428571428572,0.8,8735.0,1,1,Vertebral2C,DEBin,7,TT,1,381131
12,0.08095238095238096,0.8200000000000001,7478.0,1,1,Vertebral2C,DEBin,7,TT,1,381132
13,0.08095238095238096,0.83,10104.0,1,1,Vertebral2C,DEBin,7,TT,1,381133
14,0.08095238095238096,0.8200000000000001,10817.0,1,1,Vertebral2C,DEBin,7,TT,1,381134
15,0.08571428571428572,0.83,10437.0,1,1,Vertebral2C,DEBin,7,TT,1,381135
16,0.08571428571428572,0.84,10614.0,1,1,Vertebral2C,DEBin,7,TT,1,381136
17,0.08095238095238096,0.81,7475.0,1,1,Vertebral2C,DEBin,7,TT,1,381137
18,0.08095238095238096,0.84,8796.0,1,1,Vertebral2C,DEBin,7,TT,1,381138
19,0.08095238095238096,0.81,10177.0,1,1,Vertebral2C,DEBin,7,TT,1,381139
20,0.08095238095238096,0.85,7479.0,1,1,Vertebral2C,DEBin,7,TT,1,381140
21,0.08095238095238096,0.78,10788.0,1,1,Vertebral2C,DEBin,7,TT,1,381141
22,0.08571428571428572,0.81,10449.0,1,1,Vertebral2C,DEBin,7,TT,1,381142
23,0.08095238095238096,0.83,10588.0,1,1,Vertebral2C,DEBin,7,TT,1,381143
24,0.08095238095238096,0.8,8703.0,1,1,Vertebral2C,DEBin,7,TT,1,381144
25,0.08095238095238096,0.83,10992.0,1,1,Vertebral2C,DEBin,7,TT,1,381145
26,0.08571428571428572,0.83,10163.0,1,1,Vertebral2C,DEBin,7,TT,1,381146
27,0.08095238095238096,0.83,7486.0,1,1,Vertebral2C,DEBin,7,TT,1,381147
28,0.08571428571428572,0.8200000000000001,10801.0,1,1,Vertebral2C,DEBin,7,TT,1,381148
29,0.08095238095238096,0.79,9390.0,1,1,Vertebral2C,DEBin,7,TT,1,394264
30,0.08571428571428572,0.8,10188.0,1,1,Vertebral2C,DEBin,7,TT,1,394304
31,0.08095238095238096,0.81,11406.0,1,1,Vertebral2C,DEBin,7,TT,1,383424
32,0.08095238095238096,0.78,11494.0,1,1,Vertebral2C,DEBin,7,TT,1,383464
33,0.08571428571428572,0.83,11313.0,1,1,Vertebral2C,DEBin,7,TT,1,383504