
0,0.0,0.92,5047.0,1,1,Iris,IHS,0,TT,1,327360
1,0.0,0.92,5118.0,1,1,Iris,IHS,0,TT,1,327400
2,0.0,0.88,5328.0,1,1,Iris,IHS,0,TT,1,327440
3,0.0,0.94,5063.0,1,1,Iris,IHS,0,TT,1,327480
4,0.0,0.84,5531.0,1,1,Iris,IHS,0,TT,1,327520
5,0.0,0.86,5234.0,1,1,Iris,IHS,0,TT,1,327560
6,0.0,0.9,6312.0,1,1,Iris,IHS,0,TT,1,327600
7,0.0,0.98,5067.0,1,1,Iris,IHS,0,TT,1,327640
8,0.0,0.96,4844.0,1,1,Iris,IHS,0,TT,1,327680
9,0.0,0.92,5687.0,1,1,Iris,IHS,0,TT,1,327720
10,0.0,0.9,5375.0,1,1,Iris,IHS,0,TT,1,327760
11,0.0,0.88,4797.0,1,1,Iris,IHS,0,TT,1,327800
12,0.0,0.9,5328.0,1,1,Iris,IHS,0,TT,1,327840
13,0.0,0.94,5297.0,1,1,Iris,IHS,0,TT,1,327880
14,0.0,0.9,5375.0,1,1,Iris,IHS,0,TT,1,327920
15,0.0,0.94,4860.0,1,1,Iris,IHS,0,TT,1,327960
16,0.0,0.9,5063.0,1,1,Iris,IHS,0,TT,1,328000
17,0.0,0.8200000000000001,4704.0,1,1,Iris,IHS,0,TT,1,328040
18,0.0,0.9,5359.0,1,1,Iris,IHS,0,TT,1,328080
19,0.0,0.92,5406.0,1,1,Iris,IHS,0,TT,1,328120
20,0.0,0.96,5485.0,1,1,Iris,IHS,0,TT,1,328160
21,0.0,0.92,5297.0,1,1,Iris,IHS,0,TT,1,328200
22,0.0,0.92,5250.0,1,1,Iris,IHS,0,TT,1,328240
23,0.0,0.9,5594.0,1,1,Iris,IHS,0,TT,1,328280
24,0.0,0.94,5875.0,1,1,Iris,IHS,0,TT,1,328320
25,0.0,0.9,4875.0,1,1,Iris,IHS,0,TT,1,328360
26,0.0,0.9,5390.0,1,1,Iris,IHS,0,TT,1,328400
27,0.0,0.9,5266.0,1,1,Iris,IHS,0,TT,1,328440
28,0.0,0.92,5109.0,1,1,Iris,IHS,0,TT,1,328480
29,0.0,0.92,5250.0,1,1,Iris,IHS,0,TT,1,328520
30,0.0,0.88,4922.0,1,1,Iris,IHS,0,TT,1,328560
31,0.0,0.94,5735.0,1,1,Iris,IHS,0,TT,1,323560
32,0.0,0.84,8751.0,1,1,Iris,IHS,0,TT,1,323600
33,0.0,0.98,6375.0,1,1,Iris,IHS,0,TT,1,323640