
0,0.01282051282051282,0.8888888888888888,14766.0,1,1,Ionosphere,IHS,0,TT,1,327377
1,0.017094017094017096,0.8974358974358975,14563.0,1,1,Ionosphere,IHS,0,TT,1,327417
2,0.01282051282051282,0.8717948717948718,13172.0,1,1,Ionosphere,IHS,0,TT,1,327457
3,0.01282051282051282,0.8974358974358975,13984.0,1,1,Ionosphere,IHS,0,TT,1,327497
4,0.01282051282051282,0.9230769230769231,13641.0,1,1,Ionosphere,IHS,0,TT,1,327537
5,0.017094017094017096,0.9316239316239316,13285.0,1,1,Ionosphere,IHS,0,TT,1,327577
6,0.01282051282051282,0.8717948717948718,14078.0,1,1,Ionosphere,IHS,0,TT,1,327617
7,0.01282051282051282,0.8888888888888888,13609.0,1,1,Ionosphere,IHS,0,TT,1,327657
8,0.017094017094017096,0.8974358974358975,15015.0,1,1,Ionosphere,IHS,0,TT,1,327697
9,0.01282051282051282,0.8888888888888888,15011.0,1,1,Ionosphere,IHS,0,TT,1,327737
10,0.017094017094017096,0.8888888888888888,16532.0,1,1,Ionosphere,IHS,0,TT,1,327777
11,0.01282051282051282,0.8974358974358975,13234.0,1,1,Ionosphere,IHS,0,TT,1,327817
12,0.017094017094017096,0.9230769230769231,14933.0,1,1,Ionosphere,IHS,0,TT,1,327857
13,0.017094017094017096,0.8974358974358975,13391.0,1,1,Ionosphere,IHS,0,TT,1,327897
14,0.01282051282051282,0.8632478632478633,13047.0,1,1,Ionosphere,IHS,0,TT,1,327937
15,0.017094017094017096,0.8717948717948718,12453.0,1,1,Ionosphere,IHS,0,TT,1,327977
16,0.01282051282051282,0.8717948717948718,13312.0,1,1,Ionosphere,IHS,0,TT,1,328017
17,0.01282051282051282,0.8803418803418803,15078.0,1,1,Ionosphere,IHS,0,TT,1,328057
18,0.01282051282051282,0.8974358974358975,15594.0,1,1,Ionosphere,IHS,0,TT,1,328097
19,0.017094017094017096,0.8974358974358975,12156.0,1,1,Ionosphere,IHS,0,TT,1,328137
20,0.01282051282051282,0.8974358974358975,13422.0,1,1,Ionosphere,IHS,0,TT,1,328177
21,0.01282051282051282,0.9316239316239316,13343.0,1,1,Ionosphere,IHS,0,TT,1,328217
22,0.01282051282051282,0.8888888888888888,11984.0,1,1,Ionosphere,IHS,0,TT,1,328257
23,0.01282051282051282,0.8888888888888888,13672.0,1,1,Ionosphere,IHS,0,TT,1,328297
24,0.008547008547008548,0.905982905982906,13843.0,1,1,Ionosphere,IHS,0,TT,1,328337
25,0.01282051282051282,0.905982905982906,13703.0,1,1,Ionosphere,IHS,0,TT,1,328377
26,0.01282051282051282,0.8717948717948718,12391.0,1,1,Ionosphere,IHS,0,TT,1,328417
27,0.01282051282051282,0.8803418803418803,14168.0,1,1,Ionosphere,IHS,0,TT,1,328457
28,0.01282051282051282,0.8888888888888888,12625.0,1,1,Ionosphere,IHS,0,TT,1,328497
29,0.017094017094017096,0.905982905982906,13469.0,1,1,Ionosphere,IHS,0,TT,1,328537
30,0.017094017094017096,0.8717948717948718,12516.0,1,1,Ionosphere,IHS,0,TT,1,328577
31,0.017094017094017096,0.9145299145299145,17985.0,1,1,Ionosphere,IHS,0,TT,1,323577
32,0.017094017094017096,0.9145299145299145,14984.0,1,1,Ionosphere,IHS,0,TT,1,323617
33,0.01282051282051282,0.8632478632478633,17672.0,1,1,Ionosphere,IHS,0,TT,1,323657