
0,0.339737108190091,0.5858585858585859,45313.0,1,1,Yeast,IHS,10,TT,1,339789
1,0.34074823053589487,0.5757575757575757,48484.0,1,1,Yeast,IHS,10,TT,1,339829
2,0.33872598584428715,0.5757575757575757,44765.0,1,1,Yeast,IHS,10,TT,1,339869
3,0.3367037411526795,0.5898989898989899,48703.0,1,1,Yeast,IHS,10,TT,1,339909
4,0.33872598584428715,0.5757575757575757,45718.0,1,1,Yeast,IHS,10,TT,1,339949
5,0.339737108190091,0.5777777777777777,45126.0,1,1,Yeast,IHS,10,TT,1,339989
6,0.33771486349848334,0.5818181818181818,48813.0,1,1,Yeast,IHS,10,TT,1,340029
7,0.339737108190091,0.5757575757575757,49047.0,1,1,Yeast,IHS,10,TT,1,340069
8,0.339737108190091,0.5696969696969697,50812.0,1,1,Yeast,IHS,10,TT,1,340109
9,0.34074823053589487,0.5818181818181818,41766.0,1,1,Yeast,IHS,10,TT,1,340149
10,0.34074823053589487,0.5797979797979798,41578.0,1,1,Yeast,IHS,10,TT,1,340189
11,0.3417593528816987,0.5838383838383838,45375.0,1,1,Yeast,IHS,10,TT,1,340229
12,0.3346814964610718,0.5858585858585859,41875.0,1,1,Yeast,IHS,10,TT,1,340269
13,0.339737108190091,0.5737373737373737,49172.0,1,1,Yeast,IHS,10,TT,1,340309
14,0.33771486349848334,0.5858585858585859,48171.0,1,1,Yeast,IHS,10,TT,1,340349
15,0.34074823053589487,0.5797979797979798,47672.0,1,1,Yeast,IHS,10,TT,1,340389
16,0.33872598584428715,0.5797979797979798,46156.0,1,1,Yeast,IHS,10,TT,1,340429
17,0.339737108190091,0.5757575757575757,49921.0,1,1,Yeast,IHS,10,TT,1,340469
18,0.33771486349848334,0.5737373737373737,44266.0,1,1,Yeast,IHS,10,TT,1,340509
19,0.3346814964610718,0.5777777777777777,46593.0,1,1,Yeast,IHS,10,TT,1,340549
20,0.33771486349848334,0.5898989898989899,44094.0,1,1,Yeast,IHS,10,TT,1,340589
21,0.34074823053589487,0.5696969696969697,46454.0,1,1,Yeast,IHS,10,TT,1,340629
22,0.339737108190091,0.5636363636363637,47102.0,1,1,Yeast,IHS,10,TT,1,340669
23,0.33872598584428715,0.5838383838383838,45813.0,1,1,Yeast,IHS,10,TT,1,340709
24,0.339737108190091,0.5737373737373737,46047.0,1,1,Yeast,IHS,10,TT,1,340749
25,0.34074823053589487,0.5878787878787879,46625.0,1,1,Yeast,IHS,10,TT,1,340789
26,0.34074823053589487,0.5838383838383838,44175.0,1,1,Yeast,IHS,10,TT,1,340829
27,0.33771486349848334,0.5858585858585859,43906.0,1,1,Yeast,IHS,10,TT,1,340869
28,0.34074823053589487,0.5737373737373737,44110.0,1,1,Yeast,IHS,10,TT,1,340909
29,0.34074823053589487,0.5979797979797981,44453.0,1,1,Yeast,IHS,10,TT,1,340949
30,0.3367037411526795,0.5858585858585859,45984.0,1,1,Yeast,IHS,10,TT,1,340989
31,0.3417593528816987,0.5797979797979798,72062.0,1,1,Yeast,IHS,10,TT,1,337189
32,0.339737108190091,0.5838383838383838,58672.0,1,1,Yeast,IHS,10,TT,1,337229
33,0.3417593528816987,0.5595959595959596,58594.0,1,1,Yeast,IHS,10,TT,1,337269