
0,0.0,0.9918032786885246,14891.0,1,1,Dermatology,IHS,10,TT,1,339768
1,0.0,0.9754098360655737,15687.0,1,1,Dermatology,IHS,10,TT,1,339808
2,0.0,0.9508196721311475,14657.0,1,1,Dermatology,IHS,10,TT,1,339848
3,0.0,0.9754098360655737,14609.0,1,1,Dermatology,IHS,10,TT,1,339888
4,0.0,0.9672131147540983,16172.0,1,1,Dermatology,IHS,10,TT,1,339928
5,0.0,0.9836065573770492,14875.0,1,1,Dermatology,IHS,10,TT,1,339968
6,0.0,0.9672131147540983,14375.0,1,1,Dermatology,IHS,10,TT,1,340008
7,0.0,0.9754098360655737,14812.0,1,1,Dermatology,IHS,10,TT,1,340048
8,0.0,0.9754098360655737,15109.0,1,1,Dermatology,IHS,10,TT,1,340088
9,0.0,0.9836065573770492,13438.0,1,1,Dermatology,IHS,10,TT,1,340128
10,0.0,0.9754098360655737,16641.0,1,1,Dermatology,IHS,10,TT,1,340168
11,0.0,0.9754098360655737,15031.0,1,1,Dermatology,IHS,10,TT,1,340208
12,0.0,0.9672131147540983,13953.0,1,1,Dermatology,IHS,10,TT,1,340248
13,0.0,0.9754098360655737,13320.0,1,1,Dermatology,IHS,10,TT,1,340288
14,0.0,0.9590163934426229,14047.0,1,1,Dermatology,IHS,10,TT,1,340328
15,0.0,0.9918032786885246,14391.0,1,1,Dermatology,IHS,10,TT,1,340368
16,0.0,0.9672131147540983,14485.0,1,1,Dermatology,IHS,10,TT,1,340408
17,0.0,0.9672131147540983,14359.0,1,1,Dermatology,IHS,10,TT,1,340448
18,0.0,0.9754098360655737,15589.0,1,1,Dermatology,IHS,10,TT,1,340488
19,0.0,0.9672131147540983,16094.0,1,1,Dermatology,IHS,10,TT,1,340528
20,0.0,0.9754098360655737,16313.0,1,1,Dermatology,IHS,10,TT,1,340568
21,0.0,0.9836065573770492,14375.0,1,1,Dermatology,IHS,10,TT,1,340608
22,0.0,0.9836065573770492,15492.0,1,1,Dermatology,IHS,10,TT,1,340648
23,0.0,0.9754098360655737,14438.0,1,1,Dermatology,IHS,10,TT,1,340688
24,0.0,0.9754098360655737,13484.0,1,1,Dermatology,IHS,10,TT,1,340728
25,0.0,0.9918032786885246,15548.0,1,1,Dermatology,IHS,10,TT,1,340768
26,0.0,0.9754098360655737,15282.0,1,1,Dermatology,IHS,10,TT,1,340808
27,0.0,0.9836065573770492,15515.0,1,1,Dermatology,IHS,10,TT,1,340848
28,0.0,0.9426229508196722,16234.0,1,1,Dermatology,IHS,10,TT,1,340888
29,0.0,0.9672131147540983,15172.0,1,1,Dermatology,IHS,10,TT,1,340928
30,0.0,0.9836065573770492,16375.0,1,1,Dermatology,IHS,10,TT,1,340968
31,0.0,0.9672131147540983,18970.0,1,1,Dermatology,IHS,10,TT,1,337168
32,0.0,0.9672131147540983,19063.0,1,1,Dermatology,IHS,10,TT,1,337208
33,0.0,0.9672131147540983,18860.0,1,1,Dermatology,IHS,10,TT,1,337248