
0,0.0,0.95,7047.0,1,1,Wine,IHS,10,TT,1,339790
1,0.0,0.9833333333333333,6656.0,1,1,Wine,IHS,10,TT,1,339830
2,0.0,0.95,6453.0,1,1,Wine,IHS,10,TT,1,339870
3,0.0,0.9833333333333333,6687.0,1,1,Wine,IHS,10,TT,1,339910
4,0.0,0.9833333333333333,7016.0,1,1,Wine,IHS,10,TT,1,339950
5,0.0,0.9833333333333333,7427.0,1,1,Wine,IHS,10,TT,1,339990
6,0.0,0.95,6781.0,1,1,Wine,IHS,10,TT,1,340030
7,0.0,0.9833333333333333,6860.0,1,1,Wine,IHS,10,TT,1,340070
8,0.0,0.9666666666666667,6375.0,1,1,Wine,IHS,10,TT,1,340110
9,0.0,0.95,7656.0,1,1,Wine,IHS,10,TT,1,340150
10,0.0,0.9833333333333333,6782.0,1,1,Wine,IHS,10,TT,1,340190
11,0.0,1.0,7431.0,1,1,Wine,IHS,10,TT,1,340230
12,0.0,0.9666666666666667,6844.0,1,1,Wine,IHS,10,TT,1,340270
13,0.0,1.0,6407.0,1,1,Wine,IHS,10,TT,1,340310
14,0.0,0.95,6151.0,1,1,Wine,IHS,10,TT,1,340350
15,0.0,0.9666666666666667,6797.0,1,1,Wine,IHS,10,TT,1,340390
16,0.0,1.0,6437.0,1,1,Wine,IHS,10,TT,1,340430
17,0.0,0.9833333333333333,7421.0,1,1,Wine,IHS,10,TT,1,340470
18,0.0,0.9833333333333333,6891.0,1,1,Wine,IHS,10,TT,1,340510
19,0.0,0.9833333333333333,6578.0,1,1,Wine,IHS,10,TT,1,340550
20,0.0,0.9833333333333333,6609.0,1,1,Wine,IHS,10,TT,1,340590
21,0.0,1.0,6703.0,1,1,Wine,IHS,10,TT,1,340630
22,0.0,0.95,6515.0,1,1,Wine,IHS,10,TT,1,340670
23,0.0,0.9833333333333333,6938.0,1,1,Wine,IHS,10,TT,1,340710
24,0.0,1.0,6562.0,1,1,Wine,IHS,10,TT,1,340750
25,0.0,0.9833333333333333,6781.0,1,1,Wine,IHS,10,TT,1,340790
26,0.0,0.9833333333333333,6735.0,1,1,Wine,IHS,10,TT,1,340830
27,0.0,0.95,6641.0,1,1,Wine,IHS,10,TT,1,340870
28,0.0,0.9666666666666667,6937.0,1,1,Wine,IHS,10,TT,1,340910
29,0.0,0.9833333333333333,7063.0,1,1,Wine,IHS,10,TT,1,340950
30,0.0,0.95,6578.0,1,1,Wine,IHS,10,TT,1,340990
31,0.0,0.9833333333333333,8617.0,1,1,Wine,IHS,10,TT,1,337190
32,0.0,1.0,8594.0,1,1,Wine,IHS,10,TT,1,337230
33,0.0,1.0,8125.0,1,1,Wine,IHS,10,TT,1,337270