
0,900.3825567752609,3333.8176740451554,6937.0,1,1,AutoPrice,IHS,10,TT,1,339793
1,867.4256439590245,3881.961936528285,6562.0,1,1,AutoPrice,IHS,10,TT,1,339833
2,861.1495809344441,2698.541043510089,6969.0,1,1,AutoPrice,IHS,10,TT,1,339873
3,905.2985918016536,4125.563289965213,6703.0,1,1,AutoPrice,IHS,10,TT,1,339913
4,911.5300035620602,4454.598529564944,6640.0,1,1,AutoPrice,IHS,10,TT,1,339953
5,860.6233452198734,3852.4701493650773,7181.0,1,1,AutoPrice,IHS,10,TT,1,339993
6,875.2072323925207,5226.502422464164,7228.0,1,1,AutoPrice,IHS,10,TT,1,340033
7,920.3222235106124,3043.336433350263,6688.0,1,1,AutoPrice,IHS,10,TT,1,340073
8,870.1568530682165,2541.5423915490687,6485.0,1,1,AutoPrice,IHS,10,TT,1,340113
9,885.5978908609542,4397.199042644419,6485.0,1,1,AutoPrice,IHS,10,TT,1,340153
10,943.9708941070229,3418.706510134712,6516.0,1,1,AutoPrice,IHS,10,TT,1,340193
11,831.2418527406077,3714.3253206089516,6703.0,1,1,AutoPrice,IHS,10,TT,1,340233
12,832.2269387326382,6443.509501861562,7078.0,1,1,AutoPrice,IHS,10,TT,1,340273
13,921.3745626030909,3786.937449085416,5906.0,1,1,AutoPrice,IHS,10,TT,1,340313
14,922.8506436318858,6650.963411233126,7110.0,1,1,AutoPrice,IHS,10,TT,1,340353
15,882.1570947435847,3984.1030882412833,6562.0,1,1,AutoPrice,IHS,10,TT,1,340393
16,919.1213919574159,5371.330065316553,6860.0,1,1,AutoPrice,IHS,10,TT,1,340433
17,877.6191691876386,2503.0227431373405,6672.0,1,1,AutoPrice,IHS,10,TT,1,340473
18,894.884946017046,5422.615216770324,7218.0,1,1,AutoPrice,IHS,10,TT,1,340513
19,846.557425455456,5075.792065816038,6343.0,1,1,AutoPrice,IHS,10,TT,1,340553
20,810.2508344993958,6238.663058160427,7125.0,1,1,AutoPrice,IHS,10,TT,1,340593
21,871.0010373583547,2924.189071614309,6500.0,1,1,AutoPrice,IHS,10,TT,1,340633
22,878.6818251801949,4781.444010751458,6687.0,1,1,AutoPrice,IHS,10,TT,1,340673
23,874.359630684079,6111.437763576679,6578.0,1,1,AutoPrice,IHS,10,TT,1,340713
24,866.888968940545,3943.4886934011797,6641.0,1,1,AutoPrice,IHS,10,TT,1,340753
25,886.0130720764938,3587.73214233589,6990.0,1,1,AutoPrice,IHS,10,TT,1,340793
26,859.0487705652944,3698.429253915458,7103.0,1,1,AutoPrice,IHS,10,TT,1,340833
27,867.0942074858189,3168.8247621023056,6797.0,1,1,AutoPrice,IHS,10,TT,1,340873
28,872.8908736933871,3111.145455240949,6859.0,1,1,AutoPrice,IHS,10,TT,1,340913
29,888.2317302801894,2683.3860971647005,6000.0,1,1,AutoPrice,IHS,10,TT,1,340953
30,894.576678594307,4086.3285137945904,6328.0,1,1,AutoPrice,IHS,10,TT,1,340993
31,839.1495263667422,3802.7689750695654,8547.0,1,1,AutoPrice,IHS,10,TT,1,337193
32,916.7218046029185,4748.115612756889,9375.0,1,1,AutoPrice,IHS,10,TT,1,337233
33,864.8339582779106,5929.346680686048,7875.0,1,1,AutoPrice,IHS,10,TT,1,337273