
0,0.1713610250652895,1.1613476326989705,5578.0,1,1,Servo,IHS,10,TT,1,339796
1,0.16725157212423894,1.1508430252408057,6140.0,1,1,Servo,IHS,10,TT,1,339836
2,0.17238705961454867,1.135286647600377,5796.0,1,1,Servo,IHS,10,TT,1,339876
3,0.16502524476289,1.2458622261528343,5656.0,1,1,Servo,IHS,10,TT,1,339916
4,0.16601552081664006,1.1022068466704291,6234.0,1,1,Servo,IHS,10,TT,1,339956
5,0.16266808698735566,1.2226662463210909,5828.0,1,1,Servo,IHS,10,TT,1,339996
6,0.1693957800388161,1.10477174989393,5687.0,1,1,Servo,IHS,10,TT,1,340036
7,0.16783110273919344,1.6945400240693276,6574.0,1,1,Servo,IHS,10,TT,1,340076
8,0.16429245284813435,1.0585498289588284,5765.0,1,1,Servo,IHS,10,TT,1,340116
9,0.1707599756496317,1.1717282284964308,5781.0,1,1,Servo,IHS,10,TT,1,340156
10,0.17083278580282144,1.0694207442244785,6313.0,1,1,Servo,IHS,10,TT,1,340196
11,0.16464749107543133,1.0661091172783845,6125.0,1,1,Servo,IHS,10,TT,1,340236
12,0.16910930058591073,1.3144822278925246,5444.0,1,1,Servo,IHS,10,TT,1,340276
13,0.16938264260587874,1.0720566957517297,5766.0,1,1,Servo,IHS,10,TT,1,340316
14,0.1673137625760491,1.0678422070304692,6203.0,1,1,Servo,IHS,10,TT,1,340356
15,0.1696754835745359,1.1539981539813184,6407.0,1,1,Servo,IHS,10,TT,1,340396
16,0.16717109473617542,1.1339797017490547,6313.0,1,1,Servo,IHS,10,TT,1,340436
17,0.17135791302161363,1.27400254272246,6023.0,1,1,Servo,IHS,10,TT,1,340476
18,0.16394705259186756,1.1790034574742434,5735.0,1,1,Servo,IHS,10,TT,1,340516
19,0.17110557298193127,1.102102502640004,5902.0,1,1,Servo,IHS,10,TT,1,340556
20,0.1697365303088692,1.068653789469256,6422.0,1,1,Servo,IHS,10,TT,1,340596
21,0.1646749609458241,1.1549340090161726,5656.0,1,1,Servo,IHS,10,TT,1,340636
22,0.1724085966056395,1.2407718453380048,5563.0,1,1,Servo,IHS,10,TT,1,340676
23,0.17568796743372078,1.232124186425192,5812.0,1,1,Servo,IHS,10,TT,1,340716
24,0.1693256651090365,1.1069541633627127,5250.0,1,1,Servo,IHS,10,TT,1,340756
25,0.16349199783511134,1.1408648645539776,5719.0,1,1,Servo,IHS,10,TT,1,340796
26,0.1664562152400213,1.0503535831935336,5781.0,1,1,Servo,IHS,10,TT,1,340836
27,0.16948392185545447,1.1557778692750937,5563.0,1,1,Servo,IHS,10,TT,1,340876
28,0.17714046161951594,1.1237582898235448,5531.0,1,1,Servo,IHS,10,TT,1,340916
29,0.17012426502238234,1.1255379106680374,6281.0,1,1,Servo,IHS,10,TT,1,340956
30,0.16769529777657813,1.1034349639305323,5703.0,1,1,Servo,IHS,10,TT,1,340996
31,0.17068257441280085,1.1095871488549471,6547.0,1,1,Servo,IHS,10,TT,1,337196
32,0.1697195225913984,1.3340502386218636,7625.0,1,1,Servo,IHS,10,TT,1,337236
33,0.17017278989681883,1.0151325365721124,8328.0,1,1,Servo,IHS,10,TT,1,337276