
0,0.0,0.8387096774193549,5015.0,1,1,Zoo,IHS,10,TT,1,339791
1,0.0,0.9032258064516129,5172.0,1,1,Zoo,IHS,10,TT,1,339831
2,0.0,0.935483870967742,5281.0,1,1,Zoo,IHS,10,TT,1,339871
3,0.0,0.8709677419354839,5109.0,1,1,Zoo,IHS,10,TT,1,339911
4,0.0,0.9032258064516129,5625.0,1,1,Zoo,IHS,10,TT,1,339951
5,0.0,0.8387096774193549,5203.0,1,1,Zoo,IHS,10,TT,1,339991
6,0.0,0.8709677419354839,5157.0,1,1,Zoo,IHS,10,TT,1,340031
7,0.0,0.8709677419354839,5704.0,1,1,Zoo,IHS,10,TT,1,340071
8,0.0,0.9032258064516129,5344.0,1,1,Zoo,IHS,10,TT,1,340111
9,0.0,0.935483870967742,5515.0,1,1,Zoo,IHS,10,TT,1,340151
10,0.0,0.8387096774193549,5032.0,1,1,Zoo,IHS,10,TT,1,340191
11,0.0,0.9032258064516129,5093.0,1,1,Zoo,IHS,10,TT,1,340231
12,0.0,0.8709677419354839,6047.0,1,1,Zoo,IHS,10,TT,1,340271
13,0.0,0.8709677419354839,4552.0,1,1,Zoo,IHS,10,TT,1,340311
14,0.0,0.9032258064516129,5469.0,1,1,Zoo,IHS,10,TT,1,340351
15,0.0,0.9032258064516129,5891.0,1,1,Zoo,IHS,10,TT,1,340391
16,0.0,0.8387096774193549,5453.0,1,1,Zoo,IHS,10,TT,1,340431
17,0.0,0.8709677419354839,5621.0,1,1,Zoo,IHS,10,TT,1,340471
18,0.0,0.8387096774193549,4969.0,1,1,Zoo,IHS,10,TT,1,340511
19,0.0,0.9032258064516129,5797.0,1,1,Zoo,IHS,10,TT,1,340551
20,0.0,0.8064516129032258,5687.0,1,1,Zoo,IHS,10,TT,1,340591
21,0.0,0.9032258064516129,5296.0,1,1,Zoo,IHS,10,TT,1,340631
22,0.0,0.8064516129032258,5110.0,1,1,Zoo,IHS,10,TT,1,340671
23,0.0,0.9032258064516129,5187.0,1,1,Zoo,IHS,10,TT,1,340711
24,0.0,0.9032258064516129,4688.0,1,1,Zoo,IHS,10,TT,1,340751
25,0.0,0.8709677419354839,4954.0,1,1,Zoo,IHS,10,TT,1,340791
26,0.0,0.9032258064516129,5250.0,1,1,Zoo,IHS,10,TT,1,340831
27,0.0,0.8387096774193549,4953.0,1,1,Zoo,IHS,10,TT,1,340871
28,0.0,0.8709677419354839,5672.0,1,1,Zoo,IHS,10,TT,1,340911
29,0.0,0.8709677419354839,4906.0,1,1,Zoo,IHS,10,TT,1,340951
30,0.0,0.9032258064516129,5162.0,1,1,Zoo,IHS,10,TT,1,340991
31,0.0,0.8709677419354839,5984.0,1,1,Zoo,IHS,10,TT,1,337191
32,0.0,0.8709677419354839,6937.0,1,1,Zoo,IHS,10,TT,1,337231
33,0.0,0.967741935483871,6891.0,1,1,Zoo,IHS,10,TT,1,337271