
0,0.010554089709762533,0.968421052631579,21297.0,1,1,Wdbc,IHS,10,TT,1,339788
1,0.010554089709762533,0.9526315789473684,20672.0,1,1,Wdbc,IHS,10,TT,1,339828
2,0.010554089709762533,0.968421052631579,19484.0,1,1,Wdbc,IHS,10,TT,1,339868
3,0.010554089709762533,0.968421052631579,21031.0,1,1,Wdbc,IHS,10,TT,1,339908
4,0.010554089709762533,0.968421052631579,21062.0,1,1,Wdbc,IHS,10,TT,1,339948
5,0.010554089709762533,0.9526315789473684,20235.0,1,1,Wdbc,IHS,10,TT,1,339988
6,0.010554089709762533,0.9631578947368421,20344.0,1,1,Wdbc,IHS,10,TT,1,340028
7,0.010554089709762533,0.9736842105263158,22047.0,1,1,Wdbc,IHS,10,TT,1,340068
8,0.010554089709762533,0.9789473684210527,19391.0,1,1,Wdbc,IHS,10,TT,1,340108
9,0.010554089709762533,0.9736842105263158,20031.0,1,1,Wdbc,IHS,10,TT,1,340148
10,0.010554089709762533,0.968421052631579,22156.0,1,1,Wdbc,IHS,10,TT,1,340188
11,0.010554089709762533,0.968421052631579,21437.0,1,1,Wdbc,IHS,10,TT,1,340228
12,0.010554089709762533,0.9578947368421052,18625.0,1,1,Wdbc,IHS,10,TT,1,340268
13,0.010554089709762533,0.9526315789473684,18297.0,1,1,Wdbc,IHS,10,TT,1,340308
14,0.010554089709762533,0.9631578947368421,22531.0,1,1,Wdbc,IHS,10,TT,1,340348
15,0.010554089709762533,0.968421052631579,21313.0,1,1,Wdbc,IHS,10,TT,1,340388
16,0.010554089709762533,0.9631578947368421,19188.0,1,1,Wdbc,IHS,10,TT,1,340428
17,0.010554089709762533,0.9736842105263158,18563.0,1,1,Wdbc,IHS,10,TT,1,340468
18,0.010554089709762533,0.9842105263157894,20235.0,1,1,Wdbc,IHS,10,TT,1,340508
19,0.010554089709762533,0.9526315789473684,20187.0,1,1,Wdbc,IHS,10,TT,1,340548
20,0.010554089709762533,0.9631578947368421,22015.0,1,1,Wdbc,IHS,10,TT,1,340588
21,0.010554089709762533,0.9631578947368421,20094.0,1,1,Wdbc,IHS,10,TT,1,340628
22,0.0079155672823219,0.9578947368421052,20000.0,1,1,Wdbc,IHS,10,TT,1,340668
23,0.010554089709762533,0.9578947368421052,18344.0,1,1,Wdbc,IHS,10,TT,1,340708
24,0.013192612137203167,0.968421052631579,19141.0,1,1,Wdbc,IHS,10,TT,1,340748
25,0.010554089709762533,0.968421052631579,19125.0,1,1,Wdbc,IHS,10,TT,1,340788
26,0.010554089709762533,0.9736842105263158,20219.0,1,1,Wdbc,IHS,10,TT,1,340828
27,0.0079155672823219,0.9578947368421052,20656.0,1,1,Wdbc,IHS,10,TT,1,340868
28,0.010554089709762533,0.9631578947368421,19406.0,1,1,Wdbc,IHS,10,TT,1,340908
29,0.010554089709762533,0.9789473684210527,20843.0,1,1,Wdbc,IHS,10,TT,1,340948
30,0.010554089709762533,0.9631578947368421,21031.0,1,1,Wdbc,IHS,10,TT,1,340988
31,0.010554089709762533,0.9578947368421052,23453.0,1,1,Wdbc,IHS,10,TT,1,337188
32,0.010554089709762533,0.9473684210526316,25751.0,1,1,Wdbc,IHS,10,TT,1,337228
33,0.010554089709762533,0.9526315789473684,22296.0,1,1,Wdbc,IHS,10,TT,1,337268