
0,0.08571428571428572,0.8200000000000001,10219.0,1,1,Vertebral2C,IHS,10,TT,1,339784
1,0.08095238095238096,0.79,9937.0,1,1,Vertebral2C,IHS,10,TT,1,339824
2,0.08095238095238096,0.8200000000000001,9594.0,1,1,Vertebral2C,IHS,10,TT,1,339864
3,0.08571428571428572,0.8200000000000001,9860.0,1,1,Vertebral2C,IHS,10,TT,1,339904
4,0.08571428571428572,0.81,9234.0,1,1,Vertebral2C,IHS,10,TT,1,339944
5,0.08571428571428572,0.81,10110.0,1,1,Vertebral2C,IHS,10,TT,1,339984
6,0.08095238095238096,0.83,9734.0,1,1,Vertebral2C,IHS,10,TT,1,340024
7,0.08571428571428572,0.78,9672.0,1,1,Vertebral2C,IHS,10,TT,1,340064
8,0.08571428571428572,0.78,9953.0,1,1,Vertebral2C,IHS,10,TT,1,340104
9,0.08095238095238096,0.8200000000000001,11254.0,1,1,Vertebral2C,IHS,10,TT,1,340144
10,0.08571428571428572,0.8200000000000001,8968.0,1,1,Vertebral2C,IHS,10,TT,1,340184
11,0.08571428571428572,0.81,9906.0,1,1,Vertebral2C,IHS,10,TT,1,340224
12,0.08095238095238096,0.81,10172.0,1,1,Vertebral2C,IHS,10,TT,1,340264
13,0.08095238095238096,0.79,10391.0,1,1,Vertebral2C,IHS,10,TT,1,340304
14,0.08095238095238096,0.81,9563.0,1,1,Vertebral2C,IHS,10,TT,1,340344
15,0.08571428571428572,0.81,9594.0,1,1,Vertebral2C,IHS,10,TT,1,340384
16,0.08571428571428572,0.79,10234.0,1,1,Vertebral2C,IHS,10,TT,1,340424
17,0.08571428571428572,0.8200000000000001,9266.0,1,1,Vertebral2C,IHS,10,TT,1,340464
18,0.08095238095238096,0.84,9469.0,1,1,Vertebral2C,IHS,10,TT,1,340504
19,0.08571428571428572,0.8200000000000001,9547.0,1,1,Vertebral2C,IHS,10,TT,1,340544
20,0.08571428571428572,0.81,10406.0,1,1,Vertebral2C,IHS,10,TT,1,340584
21,0.08095238095238096,0.85,9578.0,1,1,Vertebral2C,IHS,10,TT,1,340624
22,0.08095238095238096,0.81,10563.0,1,1,Vertebral2C,IHS,10,TT,1,340664
23,0.08571428571428572,0.81,9765.0,1,1,Vertebral2C,IHS,10,TT,1,340704
24,0.08571428571428572,0.8200000000000001,9547.0,1,1,Vertebral2C,IHS,10,TT,1,340744
25,0.08571428571428572,0.84,10117.0,1,1,Vertebral2C,IHS,10,TT,1,340784
26,0.08095238095238096,0.83,10159.0,1,1,Vertebral2C,IHS,10,TT,1,340824
27,0.08571428571428572,0.79,9453.0,1,1,Vertebral2C,IHS,10,TT,1,340864
28,0.08571428571428572,0.81,9688.0,1,1,Vertebral2C,IHS,10,TT,1,340904
29,0.08095238095238096,0.8200000000000001,9172.0,1,1,Vertebral2C,IHS,10,TT,1,340944
30,0.08095238095238096,0.77,9407.0,1,1,Vertebral2C,IHS,10,TT,1,340984
31,0.08095238095238096,0.8200000000000001,13297.0,1,1,Vertebral2C,IHS,10,TT,1,337184
32,0.08571428571428572,0.8200000000000001,10590.0,1,1,Vertebral2C,IHS,10,TT,1,337224
33,0.08095238095238096,0.78,12734.0,1,1,Vertebral2C,IHS,10,TT,1,337264