
0,0.011363636363636364,0.7272727272727273,5906.0,1,1,Hayes,IHS,10,TT,1,339774
1,0.022727272727272728,0.6136363636363636,4985.0,1,1,Hayes,IHS,10,TT,1,339814
2,0.022727272727272728,0.7272727272727273,4813.0,1,1,Hayes,IHS,10,TT,1,339854
3,0.022727272727272728,0.7272727272727273,4829.0,1,1,Hayes,IHS,10,TT,1,339894
4,0.022727272727272728,0.6818181818181819,5062.0,1,1,Hayes,IHS,10,TT,1,339934
5,0.022727272727272728,0.6818181818181819,5031.0,1,1,Hayes,IHS,10,TT,1,339974
6,0.011363636363636364,0.7045454545454546,4750.0,1,1,Hayes,IHS,10,TT,1,340014
7,0.011363636363636364,0.7045454545454546,5297.0,1,1,Hayes,IHS,10,TT,1,340054
8,0.022727272727272728,0.6363636363636364,5125.0,1,1,Hayes,IHS,10,TT,1,340094
9,0.011363636363636364,0.6363636363636364,4812.0,1,1,Hayes,IHS,10,TT,1,340134
10,0.022727272727272728,0.6590909090909092,4766.0,1,1,Hayes,IHS,10,TT,1,340174
11,0.011363636363636364,0.6363636363636364,4860.0,1,1,Hayes,IHS,10,TT,1,340214
12,0.022727272727272728,0.5909090909090908,5203.0,1,1,Hayes,IHS,10,TT,1,340254
13,0.011363636363636364,0.6136363636363636,5454.0,1,1,Hayes,IHS,10,TT,1,340294
14,0.011363636363636364,0.6136363636363636,5016.0,1,1,Hayes,IHS,10,TT,1,340334
15,0.011363636363636364,0.6818181818181819,5375.0,1,1,Hayes,IHS,10,TT,1,340374
16,0.011363636363636364,0.7272727272727273,4750.0,1,1,Hayes,IHS,10,TT,1,340414
17,0.022727272727272728,0.6363636363636364,4380.0,1,1,Hayes,IHS,10,TT,1,340454
18,0.022727272727272728,0.7727272727272727,4719.0,1,1,Hayes,IHS,10,TT,1,340494
19,0.022727272727272728,0.6590909090909092,4700.0,1,1,Hayes,IHS,10,TT,1,340534
20,0.022727272727272728,0.6590909090909092,4609.0,1,1,Hayes,IHS,10,TT,1,340574
21,0.011363636363636364,0.6363636363636364,4975.0,1,1,Hayes,IHS,10,TT,1,340614
22,0.011363636363636364,0.7272727272727273,4782.0,1,1,Hayes,IHS,10,TT,1,340654
23,0.022727272727272728,0.6590909090909092,4735.0,1,1,Hayes,IHS,10,TT,1,340694
24,0.011363636363636364,0.6590909090909092,4890.0,1,1,Hayes,IHS,10,TT,1,340734
25,0.022727272727272728,0.6818181818181819,4797.0,1,1,Hayes,IHS,10,TT,1,340774
26,0.022727272727272728,0.6136363636363636,4844.0,1,1,Hayes,IHS,10,TT,1,340814
27,0.022727272727272728,0.7272727272727273,5525.0,1,1,Hayes,IHS,10,TT,1,340854
28,0.011363636363636364,0.7045454545454546,4969.0,1,1,Hayes,IHS,10,TT,1,340894
29,0.022727272727272728,0.5681818181818181,4766.0,1,1,Hayes,IHS,10,TT,1,340934
30,0.022727272727272728,0.6136363636363636,4625.0,1,1,Hayes,IHS,10,TT,1,340974
31,0.022727272727272728,0.6363636363636364,5985.0,1,1,Hayes,IHS,10,TT,1,337174
32,0.011363636363636364,0.5681818181818181,6117.0,1,1,Hayes,IHS,10,TT,1,337214
33,0.011363636363636364,0.7272727272727273,6375.0,1,1,Hayes,IHS,10,TT,1,337254