
0,0.010554089709762533,0.9736842105263158,20938.0,1,1,Wdbc,IHS,11,TT,1,341028
1,0.010554089709762533,0.9789473684210527,20891.0,1,1,Wdbc,IHS,11,TT,1,341068
2,0.010554089709762533,0.9526315789473684,18375.0,1,1,Wdbc,IHS,11,TT,1,341108
3,0.010554089709762533,0.9789473684210527,17922.0,1,1,Wdbc,IHS,11,TT,1,341148
4,0.010554089709762533,0.9526315789473684,20004.0,1,1,Wdbc,IHS,11,TT,1,341188
5,0.010554089709762533,0.9789473684210527,19515.0,1,1,Wdbc,IHS,11,TT,1,341228
6,0.0079155672823219,0.9473684210526316,21047.0,1,1,Wdbc,IHS,11,TT,1,341268
7,0.010554089709762533,0.9473684210526316,18203.0,1,1,Wdbc,IHS,11,TT,1,341308
8,0.010554089709762533,0.9526315789473684,19750.0,1,1,Wdbc,IHS,11,TT,1,341348
9,0.010554089709762533,0.968421052631579,21531.0,1,1,Wdbc,IHS,11,TT,1,341388
10,0.010554089709762533,0.9631578947368421,19563.0,1,1,Wdbc,IHS,11,TT,1,341428
11,0.010554089709762533,0.9789473684210527,19718.0,1,1,Wdbc,IHS,11,TT,1,341468
12,0.010554089709762533,0.9473684210526316,20437.0,1,1,Wdbc,IHS,11,TT,1,341508
13,0.010554089709762533,0.9526315789473684,20203.0,1,1,Wdbc,IHS,11,TT,1,341548
14,0.010554089709762533,0.968421052631579,19968.0,1,1,Wdbc,IHS,11,TT,1,341588
15,0.010554089709762533,0.9578947368421052,19922.0,1,1,Wdbc,IHS,11,TT,1,341628
16,0.0079155672823219,0.968421052631579,19734.0,1,1,Wdbc,IHS,11,TT,1,341668
17,0.010554089709762533,0.9789473684210527,19547.0,1,1,Wdbc,IHS,11,TT,1,341708
18,0.010554089709762533,0.9526315789473684,19563.0,1,1,Wdbc,IHS,11,TT,1,341748
19,0.010554089709762533,0.968421052631579,18984.0,1,1,Wdbc,IHS,11,TT,1,341788
20,0.010554089709762533,0.968421052631579,21313.0,1,1,Wdbc,IHS,11,TT,1,341828
21,0.010554089709762533,0.9736842105263158,19610.0,1,1,Wdbc,IHS,11,TT,1,341868
22,0.010554089709762533,0.9421052631578948,24125.0,1,1,Wdbc,IHS,11,TT,1,341908
23,0.010554089709762533,0.9578947368421052,19672.0,1,1,Wdbc,IHS,11,TT,1,341948
24,0.010554089709762533,0.9526315789473684,19359.0,1,1,Wdbc,IHS,11,TT,1,341988
25,0.010554089709762533,0.9526315789473684,20703.0,1,1,Wdbc,IHS,11,TT,1,342028
26,0.010554089709762533,0.9631578947368421,20000.0,1,1,Wdbc,IHS,11,TT,1,342068
27,0.010554089709762533,0.9578947368421052,19390.0,1,1,Wdbc,IHS,11,TT,1,342108
28,0.010554089709762533,0.9526315789473684,19375.0,1,1,Wdbc,IHS,11,TT,1,342148
29,0.010554089709762533,0.9473684210526316,19516.0,1,1,Wdbc,IHS,11,TT,1,342188
30,0.010554089709762533,0.968421052631579,19516.0,1,1,Wdbc,IHS,11,TT,1,342228
31,0.010554089709762533,0.9631578947368421,31518.0,1,1,Wdbc,IHS,11,TT,1,338548
32,0.010554089709762533,0.968421052631579,25484.0,1,1,Wdbc,IHS,11,TT,1,338588
33,0.010554089709762533,0.9631578947368421,31984.0,1,1,Wdbc,IHS,11,TT,1,338628