
0,0.08095238095238096,0.81,8875.0,1,1,Vertebral3C,IHS,11,TT,1,341025
1,0.08571428571428572,0.8200000000000001,9703.0,1,1,Vertebral3C,IHS,11,TT,1,341065
2,0.08571428571428572,0.78,10187.0,1,1,Vertebral3C,IHS,11,TT,1,341105
3,0.08095238095238096,0.83,9984.0,1,1,Vertebral3C,IHS,11,TT,1,341145
4,0.08571428571428572,0.84,8938.0,1,1,Vertebral3C,IHS,11,TT,1,341185
5,0.08571428571428572,0.79,9703.0,1,1,Vertebral3C,IHS,11,TT,1,341225
6,0.08095238095238096,0.8200000000000001,9687.0,1,1,Vertebral3C,IHS,11,TT,1,341265
7,0.0761904761904762,0.81,9899.0,1,1,Vertebral3C,IHS,11,TT,1,341305
8,0.08095238095238096,0.8,9953.0,1,1,Vertebral3C,IHS,11,TT,1,341345
9,0.08095238095238096,0.8,10263.0,1,1,Vertebral3C,IHS,11,TT,1,341385
10,0.08095238095238096,0.8200000000000001,10398.0,1,1,Vertebral3C,IHS,11,TT,1,341425
11,0.08095238095238096,0.87,10875.0,1,1,Vertebral3C,IHS,11,TT,1,341465
12,0.08095238095238096,0.84,10015.0,1,1,Vertebral3C,IHS,11,TT,1,341505
13,0.08095238095238096,0.8200000000000001,9985.0,1,1,Vertebral3C,IHS,11,TT,1,341545
14,0.08571428571428572,0.84,9906.0,1,1,Vertebral3C,IHS,11,TT,1,341585
15,0.08571428571428572,0.78,9875.0,1,1,Vertebral3C,IHS,11,TT,1,341625
16,0.08095238095238096,0.79,9703.0,1,1,Vertebral3C,IHS,11,TT,1,341665
17,0.08095238095238096,0.8200000000000001,9469.0,1,1,Vertebral3C,IHS,11,TT,1,341705
18,0.08095238095238096,0.8200000000000001,9547.0,1,1,Vertebral3C,IHS,11,TT,1,341745
19,0.08095238095238096,0.83,9311.0,1,1,Vertebral3C,IHS,11,TT,1,341785
20,0.08095238095238096,0.83,9828.0,1,1,Vertebral3C,IHS,11,TT,1,341825
21,0.08571428571428572,0.8,9859.0,1,1,Vertebral3C,IHS,11,TT,1,341865
22,0.08571428571428572,0.81,10953.0,1,1,Vertebral3C,IHS,11,TT,1,341905
23,0.08095238095238096,0.84,10078.0,1,1,Vertebral3C,IHS,11,TT,1,341945
24,0.08571428571428572,0.79,9719.0,1,1,Vertebral3C,IHS,11,TT,1,341985
25,0.08095238095238096,0.84,10516.0,1,1,Vertebral3C,IHS,11,TT,1,342025
26,0.08095238095238096,0.8200000000000001,9704.0,1,1,Vertebral3C,IHS,11,TT,1,342065
27,0.08095238095238096,0.8,9797.0,1,1,Vertebral3C,IHS,11,TT,1,342105
28,0.08571428571428572,0.84,9500.0,1,1,Vertebral3C,IHS,11,TT,1,342145
29,0.08095238095238096,0.83,9703.0,1,1,Vertebral3C,IHS,11,TT,1,342185
30,0.08095238095238096,0.8200000000000001,8987.0,1,1,Vertebral3C,IHS,11,TT,1,342225
31,0.08095238095238096,0.84,12969.0,1,1,Vertebral3C,IHS,11,TT,1,338545
32,0.08095238095238096,0.81,16130.0,1,1,Vertebral3C,IHS,11,TT,1,338585
33,0.08095238095238096,0.8,15344.0,1,1,Vertebral3C,IHS,11,TT,1,338625