
0,1.7430330700806762,3.719331875986079,12781.0,1,1,AutoMpg,IHS,11,TT,1,341032
1,1.7214931532838675,3.8655832129949705,12038.0,1,1,AutoMpg,IHS,11,TT,1,341072
2,1.7161738916729363,3.70009010706849,13406.0,1,1,AutoMpg,IHS,11,TT,1,341112
3,1.716360123895421,3.38297431865406,11687.0,1,1,AutoMpg,IHS,11,TT,1,341152
4,1.7363642700812731,3.5518275611843695,12531.0,1,1,AutoMpg,IHS,11,TT,1,341192
5,1.7319526219802388,3.5149819921832215,12891.0,1,1,AutoMpg,IHS,11,TT,1,341232
6,1.7001624242167983,3.4657810921861683,12734.0,1,1,AutoMpg,IHS,11,TT,1,341272
7,1.7142249805861038,3.5392196872462813,12875.0,1,1,AutoMpg,IHS,11,TT,1,341312
8,1.6857004730267129,3.60386947510319,15594.0,1,1,AutoMpg,IHS,11,TT,1,341352
9,1.6992621113682298,3.5556534111512965,12703.0,1,1,AutoMpg,IHS,11,TT,1,341392
10,1.7312539513313994,3.5065708753632765,12610.0,1,1,AutoMpg,IHS,11,TT,1,341432
11,1.7141378734045365,3.526420945158652,15563.0,1,1,AutoMpg,IHS,11,TT,1,341472
12,1.71479554819069,3.564518684426338,13954.0,1,1,AutoMpg,IHS,11,TT,1,341512
13,1.725133422321484,3.38251114576987,14047.0,1,1,AutoMpg,IHS,11,TT,1,341552
14,1.7107486653623285,3.465141119784801,12641.0,1,1,AutoMpg,IHS,11,TT,1,341592
15,1.7050167024257603,3.5366401817040978,12874.0,1,1,AutoMpg,IHS,11,TT,1,341632
16,1.7015666171671049,3.4298051602210142,12453.0,1,1,AutoMpg,IHS,11,TT,1,341672
17,1.719595027689531,3.5143475695982396,12375.0,1,1,AutoMpg,IHS,11,TT,1,341712
18,1.7143209323618247,3.4744610028834035,12594.0,1,1,AutoMpg,IHS,11,TT,1,341752
19,1.724374713801801,3.525508150053451,12203.0,1,1,AutoMpg,IHS,11,TT,1,341792
20,1.738501401384007,3.3671336746667464,12484.0,1,1,AutoMpg,IHS,11,TT,1,341832
21,1.7323477532318092,3.5068413772427656,12454.0,1,1,AutoMpg,IHS,11,TT,1,341872
22,1.6856816758171842,3.850605582141877,12359.0,1,1,AutoMpg,IHS,11,TT,1,341912
23,1.692061197848832,3.2828509458455923,12375.0,1,1,AutoMpg,IHS,11,TT,1,341952
24,1.7130014530107653,3.584909505130622,15718.0,1,1,AutoMpg,IHS,11,TT,1,341992
25,1.7167815705829481,3.6720207446615567,12406.0,1,1,AutoMpg,IHS,11,TT,1,342032
26,1.7166728110491563,3.5868257954043865,12203.0,1,1,AutoMpg,IHS,11,TT,1,342072
27,1.701979042812503,3.5253807116567715,15985.0,1,1,AutoMpg,IHS,11,TT,1,342112
28,1.716653490822017,3.4692286916910113,12750.0,1,1,AutoMpg,IHS,11,TT,1,342152
29,1.7076061874671027,3.3883543847669575,12828.0,1,1,AutoMpg,IHS,11,TT,1,342192
30,1.6866472529757246,3.549056211777767,11486.0,1,1,AutoMpg,IHS,11,TT,1,342232
31,1.7173226240122046,3.604656055004988,16250.0,1,1,AutoMpg,IHS,11,TT,1,338552
32,1.7300477278598667,3.544036728953578,13328.0,1,1,AutoMpg,IHS,11,TT,1,338592
33,1.7337785234540695,3.690470339846556,12797.0,1,1,AutoMpg,IHS,11,TT,1,338632