
0,0.21374045801526717,0.7157894736842105,17110.0,1,1,Indian,IHS,11,TT,1,341016
1,0.21374045801526717,0.7157894736842105,17090.0,1,1,Indian,IHS,11,TT,1,341056
2,0.21119592875318066,0.7,17438.0,1,1,Indian,IHS,11,TT,1,341096
3,0.21119592875318066,0.7052631578947368,22531.0,1,1,Indian,IHS,11,TT,1,341136
4,0.21119592875318066,0.6947368421052631,18891.0,1,1,Indian,IHS,11,TT,1,341176
5,0.21119592875318066,0.7105263157894737,18573.0,1,1,Indian,IHS,11,TT,1,341216
6,0.21628498727735368,0.7263157894736842,15750.0,1,1,Indian,IHS,11,TT,1,341256
7,0.21374045801526717,0.6947368421052631,18015.0,1,1,Indian,IHS,11,TT,1,341296
8,0.20865139949109415,0.7,17703.0,1,1,Indian,IHS,11,TT,1,341336
9,0.21374045801526717,0.7210526315789474,17922.0,1,1,Indian,IHS,11,TT,1,341376
10,0.20865139949109415,0.7105263157894737,18610.0,1,1,Indian,IHS,11,TT,1,341416
11,0.21374045801526717,0.7052631578947368,17656.0,1,1,Indian,IHS,11,TT,1,341456
12,0.20610687022900764,0.7,22125.0,1,1,Indian,IHS,11,TT,1,341496
13,0.21374045801526717,0.7052631578947368,17359.0,1,1,Indian,IHS,11,TT,1,341536
14,0.21119592875318066,0.7052631578947368,17890.0,1,1,Indian,IHS,11,TT,1,341576
15,0.21119592875318066,0.7157894736842105,19828.0,1,1,Indian,IHS,11,TT,1,341616
16,0.2010178117048346,0.7,17625.0,1,1,Indian,IHS,11,TT,1,341656
17,0.21119592875318066,0.7105263157894737,21766.0,1,1,Indian,IHS,11,TT,1,341696
18,0.21374045801526717,0.7105263157894737,21829.0,1,1,Indian,IHS,11,TT,1,341736
19,0.21119592875318066,0.7157894736842105,17328.0,1,1,Indian,IHS,11,TT,1,341776
20,0.21374045801526717,0.7263157894736842,17844.0,1,1,Indian,IHS,11,TT,1,341816
21,0.21119592875318066,0.7105263157894737,17813.0,1,1,Indian,IHS,11,TT,1,341856
22,0.21374045801526717,0.7105263157894737,17688.0,1,1,Indian,IHS,11,TT,1,341896
23,0.20865139949109415,0.6736842105263158,19250.0,1,1,Indian,IHS,11,TT,1,341936
24,0.20865139949109415,0.7052631578947368,17015.0,1,1,Indian,IHS,11,TT,1,341976
25,0.21374045801526717,0.7157894736842105,17516.0,1,1,Indian,IHS,11,TT,1,342016
26,0.21119592875318066,0.7315789473684211,19282.0,1,1,Indian,IHS,11,TT,1,342056
27,0.21119592875318066,0.7157894736842105,17422.0,1,1,Indian,IHS,11,TT,1,342096
28,0.20610687022900764,0.6947368421052631,17516.0,1,1,Indian,IHS,11,TT,1,342136
29,0.21628498727735368,0.7315789473684211,18359.0,1,1,Indian,IHS,11,TT,1,342176
30,0.21119592875318066,0.6947368421052631,17328.0,1,1,Indian,IHS,11,TT,1,342216
31,0.21374045801526717,0.7315789473684211,20109.0,1,1,Indian,IHS,11,TT,1,338536
32,0.21119592875318066,0.7,28422.0,1,1,Indian,IHS,11,TT,1,338576
33,0.21628498727735368,0.7052631578947368,23703.0,1,1,Indian,IHS,11,TT,1,338616