
0,0.050347222222222224,0.8854166666666666,50375.0,1,1,Car,IHS,12,TT,1,342244
1,0.04600694444444445,0.8524305555555556,51781.0,1,1,Car,IHS,12,TT,1,342284
2,0.05295138888888889,0.8784722222222222,56391.0,1,1,Car,IHS,12,TT,1,342324
3,0.043402777777777776,0.8506944444444444,46578.0,1,1,Car,IHS,12,TT,1,342364
4,0.04861111111111111,0.8715277777777778,49438.0,1,1,Car,IHS,12,TT,1,342404
5,0.049479166666666664,0.8524305555555556,49156.0,1,1,Car,IHS,12,TT,1,342444
6,0.046875,0.8246527777777778,50938.0,1,1,Car,IHS,12,TT,1,342484
7,0.052083333333333336,0.84375,45996.0,1,1,Car,IHS,12,TT,1,342524
8,0.04861111111111111,0.8177083333333334,54734.0,1,1,Car,IHS,12,TT,1,342564
9,0.050347222222222224,0.8663194444444444,49750.0,1,1,Car,IHS,12,TT,1,342604
10,0.04600694444444445,0.8333333333333334,46874.0,1,1,Car,IHS,12,TT,1,342644
11,0.04861111111111111,0.84375,59916.0,1,1,Car,IHS,12,TT,1,342684
12,0.044270833333333336,0.8385416666666666,55750.0,1,1,Car,IHS,12,TT,1,342724
13,0.04774305555555555,0.8697916666666666,55953.0,1,1,Car,IHS,12,TT,1,342764
14,0.049479166666666664,0.8211805555555556,50187.0,1,1,Car,IHS,12,TT,1,342804
15,0.04861111111111111,0.828125,48640.0,1,1,Car,IHS,12,TT,1,342844
16,0.052083333333333336,0.8454861111111112,50953.0,1,1,Car,IHS,12,TT,1,342884
17,0.051215277777777776,0.8732638888888888,59110.0,1,1,Car,IHS,12,TT,1,342924
18,0.050347222222222224,0.8680555555555556,51219.0,1,1,Car,IHS,12,TT,1,342964
19,0.046875,0.8559027777777778,50516.0,1,1,Car,IHS,12,TT,1,343004
20,0.04600694444444445,0.8611111111111112,51171.0,1,1,Car,IHS,12,TT,1,343044
21,0.04600694444444445,0.8385416666666666,48578.0,1,1,Car,IHS,12,TT,1,343084
22,0.04600694444444445,0.84375,45656.0,1,1,Car,IHS,12,TT,1,343124
23,0.04774305555555555,0.8663194444444444,49086.0,1,1,Car,IHS,12,TT,1,343164
24,0.04774305555555555,0.8489583333333334,52391.0,1,1,Car,IHS,12,TT,1,343204
25,0.04774305555555555,0.8715277777777778,52187.0,1,1,Car,IHS,12,TT,1,343244
26,0.04861111111111111,0.8420138888888888,50359.0,1,1,Car,IHS,12,TT,1,343284
27,0.04861111111111111,0.8402777777777778,49062.0,1,1,Car,IHS,12,TT,1,343324
28,0.049479166666666664,0.859375,50671.0,1,1,Car,IHS,12,TT,1,343364
29,0.04861111111111111,0.8385416666666666,52125.0,1,1,Car,IHS,12,TT,1,343404
30,0.051215277777777776,0.8541666666666666,56703.0,1,1,Car,IHS,12,TT,1,343444
31,0.049479166666666664,0.8541666666666666,54490.0,1,1,Car,IHS,12,TT,1,339884
32,0.049479166666666664,0.8611111111111112,60578.0,1,1,Car,IHS,12,TT,1,339924
32,0.049479166666666664,0.8611111111111112,62859.0,1,1,Car,IHS,12,TT,1,339924
33,0.049479166666666664,0.8402777777777778,54120.0,1,1,Car,IHS,12,TT,1,339964