
5,0.2885333333333333,0.7036,1249687.0,1,1,Letter,IHS,13,TT,1,343699
3,0.28913333333333335,0.71,1330837.0,1,1,Letter,IHS,13,TT,1,343619
1,0.29146666666666665,0.7116,1473967.0,1,1,Letter,IHS,13,TT,1,343539
4,0.2926666666666667,0.7030000000000001,1488933.0,1,1,Letter,IHS,13,TT,1,343659
0,0.2965333333333333,0.7014,1613395.0,1,1,Letter,IHS,13,TT,1,343499
2,0.2906,0.6990000000000001,1609192.0,1,1,Letter,IHS,13,TT,1,343579
14,0.29046666666666665,0.7036,1300534.0,1,1,Letter,IHS,13,TT,1,344059
7,0.2948,0.7063999999999999,1526580.0,1,1,Letter,IHS,13,TT,1,343779
8,0.29446666666666665,0.6990000000000001,1522345.0,1,1,Letter,IHS,13,TT,1,343819
9,0.28886666666666666,0.7034,1503364.0,1,1,Letter,IHS,13,TT,1,343859
13,0.2890666666666667,0.6936,1428990.0,1,1,Letter,IHS,13,TT,1,344019
19,0.29386666666666666,0.6928000000000001,1271761.0,1,1,Letter,IHS,13,TT,1,344259
23,0.29286666666666666,0.7001999999999999,1161879.0,1,1,Letter,IHS,13,TT,1,344419
6,0.2909333333333333,0.708,1626239.0,1,1,Letter,IHS,13,TT,1,343739
10,0.2874,0.7072,1546750.0,1,1,Letter,IHS,13,TT,1,343899
20,0.2896666666666667,0.6988,1283094.0,1,1,Letter,IHS,13,TT,1,344299
12,0.2915333333333333,0.6958,1529589.0,1,1,Letter,IHS,13,TT,1,343979
17,0.288,0.7034,1485164.0,1,1,Letter,IHS,13,TT,1,344179
11,0.28973333333333334,0.7056,1665066.0,1,1,Letter,IHS,13,TT,1,343939
18,0.294,0.6981999999999999,1485335.0,1,1,Letter,IHS,13,TT,1,344219
21,0.2942,0.7078,1426100.0,1,1,Letter,IHS,13,TT,1,344339
25,0.29186666666666666,0.7068,1324042.0,1,1,Letter,IHS,13,TT,1,344499
15,0.29146666666666665,0.698,1655136.0,1,1,Letter,IHS,13,TT,1,344099
22,0.2952,0.6914,1484937.0,1,1,Letter,IHS,13,TT,1,344379
16,0.2905333333333333,0.7034,1674222.0,1,1,Letter,IHS,13,TT,1,344139
28,0.2925333333333333,0.7012,1442789.0,1,1,Letter,IHS,13,TT,1,344619
27,0.2862,0.702,1476438.0,1,1,Letter,IHS,13,TT,1,344579
29,0.2928,0.6964,1492907.0,1,1,Letter,IHS,13,TT,1,344659
24,0.29286666666666666,0.7034,1669879.0,1,1,Letter,IHS,13,TT,1,344459
26,0.28833333333333333,0.7086,1633114.0,1,1,Letter,IHS,13,TT,1,344539
30,0.291,0.7092,1606344.0,1,1,Letter,IHS,13,TT,1,344699
31,0.2882,0.7096,2007062.0,1,1,Letter,IHS,13,TT,1,341259
32,0.296,0.7021999999999999,2062445.0,1,1,Letter,IHS,13,TT,1,341299
33,0.294,0.7010000000000001,2156038.0,1,1,Letter,IHS,13,TT,1,341339