
0,0.21119592875318066,0.7157894736842105,21485.0,1,1,Indian,IHS,13,TT,1,343496
1,0.21628498727735368,0.736842105263158,16828.0,1,1,Indian,IHS,13,TT,1,343536
2,0.21119592875318066,0.7105263157894737,18594.0,1,1,Indian,IHS,13,TT,1,343576
3,0.21119592875318066,0.7210526315789474,18125.0,1,1,Indian,IHS,13,TT,1,343616
4,0.21374045801526717,0.7157894736842105,18500.0,1,1,Indian,IHS,13,TT,1,343656
5,0.21119592875318066,0.7,18515.0,1,1,Indian,IHS,13,TT,1,343696
6,0.21119592875318066,0.7210526315789474,17719.0,1,1,Indian,IHS,13,TT,1,343736
7,0.21119592875318066,0.6894736842105262,17844.0,1,1,Indian,IHS,13,TT,1,343776
8,0.21119592875318066,0.7052631578947368,17921.0,1,1,Indian,IHS,13,TT,1,343816
9,0.21374045801526717,0.7105263157894737,18110.0,1,1,Indian,IHS,13,TT,1,343856
10,0.21628498727735368,0.7105263157894737,16547.0,1,1,Indian,IHS,13,TT,1,343896
11,0.20865139949109415,0.6947368421052631,17141.0,1,1,Indian,IHS,13,TT,1,343936
12,0.21628498727735368,0.7,18891.0,1,1,Indian,IHS,13,TT,1,343976
13,0.21374045801526717,0.6947368421052631,18594.0,1,1,Indian,IHS,13,TT,1,344016
14,0.20865139949109415,0.7,16225.0,1,1,Indian,IHS,13,TT,1,344056
15,0.21374045801526717,0.6947368421052631,16953.0,1,1,Indian,IHS,13,TT,1,344096
16,0.20865139949109415,0.7105263157894737,16295.0,1,1,Indian,IHS,13,TT,1,344136
17,0.20865139949109415,0.7263157894736842,17531.0,1,1,Indian,IHS,13,TT,1,344176
18,0.20610687022900764,0.668421052631579,17656.0,1,1,Indian,IHS,13,TT,1,344216
19,0.20865139949109415,0.6947368421052631,17656.0,1,1,Indian,IHS,13,TT,1,344256
20,0.21628498727735368,0.6842105263157895,17234.0,1,1,Indian,IHS,13,TT,1,344296
21,0.20865139949109415,0.7052631578947368,18390.0,1,1,Indian,IHS,13,TT,1,344336
22,0.20610687022900764,0.6894736842105262,18547.0,1,1,Indian,IHS,13,TT,1,344376
23,0.21119592875318066,0.7263157894736842,17625.0,1,1,Indian,IHS,13,TT,1,344416
24,0.21374045801526717,0.7157894736842105,18703.0,1,1,Indian,IHS,13,TT,1,344456
25,0.21119592875318066,0.7157894736842105,18078.0,1,1,Indian,IHS,13,TT,1,344496
26,0.21374045801526717,0.6842105263157895,18437.0,1,1,Indian,IHS,13,TT,1,344536
27,0.21119592875318066,0.7157894736842105,17563.0,1,1,Indian,IHS,13,TT,1,344576
28,0.20610687022900764,0.7105263157894737,18087.0,1,1,Indian,IHS,13,TT,1,344616
29,0.21628498727735368,0.7,17328.0,1,1,Indian,IHS,13,TT,1,344656
30,0.20865139949109415,0.7157894736842105,17422.0,1,1,Indian,IHS,13,TT,1,344696
31,0.21374045801526717,0.7315789473684211,18016.0,1,1,Indian,IHS,13,TT,1,341256
32,0.21119592875318066,0.6736842105263158,22125.0,1,1,Indian,IHS,13,TT,1,341296
33,0.21374045801526717,0.7052631578947368,21641.0,1,1,Indian,IHS,13,TT,1,341336