
0,0.0,0.9590163934426229,15360.0,1,1,Dermatology,IHS,13,TT,1,343488
1,0.0,0.9590163934426229,14078.0,1,1,Dermatology,IHS,13,TT,1,343528
2,0.0,0.9508196721311475,15313.0,1,1,Dermatology,IHS,13,TT,1,343568
3,0.0,0.9508196721311475,14031.0,1,1,Dermatology,IHS,13,TT,1,343608
4,0.0,0.9590163934426229,15422.0,1,1,Dermatology,IHS,13,TT,1,343648
5,0.0,0.9836065573770492,15406.0,1,1,Dermatology,IHS,13,TT,1,343688
6,0.0,0.9672131147540983,15437.0,1,1,Dermatology,IHS,13,TT,1,343728
7,0.0,0.9836065573770492,14562.0,1,1,Dermatology,IHS,13,TT,1,343768
8,0.0,0.9754098360655737,15328.0,1,1,Dermatology,IHS,13,TT,1,343808
9,0.0,0.9590163934426229,14672.0,1,1,Dermatology,IHS,13,TT,1,343848
10,0.0,0.9754098360655737,14765.0,1,1,Dermatology,IHS,13,TT,1,343888
11,0.0,0.9426229508196722,14516.0,1,1,Dermatology,IHS,13,TT,1,343928
12,0.0,0.9672131147540983,15125.0,1,1,Dermatology,IHS,13,TT,1,343968
13,0.0,0.9590163934426229,13828.0,1,1,Dermatology,IHS,13,TT,1,344008
14,0.0,0.9836065573770492,13844.0,1,1,Dermatology,IHS,13,TT,1,344048
15,0.0,0.9754098360655737,14406.0,1,1,Dermatology,IHS,13,TT,1,344088
16,0.0,0.9754098360655737,14344.0,1,1,Dermatology,IHS,13,TT,1,344128
17,0.0,0.9754098360655737,14093.0,1,1,Dermatology,IHS,13,TT,1,344168
18,0.0,0.9508196721311475,14937.0,1,1,Dermatology,IHS,13,TT,1,344208
19,0.0,0.9590163934426229,14094.0,1,1,Dermatology,IHS,13,TT,1,344248
20,0.0,0.9836065573770492,14485.0,1,1,Dermatology,IHS,13,TT,1,344288
21,0.0,0.9590163934426229,15875.0,1,1,Dermatology,IHS,13,TT,1,344328
22,0.0,0.9754098360655737,14719.0,1,1,Dermatology,IHS,13,TT,1,344368
23,0.0,0.9508196721311475,16609.0,1,1,Dermatology,IHS,13,TT,1,344408
24,0.0,0.9508196721311475,17313.0,1,1,Dermatology,IHS,13,TT,1,344448
25,0.0,0.9754098360655737,15067.0,1,1,Dermatology,IHS,13,TT,1,344488
26,0.0,0.9590163934426229,15359.0,1,1,Dermatology,IHS,13,TT,1,344528
27,0.0,0.9754098360655737,14610.0,1,1,Dermatology,IHS,13,TT,1,344568
28,0.0,0.9508196721311475,14792.0,1,1,Dermatology,IHS,13,TT,1,344608
29,0.0,0.9836065573770492,15906.0,1,1,Dermatology,IHS,13,TT,1,344648
30,0.0,0.9590163934426229,15250.0,1,1,Dermatology,IHS,13,TT,1,344688
31,0.0,0.9754098360655737,19391.0,1,1,Dermatology,IHS,13,TT,1,341248
32,0.0,0.9672131147540983,19703.0,1,1,Dermatology,IHS,13,TT,1,341288
33,0.0,0.9672131147540983,17469.0,1,1,Dermatology,IHS,13,TT,1,341328