
0,0.0,0.9857142857142858,7125.0,1,1,Seeds,IHS,14,TT,1,334260
1,0.0,0.9571428571428572,7000.0,1,1,Seeds,IHS,14,TT,1,334261
2,0.0,0.9428571428571428,7125.0,1,1,Seeds,IHS,14,TT,1,334262
3,0.0,0.9714285714285714,7062.0,1,1,Seeds,IHS,14,TT,1,334263
4,0.0,0.9714285714285714,8356.0,1,1,Seeds,IHS,14,TT,1,334264
5,0.0,0.9714285714285714,7626.0,1,1,Seeds,IHS,14,TT,1,334265
6,0.0,0.9571428571428572,7093.0,1,1,Seeds,IHS,14,TT,1,334266
7,0.0,0.9857142857142858,7688.0,1,1,Seeds,IHS,14,TT,1,334267
8,0.0,0.9714285714285714,7078.0,1,1,Seeds,IHS,14,TT,1,334268
9,0.0,0.9571428571428572,7616.0,1,1,Seeds,IHS,14,TT,1,334269
10,0.0,0.9714285714285714,7141.0,1,1,Seeds,IHS,14,TT,1,334270
11,0.0,0.9714285714285714,7558.0,1,1,Seeds,IHS,14,TT,1,334271
12,0.0,0.9714285714285714,8064.0,1,1,Seeds,IHS,14,TT,1,334272
13,0.0,0.9285714285714286,7047.0,1,1,Seeds,IHS,14,TT,1,334273
14,0.0,0.9571428571428572,7616.0,1,1,Seeds,IHS,14,TT,1,334274
15,0.0,0.9571428571428572,7574.0,1,1,Seeds,IHS,14,TT,1,334275
16,0.0,0.9714285714285714,7000.0,1,1,Seeds,IHS,14,TT,1,334276
17,0.0,0.9571428571428572,7553.0,1,1,Seeds,IHS,14,TT,1,334277
18,0.0,0.9571428571428572,7094.0,1,1,Seeds,IHS,14,TT,1,334278
19,0.0,0.9571428571428572,8077.0,1,1,Seeds,IHS,14,TT,1,334279
20,0.0,0.9714285714285714,7639.0,1,1,Seeds,IHS,14,TT,1,334280
21,0.0,0.9571428571428572,7589.0,1,1,Seeds,IHS,14,TT,1,334281
22,0.0,0.9714285714285714,7140.0,1,1,Seeds,IHS,14,TT,1,334282
23,0.0,0.9857142857142858,7548.0,1,1,Seeds,IHS,14,TT,1,334283
24,0.0,0.9428571428571428,7031.0,1,1,Seeds,IHS,14,TT,1,334284
25,0.0,0.9571428571428572,8048.0,1,1,Seeds,IHS,14,TT,1,334285
26,0.0,0.9857142857142858,7636.0,1,1,Seeds,IHS,14,TT,1,334286
27,0.0,0.9714285714285714,7534.0,1,1,Seeds,IHS,14,TT,1,334287
28,0.0,0.9857142857142858,7078.0,1,1,Seeds,IHS,14,TT,1,334288
29,0.0,0.9714285714285714,7413.0,1,1,Seeds,IHS,14,TT,1,334289
30,0.0,0.9571428571428572,7281.0,1,1,Seeds,IHS,14,TT,1,345942
31,0.0,0.9714285714285714,8797.0,1,1,Seeds,IHS,14,TT,1,342622
32,0.0,0.9857142857142858,9562.0,1,1,Seeds,IHS,14,TT,1,342662
33,0.0,0.9571428571428572,8609.0,1,1,Seeds,IHS,14,TT,1,342702