
0,0.7098825641129004,0.8093849928787831,17063.0,1,1,Sensory,IHS,14,TT,1,334650
1,0.7025266807652,0.7985473130001525,16875.0,1,1,Sensory,IHS,14,TT,1,334651
2,0.6965533044745291,0.7899899628937975,18598.0,1,1,Sensory,IHS,14,TT,1,334652
3,0.6907459870544866,0.8480486574268004,16828.0,1,1,Sensory,IHS,14,TT,1,334653
4,0.6907203694607024,0.8026806112444433,17406.0,1,1,Sensory,IHS,14,TT,1,334654
5,0.6974358873575914,0.8035363969678735,17015.0,1,1,Sensory,IHS,14,TT,1,334655
6,0.6971846072836062,0.8031020723832464,17015.0,1,1,Sensory,IHS,14,TT,1,334656
7,0.6978820961137052,0.7943639926264511,17233.0,1,1,Sensory,IHS,14,TT,1,334657
8,0.7073406944895307,0.7944874451345194,17046.0,1,1,Sensory,IHS,14,TT,1,334658
9,0.7139114312222605,0.8525639283172741,17140.0,1,1,Sensory,IHS,14,TT,1,334659
10,0.7034928223624716,0.7970294885706354,17141.0,1,1,Sensory,IHS,14,TT,1,334660
11,0.6983062457724074,0.7857085829158228,17078.0,1,1,Sensory,IHS,14,TT,1,334661
12,0.6929984868836401,0.8014641461912642,17478.0,1,1,Sensory,IHS,14,TT,1,334662
13,0.6937710690862454,0.7894789389234864,17031.0,1,1,Sensory,IHS,14,TT,1,334663
14,0.6990359084536407,0.8210578171943939,17001.0,1,1,Sensory,IHS,14,TT,1,334664
15,0.7004314736539737,0.8002788005285839,17294.0,1,1,Sensory,IHS,14,TT,1,334665
16,0.6980682708877299,0.7964336989807973,17365.0,1,1,Sensory,IHS,14,TT,1,334666
17,0.692215127112187,0.7893067109140481,17094.0,1,1,Sensory,IHS,14,TT,1,334667
18,0.6844372345078411,0.7492255998442084,16875.0,1,1,Sensory,IHS,14,TT,1,334668
19,0.6884870774330096,0.7906290715175124,18574.0,1,1,Sensory,IHS,14,TT,1,334669
20,0.6982614458367552,0.832512018362251,16860.0,1,1,Sensory,IHS,14,TT,1,334670
21,0.6994087934250397,0.8162662610525058,17234.0,1,1,Sensory,IHS,14,TT,1,334671
22,0.7037825064233364,0.7778910740163982,17000.0,1,1,Sensory,IHS,14,TT,1,334672
23,0.7034212614393478,0.7787500461224738,17047.0,1,1,Sensory,IHS,14,TT,1,334673
24,0.6977188197770204,0.7859757450630769,17140.0,1,1,Sensory,IHS,14,TT,1,334674
25,0.6956782107193556,0.8065254223676875,17272.0,1,1,Sensory,IHS,14,TT,1,334675
26,0.7027952663673332,0.7898281452903677,17141.0,1,1,Sensory,IHS,14,TT,1,334676
27,0.7048816220502465,0.8065410744986933,17094.0,1,1,Sensory,IHS,14,TT,1,334677
28,0.679784873599514,0.8146385101197197,17125.0,1,1,Sensory,IHS,14,TT,1,334678
29,0.6892409275660546,0.7869009181141192,17156.0,1,1,Sensory,IHS,14,TT,1,334679
30,0.697714679872439,0.781929677137222,22797.0,1,1,Sensory,IHS,14,TT,1,345955
31,0.6989969950859255,0.8331969105386294,17828.0,1,1,Sensory,IHS,14,TT,1,342635
32,0.687283562891452,0.7857442219654688,18906.0,1,1,Sensory,IHS,14,TT,1,342675
33,0.6925967959234085,0.7957145579842113,20047.0,1,1,Sensory,IHS,14,TT,1,342715