
0,0.03482786228983187,0.9173813607775871,671961.0,1,1,Pen,IHS,14,TT,1,334380
1,0.03763010408326661,0.9242424242424242,637951.0,1,1,Pen,IHS,14,TT,1,334381
2,0.03416066186282359,0.9311034877072613,652392.0,1,1,Pen,IHS,14,TT,1,334382
3,0.03829730451027489,0.9385363064608347,638405.0,1,1,Pen,IHS,14,TT,1,334383
4,0.035094742460635174,0.9342481417953116,652991.0,1,1,Pen,IHS,14,TT,1,334384
5,0.03776354416866827,0.9193825042881647,651983.0,1,1,Pen,IHS,14,TT,1,334385
6,0.03376034160661863,0.9293882218410521,646886.0,1,1,Pen,IHS,14,TT,1,334386
7,0.03829730451027489,0.9228130360205832,646970.0,1,1,Pen,IHS,14,TT,1,334387
8,0.034560982119028555,0.9251000571755289,646654.0,1,1,Pen,IHS,14,TT,1,334388
9,0.03616226314384841,0.9259576901086335,649010.0,1,1,Pen,IHS,14,TT,1,334389
10,0.03616226314384841,0.9305317324185248,649917.0,1,1,Pen,IHS,14,TT,1,334390
11,0.03763010408326661,0.906232132647227,647541.0,1,1,Pen,IHS,14,TT,1,334391
12,0.03349346143581532,0.9251000571755289,648725.0,1,1,Pen,IHS,14,TT,1,334392
13,0.03482786228983187,0.9365351629502573,647060.0,1,1,Pen,IHS,14,TT,1,334393
14,0.03789698425406992,0.9128073184676958,646874.0,1,1,Pen,IHS,14,TT,1,334394
15,0.03549506271684014,0.9302458547741567,644609.0,1,1,Pen,IHS,14,TT,1,334395
16,0.03816386442487323,0.9342481417953116,649439.0,1,1,Pen,IHS,14,TT,1,334396
17,0.037096343741659994,0.9030874785591767,648158.0,1,1,Pen,IHS,14,TT,1,334397
18,0.03722978382706165,0.9325328759291024,543451.0,1,1,Pen,IHS,14,TT,1,334398
19,0.03642914331465172,0.9133790737564322,498811.0,1,1,Pen,IHS,14,TT,1,334399
20,0.033093141179610354,0.9376786735277302,652301.0,1,1,Pen,IHS,14,TT,1,334400
21,0.03669602348545503,0.9205260148656376,652125.0,1,1,Pen,IHS,14,TT,1,334401
22,0.032025620496397116,0.9322469982847341,651686.0,1,1,Pen,IHS,14,TT,1,334402
23,0.03562850280224179,0.9199542595769011,665194.0,1,1,Pen,IHS,14,TT,1,334403
24,0.03736322391246331,0.9139508290451687,578035.0,1,1,Pen,IHS,14,TT,1,334404
25,0.03696290365625834,0.9299599771297884,578367.0,1,1,Pen,IHS,14,TT,1,334405
26,0.03776354416866827,0.9273870783304745,518326.0,1,1,Pen,IHS,14,TT,1,334406
27,0.03482786228983187,0.9179531160663236,517887.0,1,1,Pen,IHS,14,TT,1,334407
28,0.03949826527888978,0.9193825042881647,576318.0,1,1,Pen,IHS,14,TT,1,334408
29,0.03496130237523352,0.9165237278444825,517376.0,1,1,Pen,IHS,14,TT,1,334409
30,0.03429410194822525,0.9311034877072613,641078.0,1,1,Pen,IHS,14,TT,1,345946
33,0.0358953829730451,0.923956546598056,599798.0,1,1,Pen,IHS,14,TT,1,342706
31,0.036028823058446756,0.9285305889079474,766438.0,1,1,Pen,IHS,14,TT,1,342626
32,0.033093141179610354,0.9282447112635792,829715.0,1,1,Pen,IHS,14,TT,1,342666