
0,0.0,0.8709677419354839,4656.0,1,1,Zoo,IHS,14,TT,1,334530
1,0.0,0.8709677419354839,5544.0,1,1,Zoo,IHS,14,TT,1,334531
2,0.0,0.935483870967742,5272.0,1,1,Zoo,IHS,14,TT,1,334532
3,0.0,0.935483870967742,4641.0,1,1,Zoo,IHS,14,TT,1,334533
4,0.0,0.8709677419354839,5016.0,1,1,Zoo,IHS,14,TT,1,334534
5,0.0,0.935483870967742,5015.0,1,1,Zoo,IHS,14,TT,1,334535
6,0.0,0.8709677419354839,4578.0,1,1,Zoo,IHS,14,TT,1,334536
7,0.0,0.9032258064516129,4594.0,1,1,Zoo,IHS,14,TT,1,334537
8,0.0,0.9032258064516129,4688.0,1,1,Zoo,IHS,14,TT,1,334538
9,0.0,0.8387096774193549,4672.0,1,1,Zoo,IHS,14,TT,1,334539
10,0.0,0.8387096774193549,4641.0,1,1,Zoo,IHS,14,TT,1,334540
11,0.0,0.9032258064516129,4641.0,1,1,Zoo,IHS,14,TT,1,334541
12,0.0,0.8709677419354839,4641.0,1,1,Zoo,IHS,14,TT,1,334542
13,0.0,0.8709677419354839,4641.0,1,1,Zoo,IHS,14,TT,1,334543
14,0.0,0.8709677419354839,5237.0,1,1,Zoo,IHS,14,TT,1,334544
15,0.0,0.9032258064516129,5598.0,1,1,Zoo,IHS,14,TT,1,334545
16,0.0,0.8387096774193549,5186.0,1,1,Zoo,IHS,14,TT,1,334546
17,0.0,0.8709677419354839,5094.0,1,1,Zoo,IHS,14,TT,1,334547
18,0.0,0.8387096774193549,5047.0,1,1,Zoo,IHS,14,TT,1,334548
19,0.0,0.8709677419354839,4578.0,1,1,Zoo,IHS,14,TT,1,334549
20,0.0,0.935483870967742,4625.0,1,1,Zoo,IHS,14,TT,1,334550
21,0.0,0.9032258064516129,4641.0,1,1,Zoo,IHS,14,TT,1,334551
22,0.0,0.8709677419354839,4735.0,1,1,Zoo,IHS,14,TT,1,334552
23,0.0,0.8387096774193549,4641.0,1,1,Zoo,IHS,14,TT,1,334553
24,0.0,0.8709677419354839,4688.0,1,1,Zoo,IHS,14,TT,1,334554
25,0.0,0.8709677419354839,4672.0,1,1,Zoo,IHS,14,TT,1,334555
26,0.0,0.935483870967742,4641.0,1,1,Zoo,IHS,14,TT,1,334556
27,0.0,0.8064516129032258,5212.0,1,1,Zoo,IHS,14,TT,1,334557
28,0.0,0.9032258064516129,5248.0,1,1,Zoo,IHS,14,TT,1,334558
29,0.0,0.8709677419354839,5610.0,1,1,Zoo,IHS,14,TT,1,334559
30,0.0,0.8064516129032258,5484.0,1,1,Zoo,IHS,14,TT,1,345951
31,0.0,0.9032258064516129,5141.0,1,1,Zoo,IHS,14,TT,1,342631
32,0.0,0.9032258064516129,6703.0,1,1,Zoo,IHS,14,TT,1,342671
33,0.0,0.9032258064516129,6610.0,1,1,Zoo,IHS,14,TT,1,342711