
0,2.816058761580691,4.2126630323017755,15688.0,1,1,Housing,IHS,14,TT,1,334740
1,2.770751372855042,4.1339812682107,15469.0,1,1,Housing,IHS,14,TT,1,334741
2,2.7078485299054686,3.9078061134998077,15607.0,1,1,Housing,IHS,14,TT,1,334742
3,2.7596928496283586,3.9071559646440837,15328.0,1,1,Housing,IHS,14,TT,1,334743
5,2.794024915454067,4.32566439923028,15794.0,1,1,Housing,IHS,14,TT,1,334745
6,2.804985598612173,3.96686951600582,15359.0,1,1,Housing,IHS,14,TT,1,334746
7,2.685354649026871,3.8906331437201565,15453.0,1,1,Housing,IHS,14,TT,1,334747
8,2.8325008087438035,4.048581386745829,15671.0,1,1,Housing,IHS,14,TT,1,334748
9,2.6427738840579074,3.6365342081675567,15282.0,1,1,Housing,IHS,14,TT,1,334749
10,2.737041526559045,3.924486392300319,15391.0,1,1,Housing,IHS,14,TT,1,334750
11,2.789787242978902,4.865401695554222,15453.0,1,1,Housing,IHS,14,TT,1,334751
12,2.8129784744523145,3.677151291486018,15485.0,1,1,Housing,IHS,14,TT,1,334752
13,2.728498016651016,4.475280755079498,15437.0,1,1,Housing,IHS,14,TT,1,334753
14,2.7450052335618627,3.520308101195165,15437.0,1,1,Housing,IHS,14,TT,1,334754
15,2.6843319688243827,3.8670606158660052,16140.0,1,1,Housing,IHS,14,TT,1,334755
16,2.7362402238359866,3.7904305467579107,15453.0,1,1,Housing,IHS,14,TT,1,334756
17,2.752013251486389,3.993426765489058,15488.0,1,1,Housing,IHS,14,TT,1,334757
18,2.750088830236265,3.75524216884636,15810.0,1,1,Housing,IHS,14,TT,1,334758
19,2.795970467096078,3.794109105786876,15770.0,1,1,Housing,IHS,14,TT,1,334759
20,2.779216840594485,4.286988967160994,15701.0,1,1,Housing,IHS,14,TT,1,334760
21,2.767318096401919,4.587313892453932,15516.0,1,1,Housing,IHS,14,TT,1,334761
22,2.803225395363286,4.614074168908962,15614.0,1,1,Housing,IHS,14,TT,1,334762
23,2.6737545913189287,4.372902772143543,15638.0,1,1,Housing,IHS,14,TT,1,334763
24,2.7300236170950196,3.6958512864566138,15753.0,1,1,Housing,IHS,14,TT,1,334764
25,2.749046633649086,4.738177872967336,15344.0,1,1,Housing,IHS,14,TT,1,334765
26,2.721397522177764,4.319227099603165,15360.0,1,1,Housing,IHS,14,TT,1,334766
27,2.7089898742885548,4.289448516498784,15266.0,1,1,Housing,IHS,14,TT,1,334767
28,2.7553447982918366,4.328475057366226,15734.0,1,1,Housing,IHS,14,TT,1,334768
29,2.7906724306391393,3.6988380333633932,15453.0,1,1,Housing,IHS,14,TT,1,334769
4,2.8424413572855722,4.962136900699092,15078.0,1,1,Housing,IHS,14,TT,1,344918
30,2.7963355817378974,4.369341013903836,16734.0,1,1,Housing,IHS,14,TT,1,345958
31,2.7301437115965,3.9663267580752612,20812.0,1,1,Housing,IHS,14,TT,1,342638
32,2.7299977979934638,4.569147332796713,21000.0,1,1,Housing,IHS,14,TT,1,342678
33,2.7762859520760883,4.77418696135978,20218.0,1,1,Housing,IHS,14,TT,1,342718