
0,0.16692778390721,1.1628687304176355,5438.0,1,1,Servo,IHS,14,TT,1,334680
1,0.16732754565671765,1.1105599343882429,5541.0,1,1,Servo,IHS,14,TT,1,334681
2,0.16727264566522135,1.0927966771788153,5529.0,1,1,Servo,IHS,14,TT,1,334682
3,0.16271956179565575,1.0282206888868297,5541.0,1,1,Servo,IHS,14,TT,1,334683
4,0.1661278651516155,1.1694064446443062,5422.0,1,1,Servo,IHS,14,TT,1,334684
5,0.16411972969831265,1.0301815802475551,5554.0,1,1,Servo,IHS,14,TT,1,334685
6,0.15915631449756068,1.1096355804326945,5527.0,1,1,Servo,IHS,14,TT,1,334686
7,0.169303219365027,1.1956626456037682,5573.0,1,1,Servo,IHS,14,TT,1,334687
8,0.16005732031131112,1.0466396991066598,5453.0,1,1,Servo,IHS,14,TT,1,334688
9,0.16256444245581192,1.2346817842312128,5360.0,1,1,Servo,IHS,14,TT,1,334689
10,0.1672208424314598,1.09770602994032,5422.0,1,1,Servo,IHS,14,TT,1,334690
11,0.16925995276807587,1.132980925916243,5557.0,1,1,Servo,IHS,14,TT,1,334691
12,0.1591907296671716,1.1123822305270616,5546.0,1,1,Servo,IHS,14,TT,1,334692
13,0.17133637266853738,1.174562989741804,5559.0,1,1,Servo,IHS,14,TT,1,334693
14,0.1683836365073938,1.1821234891712484,5360.0,1,1,Servo,IHS,14,TT,1,334694
15,0.1678379862519506,1.2621471970416491,5912.0,1,1,Servo,IHS,14,TT,1,334695
16,0.163306445900648,1.1244065722181458,5375.0,1,1,Servo,IHS,14,TT,1,334696
17,0.17036017318385901,1.0914260701604894,5516.0,1,1,Servo,IHS,14,TT,1,334697
18,0.1661570061353652,1.0372998652919396,5391.0,1,1,Servo,IHS,14,TT,1,334698
19,0.17003244450961513,1.0431650256401344,5375.0,1,1,Servo,IHS,14,TT,1,334699
20,0.16870100013250672,1.179273915357417,5438.0,1,1,Servo,IHS,14,TT,1,334700
21,0.16645017760577954,1.2258612449795665,5454.0,1,1,Servo,IHS,14,TT,1,334701
22,0.16214256486302148,1.1412741655663228,5481.0,1,1,Servo,IHS,14,TT,1,334702
23,0.1647298253461384,1.2198521746142497,5422.0,1,1,Servo,IHS,14,TT,1,334703
24,0.16220024432384733,1.163873842138764,5422.0,1,1,Servo,IHS,14,TT,1,334704
25,0.16848155026662254,1.0596683401682134,5438.0,1,1,Servo,IHS,14,TT,1,334705
26,0.17009691827205972,1.0471099093579272,5437.0,1,1,Servo,IHS,14,TT,1,334706
27,0.1655540933020653,1.0758367625287173,5541.0,1,1,Servo,IHS,14,TT,1,334707
28,0.16391248694308833,1.1099531169601446,5469.0,1,1,Servo,IHS,14,TT,1,334708
29,0.16630034201782334,1.0799742364883165,5495.0,1,1,Servo,IHS,14,TT,1,334709
30,0.16950985398522803,1.0356772208887564,5953.0,1,1,Servo,IHS,14,TT,1,345956
31,0.16372391915268375,1.441279193862713,7625.0,1,1,Servo,IHS,14,TT,1,342636
32,0.1693245260239174,1.2076332865055308,7531.0,1,1,Servo,IHS,14,TT,1,342676
33,0.15970091880924409,1.1536668971195574,7500.0,1,1,Servo,IHS,14,TT,1,342716