
0,0.0,0.95,6912.0,1,1,Wine,IHS,14,TT,1,334500
1,0.0,1.0,6672.0,1,1,Wine,IHS,14,TT,1,334501
2,0.0,0.95,6914.0,1,1,Wine,IHS,14,TT,1,334502
3,0.0,0.95,6828.0,1,1,Wine,IHS,14,TT,1,334503
4,0.0,0.9666666666666667,6406.0,1,1,Wine,IHS,14,TT,1,334504
5,0.0,0.95,6940.0,1,1,Wine,IHS,14,TT,1,334505
6,0.0,0.9333333333333333,6703.0,1,1,Wine,IHS,14,TT,1,334506
7,0.0,0.95,6375.0,1,1,Wine,IHS,14,TT,1,334507
8,0.0,0.9666666666666667,7022.0,1,1,Wine,IHS,14,TT,1,334508
9,0.0,0.9666666666666667,6797.0,1,1,Wine,IHS,14,TT,1,334509
10,0.0,1.0,6281.0,1,1,Wine,IHS,14,TT,1,334510
11,0.0,0.9666666666666667,6328.0,1,1,Wine,IHS,14,TT,1,334511
12,0.0,0.95,6940.0,1,1,Wine,IHS,14,TT,1,334512
13,0.0,0.9833333333333333,6313.0,1,1,Wine,IHS,14,TT,1,334513
14,0.0,0.9666666666666667,6656.0,1,1,Wine,IHS,14,TT,1,334514
15,0.0,0.9666666666666667,6625.0,1,1,Wine,IHS,14,TT,1,334515
16,0.0,0.95,6313.0,1,1,Wine,IHS,14,TT,1,334516
17,0.0,0.9666666666666667,6250.0,1,1,Wine,IHS,14,TT,1,334517
18,0.0,0.9666666666666667,6297.0,1,1,Wine,IHS,14,TT,1,334518
19,0.0,0.95,6876.0,1,1,Wine,IHS,14,TT,1,334519
20,0.0,1.0,6250.0,1,1,Wine,IHS,14,TT,1,334520
21,0.0,0.9666666666666667,6750.0,1,1,Wine,IHS,14,TT,1,334521
22,0.0,0.9333333333333333,6766.0,1,1,Wine,IHS,14,TT,1,334522
23,0.0,1.0,6234.0,1,1,Wine,IHS,14,TT,1,334523
24,0.0,1.0,6235.0,1,1,Wine,IHS,14,TT,1,334524
25,0.0,0.9833333333333333,6265.0,1,1,Wine,IHS,14,TT,1,334525
26,0.0,0.95,6281.0,1,1,Wine,IHS,14,TT,1,334526
27,0.0,0.9833333333333333,6235.0,1,1,Wine,IHS,14,TT,1,334527
28,0.0,1.0,6266.0,1,1,Wine,IHS,14,TT,1,334528
29,0.0,0.9833333333333333,6873.0,1,1,Wine,IHS,14,TT,1,334529
30,0.0,0.95,7406.0,1,1,Wine,IHS,14,TT,1,345950
31,0.0,0.9666666666666667,8938.0,1,1,Wine,IHS,14,TT,1,342630
32,0.0,0.9833333333333333,9109.0,1,1,Wine,IHS,14,TT,1,342670
33,0.0,0.9666666666666667,8234.0,1,1,Wine,IHS,14,TT,1,342710