
0,0.010554089709762533,0.9578947368421052,20865.0,1,1,Wdbc,IHS,14,TT,1,334440
1,0.010554089709762533,0.968421052631579,19547.0,1,1,Wdbc,IHS,14,TT,1,334441
2,0.010554089709762533,0.9842105263157894,19016.0,1,1,Wdbc,IHS,14,TT,1,334442
3,0.010554089709762533,0.968421052631579,19110.0,1,1,Wdbc,IHS,14,TT,1,334443
4,0.010554089709762533,0.9578947368421052,19992.0,1,1,Wdbc,IHS,14,TT,1,334444
5,0.010554089709762533,0.9578947368421052,19656.0,1,1,Wdbc,IHS,14,TT,1,334445
6,0.010554089709762533,0.9578947368421052,20871.0,1,1,Wdbc,IHS,14,TT,1,334446
7,0.0079155672823219,0.9473684210526316,18828.0,1,1,Wdbc,IHS,14,TT,1,334447
8,0.010554089709762533,0.968421052631579,19625.0,1,1,Wdbc,IHS,14,TT,1,334448
9,0.010554089709762533,0.9631578947368421,20108.0,1,1,Wdbc,IHS,14,TT,1,334449
10,0.0079155672823219,0.9578947368421052,19031.0,1,1,Wdbc,IHS,14,TT,1,334450
11,0.010554089709762533,0.968421052631579,19079.0,1,1,Wdbc,IHS,14,TT,1,334451
12,0.010554089709762533,0.968421052631579,19923.0,1,1,Wdbc,IHS,14,TT,1,334452
13,0.010554089709762533,0.9526315789473684,19781.0,1,1,Wdbc,IHS,14,TT,1,334453
14,0.010554089709762533,0.9578947368421052,18890.0,1,1,Wdbc,IHS,14,TT,1,334454
15,0.010554089709762533,0.9578947368421052,20850.0,1,1,Wdbc,IHS,14,TT,1,334455
16,0.010554089709762533,0.9736842105263158,19687.0,1,1,Wdbc,IHS,14,TT,1,334456
17,0.010554089709762533,0.9473684210526316,20149.0,1,1,Wdbc,IHS,14,TT,1,334457
18,0.010554089709762533,0.9631578947368421,19047.0,1,1,Wdbc,IHS,14,TT,1,334458
19,0.010554089709762533,0.9631578947368421,19156.0,1,1,Wdbc,IHS,14,TT,1,334459
20,0.010554089709762533,0.968421052631579,19926.0,1,1,Wdbc,IHS,14,TT,1,334460
21,0.010554089709762533,0.9631578947368421,19640.0,1,1,Wdbc,IHS,14,TT,1,334461
22,0.010554089709762533,0.9631578947368421,18922.0,1,1,Wdbc,IHS,14,TT,1,334462
23,0.010554089709762533,0.9578947368421052,19546.0,1,1,Wdbc,IHS,14,TT,1,334463
24,0.010554089709762533,0.9789473684210527,20676.0,1,1,Wdbc,IHS,14,TT,1,334464
25,0.010554089709762533,0.9736842105263158,20058.0,1,1,Wdbc,IHS,14,TT,1,334465
26,0.010554089709762533,0.9578947368421052,19141.0,1,1,Wdbc,IHS,14,TT,1,334466
27,0.0079155672823219,0.9789473684210527,19125.0,1,1,Wdbc,IHS,14,TT,1,334467
28,0.010554089709762533,0.9631578947368421,19925.0,1,1,Wdbc,IHS,14,TT,1,334468
29,0.010554089709762533,0.9631578947368421,19797.0,1,1,Wdbc,IHS,14,TT,1,334469
30,0.010554089709762533,0.968421052631579,20484.0,1,1,Wdbc,IHS,14,TT,1,345948
31,0.010554089709762533,0.968421052631579,31997.0,1,1,Wdbc,IHS,14,TT,1,342628
32,0.010554089709762533,0.9578947368421052,22656.0,1,1,Wdbc,IHS,14,TT,1,342668
33,0.010554089709762533,0.9526315789473684,24407.0,1,1,Wdbc,IHS,14,TT,1,342708