
0,0.5620631114895973,2.0956010870838226,9313.0,1,1,BodyFat,IHS,1,TT,1,328639
1,0.5919667247999919,1.1167919971046114,9235.0,1,1,BodyFat,IHS,1,TT,1,328679
2,0.5997673106566795,1.1487815291708918,9328.0,1,1,BodyFat,IHS,1,TT,1,328719
3,0.5975261425104007,1.163501679792029,8640.0,1,1,BodyFat,IHS,1,TT,1,328759
4,0.5815011063357702,1.7968081274856043,10172.0,1,1,BodyFat,IHS,1,TT,1,328799
5,0.595544770503459,1.9731532888620862,10422.0,1,1,BodyFat,IHS,1,TT,1,328839
6,0.603232863194403,1.0033459276872938,8657.0,1,1,BodyFat,IHS,1,TT,1,328879
7,0.587769932060488,1.1889228625322943,8468.0,1,1,BodyFat,IHS,1,TT,1,328919
8,0.6037023292858635,1.3195799671463224,8469.0,1,1,BodyFat,IHS,1,TT,1,328959
9,0.5957473520589023,1.4989057935146382,9063.0,1,1,BodyFat,IHS,1,TT,1,328999
10,0.603615077022573,1.2824901896125989,8960.0,1,1,BodyFat,IHS,1,TT,1,329039
11,0.59034840414903,1.1009345028244628,8906.0,1,1,BodyFat,IHS,1,TT,1,329079
12,0.5969516227737408,1.187810107268539,8656.0,1,1,BodyFat,IHS,1,TT,1,329119
13,0.575807763531864,1.8375678095821146,8984.0,1,1,BodyFat,IHS,1,TT,1,329159
14,0.5813148298575158,1.2175563473667255,9360.0,1,1,BodyFat,IHS,1,TT,1,329199
15,0.6230297657169579,1.5075220852164288,9390.0,1,1,BodyFat,IHS,1,TT,1,329239
16,0.5669076130019615,1.1136454628032895,9016.0,1,1,BodyFat,IHS,1,TT,1,329279
17,0.5926789744219148,0.8988711759884592,8782.0,1,1,BodyFat,IHS,1,TT,1,329319
18,0.6016916407489461,1.5451413384116082,8406.0,1,1,BodyFat,IHS,1,TT,1,329359
19,0.5915057512472247,1.036861772672503,10172.0,1,1,BodyFat,IHS,1,TT,1,329399
20,0.6035350506343747,2.769182649872888,9110.0,1,1,BodyFat,IHS,1,TT,1,329439
21,0.5934445837607111,0.9888210125188438,8859.0,1,1,BodyFat,IHS,1,TT,1,329479
22,0.6053822332520182,1.0557163745393496,8891.0,1,1,BodyFat,IHS,1,TT,1,329519
23,0.6120121151423729,1.1513446715905922,9000.0,1,1,BodyFat,IHS,1,TT,1,329559
24,0.5962504239014029,1.1845167962808554,9172.0,1,1,BodyFat,IHS,1,TT,1,329599
25,0.6198216451694412,1.1010975470221434,9063.0,1,1,BodyFat,IHS,1,TT,1,329639
26,0.5902817945710639,1.2300433456994326,9188.0,1,1,BodyFat,IHS,1,TT,1,329679
27,0.6089266662350004,1.9097080285403816,8062.0,1,1,BodyFat,IHS,1,TT,1,329719
28,0.549215250402172,1.3410130258539945,9062.0,1,1,BodyFat,IHS,1,TT,1,329759
29,0.617126689974827,1.3758691235966993,10750.0,1,1,BodyFat,IHS,1,TT,1,329799
30,0.5818496527423163,1.7903945128856966,9437.0,1,1,BodyFat,IHS,1,TT,1,329839
31,0.5970356656717037,1.2203581791152063,11907.0,1,1,BodyFat,IHS,1,TT,1,324959
32,0.6214621285439077,0.9052950909787473,10453.0,1,1,BodyFat,IHS,1,TT,1,324999
33,0.5989652216103842,1.7198577238863233,10797.0,1,1,BodyFat,IHS,1,TT,1,325039