
0,0.0,1.0,43063.0,1,1,Banknote,IHS,1,TT,1,328601
1,0.0,0.9977777777777778,36250.0,1,1,Banknote,IHS,1,TT,1,328641
2,0.0,1.0,38938.0,1,1,Banknote,IHS,1,TT,1,328681
3,0.0,1.0,38500.0,1,1,Banknote,IHS,1,TT,1,328721
4,0.0,1.0,38562.0,1,1,Banknote,IHS,1,TT,1,328761
5,0.0,1.0,35922.0,1,1,Banknote,IHS,1,TT,1,328801
6,0.0,1.0,36484.0,1,1,Banknote,IHS,1,TT,1,328841
7,0.0,1.0,35625.0,1,1,Banknote,IHS,1,TT,1,328881
8,0.0,1.0,39656.0,1,1,Banknote,IHS,1,TT,1,328921
9,0.0,1.0,38109.0,1,1,Banknote,IHS,1,TT,1,328961
10,0.0,1.0,38047.0,1,1,Banknote,IHS,1,TT,1,329001
11,0.0,1.0,37921.0,1,1,Banknote,IHS,1,TT,1,329041
12,0.0,1.0,39421.0,1,1,Banknote,IHS,1,TT,1,329081
13,0.0,1.0,39594.0,1,1,Banknote,IHS,1,TT,1,329121
14,0.0,1.0,38031.0,1,1,Banknote,IHS,1,TT,1,329161
15,0.0,0.9977777777777778,38203.0,1,1,Banknote,IHS,1,TT,1,329201
16,0.0,1.0,37344.0,1,1,Banknote,IHS,1,TT,1,329241
17,0.0,1.0,36031.0,1,1,Banknote,IHS,1,TT,1,329281
18,0.0,1.0,35797.0,1,1,Banknote,IHS,1,TT,1,329321
19,0.0,0.9977777777777778,37843.0,1,1,Banknote,IHS,1,TT,1,329361
20,0.0,0.9977777777777778,39046.0,1,1,Banknote,IHS,1,TT,1,329401
21,0.0,1.0,37672.0,1,1,Banknote,IHS,1,TT,1,329441
22,0.0,1.0,38079.0,1,1,Banknote,IHS,1,TT,1,329481
23,0.0,1.0,38562.0,1,1,Banknote,IHS,1,TT,1,329521
24,0.0,1.0,38312.0,1,1,Banknote,IHS,1,TT,1,329561
25,0.0,1.0,38437.0,1,1,Banknote,IHS,1,TT,1,329601
26,0.0,1.0,38390.0,1,1,Banknote,IHS,1,TT,1,329641
27,0.0,1.0,34641.0,1,1,Banknote,IHS,1,TT,1,329681
28,0.0,1.0,39813.0,1,1,Banknote,IHS,1,TT,1,329721
29,0.0,1.0,35578.0,1,1,Banknote,IHS,1,TT,1,329761
30,0.0,1.0,41203.0,1,1,Banknote,IHS,1,TT,1,329801
31,0.0,1.0,48843.0,1,1,Banknote,IHS,1,TT,1,324921
32,0.0,1.0,45859.0,1,1,Banknote,IHS,1,TT,1,324961
33,0.0,0.9977777777777778,45969.0,1,1,Banknote,IHS,1,TT,1,325001