
0,0.0,0.9918032786885246,18250.0,1,1,Dermatology,IHS,1,TT,1,328608
1,0.0,0.9754098360655737,15031.0,1,1,Dermatology,IHS,1,TT,1,328648
2,0.0,0.9672131147540983,14671.0,1,1,Dermatology,IHS,1,TT,1,328688
3,0.0,0.9754098360655737,14969.0,1,1,Dermatology,IHS,1,TT,1,328728
4,0.0,0.9672131147540983,13594.0,1,1,Dermatology,IHS,1,TT,1,328768
5,0.0,0.9754098360655737,13172.0,1,1,Dermatology,IHS,1,TT,1,328808
6,0.0,0.9590163934426229,14375.0,1,1,Dermatology,IHS,1,TT,1,328848
7,0.0,0.9590163934426229,14156.0,1,1,Dermatology,IHS,1,TT,1,328888
8,0.0,0.9754098360655737,13735.0,1,1,Dermatology,IHS,1,TT,1,328928
9,0.0,0.9672131147540983,14078.0,1,1,Dermatology,IHS,1,TT,1,328968
10,0.0,0.9672131147540983,15875.0,1,1,Dermatology,IHS,1,TT,1,329008
11,0.0,0.9508196721311475,17796.0,1,1,Dermatology,IHS,1,TT,1,329048
12,0.0,0.9754098360655737,13844.0,1,1,Dermatology,IHS,1,TT,1,329088
13,0.0,0.9754098360655737,14860.0,1,1,Dermatology,IHS,1,TT,1,329128
14,0.0,0.9836065573770492,16484.0,1,1,Dermatology,IHS,1,TT,1,329168
15,0.0,0.9672131147540983,14843.0,1,1,Dermatology,IHS,1,TT,1,329208
16,0.0,0.9754098360655737,15191.0,1,1,Dermatology,IHS,1,TT,1,329248
17,0.0,0.9590163934426229,14578.0,1,1,Dermatology,IHS,1,TT,1,329288
18,0.0,0.9590163934426229,13672.0,1,1,Dermatology,IHS,1,TT,1,329328
19,0.0,0.9754098360655737,13609.0,1,1,Dermatology,IHS,1,TT,1,329368
20,0.0,0.9836065573770492,14359.0,1,1,Dermatology,IHS,1,TT,1,329408
21,0.0,0.9836065573770492,15703.0,1,1,Dermatology,IHS,1,TT,1,329448
22,0.0,0.9672131147540983,12844.0,1,1,Dermatology,IHS,1,TT,1,329488
23,0.0,0.9836065573770492,14374.0,1,1,Dermatology,IHS,1,TT,1,329528
24,0.0,0.9672131147540983,15781.0,1,1,Dermatology,IHS,1,TT,1,329568
25,0.0,0.9836065573770492,15578.0,1,1,Dermatology,IHS,1,TT,1,329608
26,0.0,0.9754098360655737,16781.0,1,1,Dermatology,IHS,1,TT,1,329648
27,0.0,0.9672131147540983,15124.0,1,1,Dermatology,IHS,1,TT,1,329688
28,0.0,0.9754098360655737,16766.0,1,1,Dermatology,IHS,1,TT,1,329728
29,0.0,0.9590163934426229,14219.0,1,1,Dermatology,IHS,1,TT,1,329768
30,0.0,0.9754098360655737,14172.0,1,1,Dermatology,IHS,1,TT,1,329808
31,0.0,0.9836065573770492,18719.0,1,1,Dermatology,IHS,1,TT,1,324928
32,0.0,0.9590163934426229,22890.0,1,1,Dermatology,IHS,1,TT,1,324968
33,0.0,0.9590163934426229,15266.0,1,1,Dermatology,IHS,1,TT,1,325008