
0,0.05803571428571429,0.875,10859.0,1,1,Ecoli,IHS,1,TT,1,328610
1,0.05803571428571429,0.8392857142857143,11953.0,1,1,Ecoli,IHS,1,TT,1,328650
2,0.05803571428571429,0.8303571428571428,11015.0,1,1,Ecoli,IHS,1,TT,1,328690
3,0.05803571428571429,0.875,11172.0,1,1,Ecoli,IHS,1,TT,1,328730
4,0.05803571428571429,0.8839285714285714,10125.0,1,1,Ecoli,IHS,1,TT,1,328770
5,0.05803571428571429,0.875,10671.0,1,1,Ecoli,IHS,1,TT,1,328810
6,0.05803571428571429,0.8660714285714286,12874.0,1,1,Ecoli,IHS,1,TT,1,328850
7,0.05803571428571429,0.8660714285714286,10391.0,1,1,Ecoli,IHS,1,TT,1,328890
8,0.05803571428571429,0.8392857142857143,12031.0,1,1,Ecoli,IHS,1,TT,1,328930
9,0.05803571428571429,0.8482142857142857,10157.0,1,1,Ecoli,IHS,1,TT,1,328970
10,0.05803571428571429,0.875,10797.0,1,1,Ecoli,IHS,1,TT,1,329010
11,0.05803571428571429,0.8482142857142857,10923.0,1,1,Ecoli,IHS,1,TT,1,329050
12,0.05803571428571429,0.8571428571428572,11078.0,1,1,Ecoli,IHS,1,TT,1,329090
13,0.05803571428571429,0.8571428571428572,10500.0,1,1,Ecoli,IHS,1,TT,1,329130
14,0.05803571428571429,0.8482142857142857,10828.0,1,1,Ecoli,IHS,1,TT,1,329170
15,0.05803571428571429,0.8482142857142857,10391.0,1,1,Ecoli,IHS,1,TT,1,329210
16,0.05803571428571429,0.8482142857142857,11046.0,1,1,Ecoli,IHS,1,TT,1,329250
17,0.05803571428571429,0.8660714285714286,10875.0,1,1,Ecoli,IHS,1,TT,1,329290
18,0.05803571428571429,0.8571428571428572,10546.0,1,1,Ecoli,IHS,1,TT,1,329330
19,0.05803571428571429,0.8482142857142857,12062.0,1,1,Ecoli,IHS,1,TT,1,329370
20,0.05803571428571429,0.8660714285714286,10969.0,1,1,Ecoli,IHS,1,TT,1,329410
21,0.05803571428571429,0.8571428571428572,11032.0,1,1,Ecoli,IHS,1,TT,1,329450
22,0.05803571428571429,0.8571428571428572,11326.0,1,1,Ecoli,IHS,1,TT,1,329490
23,0.05803571428571429,0.8660714285714286,10235.0,1,1,Ecoli,IHS,1,TT,1,329530
24,0.05803571428571429,0.8660714285714286,13719.0,1,1,Ecoli,IHS,1,TT,1,329570
25,0.05803571428571429,0.8571428571428572,10984.0,1,1,Ecoli,IHS,1,TT,1,329610
26,0.05803571428571429,0.875,9735.0,1,1,Ecoli,IHS,1,TT,1,329650
27,0.05803571428571429,0.8482142857142857,10907.0,1,1,Ecoli,IHS,1,TT,1,329690
28,0.05803571428571429,0.8660714285714286,12281.0,1,1,Ecoli,IHS,1,TT,1,329730
29,0.05803571428571429,0.875,11609.0,1,1,Ecoli,IHS,1,TT,1,329770
30,0.05803571428571429,0.8839285714285714,10765.0,1,1,Ecoli,IHS,1,TT,1,329810
31,0.05357142857142857,0.8482142857142857,13813.0,1,1,Ecoli,IHS,1,TT,1,324930
32,0.05803571428571429,0.8482142857142857,13844.0,1,1,Ecoli,IHS,1,TT,1,324970
33,0.05803571428571429,0.8571428571428572,14641.0,1,1,Ecoli,IHS,1,TT,1,325010