
0,0.011363636363636364,0.7272727272727273,4453.0,1,1,Hayes,IHS,1,TT,1,328614
1,0.022727272727272728,0.7272727272727273,4766.0,1,1,Hayes,IHS,1,TT,1,328654
2,0.011363636363636364,0.7045454545454546,4797.0,1,1,Hayes,IHS,1,TT,1,328694
3,0.022727272727272728,0.5909090909090908,4797.0,1,1,Hayes,IHS,1,TT,1,328734
4,0.011363636363636364,0.6136363636363636,4578.0,1,1,Hayes,IHS,1,TT,1,328774
5,0.011363636363636364,0.6818181818181819,4672.0,1,1,Hayes,IHS,1,TT,1,328814
6,0.011363636363636364,0.5454545454545454,4610.0,1,1,Hayes,IHS,1,TT,1,328854
7,0.022727272727272728,0.6818181818181819,4547.0,1,1,Hayes,IHS,1,TT,1,328894
8,0.011363636363636364,0.6818181818181819,4594.0,1,1,Hayes,IHS,1,TT,1,328934
9,0.022727272727272728,0.6818181818181819,4477.0,1,1,Hayes,IHS,1,TT,1,328974
10,0.022727272727272728,0.6818181818181819,4453.0,1,1,Hayes,IHS,1,TT,1,329014
11,0.022727272727272728,0.6818181818181819,5031.0,1,1,Hayes,IHS,1,TT,1,329054
12,0.022727272727272728,0.5454545454545454,4704.0,1,1,Hayes,IHS,1,TT,1,329094
13,0.011363636363636364,0.7045454545454546,4469.0,1,1,Hayes,IHS,1,TT,1,329134
14,0.011363636363636364,0.7045454545454546,4468.0,1,1,Hayes,IHS,1,TT,1,329174
15,0.022727272727272728,0.6136363636363636,5312.0,1,1,Hayes,IHS,1,TT,1,329214
16,0.022727272727272728,0.7045454545454546,4860.0,1,1,Hayes,IHS,1,TT,1,329254
17,0.022727272727272728,0.6363636363636364,4531.0,1,1,Hayes,IHS,1,TT,1,329294
18,0.022727272727272728,0.6818181818181819,4453.0,1,1,Hayes,IHS,1,TT,1,329334
19,0.022727272727272728,0.7272727272727273,4812.0,1,1,Hayes,IHS,1,TT,1,329374
20,0.022727272727272728,0.7045454545454546,4468.0,1,1,Hayes,IHS,1,TT,1,329414
21,0.022727272727272728,0.6136363636363636,4686.0,1,1,Hayes,IHS,1,TT,1,329454
22,0.022727272727272728,0.5681818181818181,5328.0,1,1,Hayes,IHS,1,TT,1,329494
23,0.022727272727272728,0.7045454545454546,4328.0,1,1,Hayes,IHS,1,TT,1,329534
24,0.022727272727272728,0.6818181818181819,5375.0,1,1,Hayes,IHS,1,TT,1,329574
25,0.022727272727272728,0.75,4875.0,1,1,Hayes,IHS,1,TT,1,329614
26,0.022727272727272728,0.6818181818181819,5094.0,1,1,Hayes,IHS,1,TT,1,329654
27,0.011363636363636364,0.6590909090909092,5157.0,1,1,Hayes,IHS,1,TT,1,329694
28,0.022727272727272728,0.5909090909090908,4641.0,1,1,Hayes,IHS,1,TT,1,329734
29,0.022727272727272728,0.7045454545454546,4781.0,1,1,Hayes,IHS,1,TT,1,329774
30,0.022727272727272728,0.7045454545454546,5579.0,1,1,Hayes,IHS,1,TT,1,329814
31,0.011363636363636364,0.75,5813.0,1,1,Hayes,IHS,1,TT,1,324934
32,0.022727272727272728,0.5909090909090908,6265.0,1,1,Hayes,IHS,1,TT,1,324974
33,0.022727272727272728,0.7045454545454546,6188.0,1,1,Hayes,IHS,1,TT,1,325014