
0,0.12608695652173912,0.7,14500.0,1,1,Leaf,IHS,1,TT,1,328618
1,0.13478260869565217,0.7272727272727273,13438.0,1,1,Leaf,IHS,1,TT,1,328658
2,0.1391304347826087,0.6636363636363636,16110.0,1,1,Leaf,IHS,1,TT,1,328698
3,0.12608695652173912,0.7272727272727273,14391.0,1,1,Leaf,IHS,1,TT,1,328738
4,0.13478260869565217,0.7090909090909091,17703.0,1,1,Leaf,IHS,1,TT,1,328778
5,0.1391304347826087,0.7181818181818183,14437.0,1,1,Leaf,IHS,1,TT,1,328818
6,0.13043478260869565,0.7181818181818183,14500.0,1,1,Leaf,IHS,1,TT,1,328858
7,0.13478260869565217,0.7,15219.0,1,1,Leaf,IHS,1,TT,1,328898
8,0.13478260869565217,0.7,16187.0,1,1,Leaf,IHS,1,TT,1,328938
9,0.13478260869565217,0.7090909090909091,15031.0,1,1,Leaf,IHS,1,TT,1,328978
10,0.13478260869565217,0.6818181818181819,14640.0,1,1,Leaf,IHS,1,TT,1,329018
11,0.12608695652173912,0.7090909090909091,16281.0,1,1,Leaf,IHS,1,TT,1,329058
12,0.13043478260869565,0.7181818181818183,14609.0,1,1,Leaf,IHS,1,TT,1,329098
13,0.12608695652173912,0.7454545454545455,13859.0,1,1,Leaf,IHS,1,TT,1,329138
14,0.1391304347826087,0.7181818181818183,13672.0,1,1,Leaf,IHS,1,TT,1,329178
15,0.13043478260869565,0.7,14703.0,1,1,Leaf,IHS,1,TT,1,329218
16,0.13478260869565217,0.7545454545454545,14437.0,1,1,Leaf,IHS,1,TT,1,329258
17,0.13478260869565217,0.7181818181818183,14281.0,1,1,Leaf,IHS,1,TT,1,329298
18,0.13043478260869565,0.6818181818181819,14360.0,1,1,Leaf,IHS,1,TT,1,329338
19,0.13043478260869565,0.7272727272727273,15256.0,1,1,Leaf,IHS,1,TT,1,329378
20,0.13478260869565217,0.7090909090909091,13546.0,1,1,Leaf,IHS,1,TT,1,329418
21,0.13478260869565217,0.7363636363636363,13578.0,1,1,Leaf,IHS,1,TT,1,329458
22,0.13043478260869565,0.7272727272727273,15296.0,1,1,Leaf,IHS,1,TT,1,329498
23,0.14347826086956522,0.6818181818181819,14531.0,1,1,Leaf,IHS,1,TT,1,329538
24,0.12608695652173912,0.7272727272727273,13453.0,1,1,Leaf,IHS,1,TT,1,329578
25,0.12608695652173912,0.7545454545454545,15406.0,1,1,Leaf,IHS,1,TT,1,329618
26,0.13478260869565217,0.6909090909090909,12968.0,1,1,Leaf,IHS,1,TT,1,329658
27,0.13043478260869565,0.7,15625.0,1,1,Leaf,IHS,1,TT,1,329698
28,0.13478260869565217,0.7,14484.0,1,1,Leaf,IHS,1,TT,1,329738
29,0.13478260869565217,0.6636363636363636,14359.0,1,1,Leaf,IHS,1,TT,1,329778
30,0.13478260869565217,0.7272727272727273,14422.0,1,1,Leaf,IHS,1,TT,1,329818
31,0.12608695652173912,0.7454545454545455,23495.0,1,1,Leaf,IHS,1,TT,1,324938
32,0.13478260869565217,0.7,16874.0,1,1,Leaf,IHS,1,TT,1,324978
33,0.13043478260869565,0.7090909090909091,18453.0,1,1,Leaf,IHS,1,TT,1,325018