
0,0.0,0.9428571428571428,8188.0,1,1,Seeds,IHS,1,TT,1,328622
1,0.0,0.9857142857142858,7797.0,1,1,Seeds,IHS,1,TT,1,328662
2,0.0,0.9571428571428572,6906.0,1,1,Seeds,IHS,1,TT,1,328702
3,0.0,0.9571428571428572,6937.0,1,1,Seeds,IHS,1,TT,1,328742
4,0.0,0.9571428571428572,6797.0,1,1,Seeds,IHS,1,TT,1,328782
5,0.0,0.9714285714285714,6953.0,1,1,Seeds,IHS,1,TT,1,328822
6,0.0,0.9571428571428572,6843.0,1,1,Seeds,IHS,1,TT,1,328862
7,0.0,0.9428571428571428,6828.0,1,1,Seeds,IHS,1,TT,1,328902
8,0.0,0.9714285714285714,7875.0,1,1,Seeds,IHS,1,TT,1,328942
9,0.0,0.9571428571428572,7141.0,1,1,Seeds,IHS,1,TT,1,328982
10,0.0,0.9428571428571428,6922.0,1,1,Seeds,IHS,1,TT,1,329022
11,0.0,0.9571428571428572,7100.0,1,1,Seeds,IHS,1,TT,1,329062
12,0.0,0.9428571428571428,6453.0,1,1,Seeds,IHS,1,TT,1,329102
13,0.0,0.9714285714285714,6656.0,1,1,Seeds,IHS,1,TT,1,329142
14,0.0,0.9571428571428572,7844.0,1,1,Seeds,IHS,1,TT,1,329182
15,0.0,0.9714285714285714,7094.0,1,1,Seeds,IHS,1,TT,1,329222
16,0.0,0.9428571428571428,7000.0,1,1,Seeds,IHS,1,TT,1,329262
17,0.0,0.9857142857142858,6750.0,1,1,Seeds,IHS,1,TT,1,329302
18,0.0,0.9428571428571428,7188.0,1,1,Seeds,IHS,1,TT,1,329342
19,0.0,0.9714285714285714,6813.0,1,1,Seeds,IHS,1,TT,1,329382
20,0.0,0.9857142857142858,6703.0,1,1,Seeds,IHS,1,TT,1,329422
21,0.0,0.9571428571428572,7188.0,1,1,Seeds,IHS,1,TT,1,329462
22,0.0,0.9857142857142858,7187.0,1,1,Seeds,IHS,1,TT,1,329502
23,0.0,0.9714285714285714,7125.0,1,1,Seeds,IHS,1,TT,1,329542
24,0.0,0.9714285714285714,6407.0,1,1,Seeds,IHS,1,TT,1,329582
25,0.0,0.9714285714285714,6421.0,1,1,Seeds,IHS,1,TT,1,329622
26,0.0,0.9857142857142858,8407.0,1,1,Seeds,IHS,1,TT,1,329662
27,0.0,0.9571428571428572,7031.0,1,1,Seeds,IHS,1,TT,1,329702
28,0.0,0.9571428571428572,7781.0,1,1,Seeds,IHS,1,TT,1,329742
29,0.0,0.9714285714285714,6844.0,1,1,Seeds,IHS,1,TT,1,329782
30,0.0,0.9285714285714286,7640.0,1,1,Seeds,IHS,1,TT,1,329822
31,0.0,0.9857142857142858,9282.0,1,1,Seeds,IHS,1,TT,1,324942
32,0.0,0.9714285714285714,8859.0,1,1,Seeds,IHS,1,TT,1,324982
33,0.0,0.9714285714285714,8328.0,1,1,Seeds,IHS,1,TT,1,325022