
0,0.0,0.8709677419354839,5581.0,1,1,Zoo,IHS,1,TT,1,328631
1,0.0,0.8709677419354839,4484.0,1,1,Zoo,IHS,1,TT,1,328671
2,0.0,0.8387096774193549,5375.0,1,1,Zoo,IHS,1,TT,1,328711
3,0.0,0.8709677419354839,4859.0,1,1,Zoo,IHS,1,TT,1,328751
4,0.0,0.9032258064516129,4735.0,1,1,Zoo,IHS,1,TT,1,328791
5,0.0,0.8387096774193549,4781.0,1,1,Zoo,IHS,1,TT,1,328831
6,0.0,0.9032258064516129,4562.0,1,1,Zoo,IHS,1,TT,1,328871
7,0.0,0.8387096774193549,5719.0,1,1,Zoo,IHS,1,TT,1,328911
8,0.0,0.8709677419354839,5000.0,1,1,Zoo,IHS,1,TT,1,328951
9,0.0,0.8709677419354839,5188.0,1,1,Zoo,IHS,1,TT,1,328991
10,0.0,0.8387096774193549,5500.0,1,1,Zoo,IHS,1,TT,1,329031
11,0.0,0.8387096774193549,4890.0,1,1,Zoo,IHS,1,TT,1,329071
12,0.0,0.8064516129032258,4977.0,1,1,Zoo,IHS,1,TT,1,329111
13,0.0,0.8064516129032258,5282.0,1,1,Zoo,IHS,1,TT,1,329151
14,0.0,0.8709677419354839,5117.0,1,1,Zoo,IHS,1,TT,1,329191
15,0.0,0.8709677419354839,5156.0,1,1,Zoo,IHS,1,TT,1,329231
16,0.0,0.8709677419354839,4797.0,1,1,Zoo,IHS,1,TT,1,329271
17,0.0,0.8709677419354839,4828.0,1,1,Zoo,IHS,1,TT,1,329311
18,0.0,0.9032258064516129,4969.0,1,1,Zoo,IHS,1,TT,1,329351
19,0.0,0.9032258064516129,5436.0,1,1,Zoo,IHS,1,TT,1,329391
20,0.0,0.9032258064516129,4657.0,1,1,Zoo,IHS,1,TT,1,329431
21,0.0,0.8709677419354839,4859.0,1,1,Zoo,IHS,1,TT,1,329471
22,0.0,0.9032258064516129,4969.0,1,1,Zoo,IHS,1,TT,1,329511
23,0.0,0.9032258064516129,4531.0,1,1,Zoo,IHS,1,TT,1,329551
24,0.0,0.9032258064516129,5406.0,1,1,Zoo,IHS,1,TT,1,329591
25,0.0,0.9032258064516129,5437.0,1,1,Zoo,IHS,1,TT,1,329631
26,0.0,0.8387096774193549,5297.0,1,1,Zoo,IHS,1,TT,1,329671
27,0.0,0.8387096774193549,5047.0,1,1,Zoo,IHS,1,TT,1,329711
28,0.0,0.8709677419354839,4953.0,1,1,Zoo,IHS,1,TT,1,329751
29,0.0,0.8709677419354839,5375.0,1,1,Zoo,IHS,1,TT,1,329791
30,0.0,0.8709677419354839,5172.0,1,1,Zoo,IHS,1,TT,1,329831
31,0.0,0.8709677419354839,6906.0,1,1,Zoo,IHS,1,TT,1,324951
32,0.0,0.8064516129032258,5860.0,1,1,Zoo,IHS,1,TT,1,324991
33,0.0,0.9032258064516129,6141.0,1,1,Zoo,IHS,1,TT,1,325031