
0,0.022727272727272728,0.7045454545454546,4781.0,1,1,Hayes,IHS,2,TT,1,329854
1,0.022727272727272728,0.6590909090909092,5531.0,1,1,Hayes,IHS,2,TT,1,329894
2,0.011363636363636364,0.6363636363636364,4843.0,1,1,Hayes,IHS,2,TT,1,329934
3,0.011363636363636364,0.6363636363636364,4391.0,1,1,Hayes,IHS,2,TT,1,329974
4,0.022727272727272728,0.6363636363636364,5031.0,1,1,Hayes,IHS,2,TT,1,330014
5,0.022727272727272728,0.6590909090909092,4672.0,1,1,Hayes,IHS,2,TT,1,330054
6,0.022727272727272728,0.6363636363636364,4812.0,1,1,Hayes,IHS,2,TT,1,330094
7,0.011363636363636364,0.7045454545454546,4688.0,1,1,Hayes,IHS,2,TT,1,330134
8,0.022727272727272728,0.6818181818181819,4609.0,1,1,Hayes,IHS,2,TT,1,330174
9,0.022727272727272728,0.6590909090909092,4954.0,1,1,Hayes,IHS,2,TT,1,330214
10,0.022727272727272728,0.6818181818181819,5016.0,1,1,Hayes,IHS,2,TT,1,330254
11,0.011363636363636364,0.6136363636363636,4469.0,1,1,Hayes,IHS,2,TT,1,330294
12,0.022727272727272728,0.6590909090909092,5922.0,1,1,Hayes,IHS,2,TT,1,330334
13,0.011363636363636364,0.5454545454545454,5385.0,1,1,Hayes,IHS,2,TT,1,330374
14,0.022727272727272728,0.6590909090909092,4922.0,1,1,Hayes,IHS,2,TT,1,330414
15,0.011363636363636364,0.6818181818181819,4781.0,1,1,Hayes,IHS,2,TT,1,330454
16,0.022727272727272728,0.6590909090909092,5047.0,1,1,Hayes,IHS,2,TT,1,330494
17,0.011363636363636364,0.6818181818181819,4796.0,1,1,Hayes,IHS,2,TT,1,330534
18,0.011363636363636364,0.5681818181818181,5875.0,1,1,Hayes,IHS,2,TT,1,330574
19,0.022727272727272728,0.6818181818181819,4734.0,1,1,Hayes,IHS,2,TT,1,330614
20,0.022727272727272728,0.5681818181818181,4813.0,1,1,Hayes,IHS,2,TT,1,330654
21,0.011363636363636364,0.6590909090909092,4703.0,1,1,Hayes,IHS,2,TT,1,330694
22,0.022727272727272728,0.7272727272727273,5031.0,1,1,Hayes,IHS,2,TT,1,330734
23,0.022727272727272728,0.6136363636363636,4437.0,1,1,Hayes,IHS,2,TT,1,330774
24,0.022727272727272728,0.7045454545454546,4641.0,1,1,Hayes,IHS,2,TT,1,330814
25,0.011363636363636364,0.6363636363636364,4781.0,1,1,Hayes,IHS,2,TT,1,330854
26,0.011363636363636364,0.5681818181818181,5171.0,1,1,Hayes,IHS,2,TT,1,330894
27,0.022727272727272728,0.6818181818181819,5235.0,1,1,Hayes,IHS,2,TT,1,330934
28,0.011363636363636364,0.6363636363636364,4547.0,1,1,Hayes,IHS,2,TT,1,330974
29,0.011363636363636364,0.5909090909090908,4312.0,1,1,Hayes,IHS,2,TT,1,331014
30,0.011363636363636364,0.75,4375.0,1,1,Hayes,IHS,2,TT,1,331054
31,0.011363636363636364,0.6590909090909092,5937.0,1,1,Hayes,IHS,2,TT,1,326294
32,0.011363636363636364,0.5909090909090908,6156.0,1,1,Hayes,IHS,2,TT,1,326334
33,0.011363636363636364,0.6818181818181819,6187.0,1,1,Hayes,IHS,2,TT,1,326374