
0,0.2131837307152875,0.7528571428571429,70047.0,1,1,Cardiotocography,IHS,3,TT,1,331083
1,0.21248246844319776,0.7328571428571429,70108.0,1,1,Cardiotocography,IHS,3,TT,1,331123
2,0.21739130434782608,0.7514285714285714,69250.0,1,1,Cardiotocography,IHS,3,TT,1,331163
3,0.2187938288920056,0.74,70999.0,1,1,Cardiotocography,IHS,3,TT,1,331203
4,0.21598877980364656,0.7657142857142857,76253.0,1,1,Cardiotocography,IHS,3,TT,1,331243
5,0.2131837307152875,0.7457142857142858,69422.0,1,1,Cardiotocography,IHS,3,TT,1,331283
6,0.2131837307152875,0.7457142857142858,65406.0,1,1,Cardiotocography,IHS,3,TT,1,331323
7,0.21739130434782608,0.7457142857142858,77725.0,1,1,Cardiotocography,IHS,3,TT,1,331363
8,0.21458625525946703,0.7514285714285714,72078.0,1,1,Cardiotocography,IHS,3,TT,1,331403
9,0.2082748948106592,0.7471428571428571,72015.0,1,1,Cardiotocography,IHS,3,TT,1,331443
10,0.21037868162692847,0.76,65515.0,1,1,Cardiotocography,IHS,3,TT,1,331483
11,0.2152875175315568,0.7557142857142858,80609.0,1,1,Cardiotocography,IHS,3,TT,1,331523
12,0.2152875175315568,0.7414285714285714,74734.0,1,1,Cardiotocography,IHS,3,TT,1,331563
13,0.21598877980364656,0.7514285714285714,79891.0,1,1,Cardiotocography,IHS,3,TT,1,331603
14,0.22019635343618513,0.76,73781.0,1,1,Cardiotocography,IHS,3,TT,1,331643
15,0.21669004207573633,0.7514285714285714,72906.0,1,1,Cardiotocography,IHS,3,TT,1,331683
16,0.2208976157082749,0.7314285714285714,67937.0,1,1,Cardiotocography,IHS,3,TT,1,331723
17,0.21809256661991586,0.7571428571428571,68218.0,1,1,Cardiotocography,IHS,3,TT,1,331763
18,0.21949509116409538,0.7471428571428571,77731.0,1,1,Cardiotocography,IHS,3,TT,1,331803
19,0.21949509116409538,0.7528571428571429,65719.0,1,1,Cardiotocography,IHS,3,TT,1,331843
20,0.21809256661991586,0.7571428571428571,73857.0,1,1,Cardiotocography,IHS,3,TT,1,331883
21,0.21598877980364656,0.76,70421.0,1,1,Cardiotocography,IHS,3,TT,1,331923
22,0.22159887798036465,0.7242857142857143,67688.0,1,1,Cardiotocography,IHS,3,TT,1,331963
23,0.2152875175315568,0.7585714285714286,89046.0,1,1,Cardiotocography,IHS,3,TT,1,332003
24,0.21739130434782608,0.7557142857142858,69126.0,1,1,Cardiotocography,IHS,3,TT,1,332043
25,0.21598877980364656,0.7457142857142858,72109.0,1,1,Cardiotocography,IHS,3,TT,1,332083
26,0.21669004207573633,0.7485714285714286,69922.0,1,1,Cardiotocography,IHS,3,TT,1,332123
27,0.21809256661991586,0.7714285714285715,66062.0,1,1,Cardiotocography,IHS,3,TT,1,332163
28,0.21809256661991586,0.7557142857142858,72125.0,1,1,Cardiotocography,IHS,3,TT,1,332203
29,0.21809256661991586,0.7457142857142858,71625.0,1,1,Cardiotocography,IHS,3,TT,1,332243
30,0.2152875175315568,0.7385714285714285,74719.0,1,1,Cardiotocography,IHS,3,TT,1,332283
31,0.21669004207573633,0.76,86656.0,1,1,Cardiotocography,IHS,3,TT,1,327643
32,0.21739130434782608,0.7385714285714285,88093.0,1,1,Cardiotocography,IHS,3,TT,1,327683
33,0.21809256661991586,0.7542857142857142,93929.0,1,1,Cardiotocography,IHS,3,TT,1,327723