
0,0.6248948045961332,1.2365520177641218,8437.0,1,1,BodyFat,IHS,4,TT,1,332359
1,0.6294072427386618,1.273290787740049,9343.0,1,1,BodyFat,IHS,4,TT,1,332399
2,0.5980122999791366,1.5530392712959011,8735.0,1,1,BodyFat,IHS,4,TT,1,332439
3,0.6097343927209644,1.0178542734872225,9406.0,1,1,BodyFat,IHS,4,TT,1,332479
4,0.6375625620676587,0.9852635903439045,10047.0,1,1,BodyFat,IHS,4,TT,1,332519
5,0.6080790035781147,0.8586271416754059,9344.0,1,1,BodyFat,IHS,4,TT,1,332559
6,0.6107751130803193,1.8995447081934569,8985.0,1,1,BodyFat,IHS,4,TT,1,332599
7,0.6032682131900424,1.0050064620747865,8875.0,1,1,BodyFat,IHS,4,TT,1,332639
8,0.6006707607517822,1.1959404300521836,8890.0,1,1,BodyFat,IHS,4,TT,1,332679
9,0.6091787884435815,0.8743695833931407,9140.0,1,1,BodyFat,IHS,4,TT,1,332719
10,0.5936749670283582,0.9953144189493642,9531.0,1,1,BodyFat,IHS,4,TT,1,332759
11,0.6115779211249098,1.1070643876955801,8438.0,1,1,BodyFat,IHS,4,TT,1,332799
12,0.6187369536310583,1.4288325010843193,8759.0,1,1,BodyFat,IHS,4,TT,1,332839
13,0.6078510169748116,1.0558758583317769,8234.0,1,1,BodyFat,IHS,4,TT,1,332879
14,0.5799356780720956,1.3343433794510537,8000.0,1,1,BodyFat,IHS,4,TT,1,332919
15,0.640151574233529,0.8970426759098761,9562.0,1,1,BodyFat,IHS,4,TT,1,332959
16,0.6129106960106541,1.3997872245100225,9485.0,1,1,BodyFat,IHS,4,TT,1,332999
17,0.5941302875642753,1.193566557149919,9235.0,1,1,BodyFat,IHS,4,TT,1,333039
18,0.5617847873313783,1.283398611153615,9719.0,1,1,BodyFat,IHS,4,TT,1,333079
19,0.6222410817612708,1.7945002183479872,10189.0,1,1,BodyFat,IHS,4,TT,1,333119
20,0.6163457803020874,0.9899356283024332,8515.0,1,1,BodyFat,IHS,4,TT,1,333159
21,0.6132255887946424,1.2348186149617302,9516.0,1,1,BodyFat,IHS,4,TT,1,333199
22,0.6368217705624805,1.2106745894438227,9375.0,1,1,BodyFat,IHS,4,TT,1,333239
23,0.6106085567874678,2.192434412429535,9312.0,1,1,BodyFat,IHS,4,TT,1,333279
24,0.6077714766658988,1.1735363626705304,8984.0,1,1,BodyFat,IHS,4,TT,1,333319
25,0.6353463404423996,0.9495107590348654,9281.0,1,1,BodyFat,IHS,4,TT,1,333359
26,0.6386658729659448,1.2518844415962862,9344.0,1,1,BodyFat,IHS,4,TT,1,333399
27,0.6153425125665724,1.469169462041278,8813.0,1,1,BodyFat,IHS,4,TT,1,333439
28,0.5848654840951013,1.9067619543822865,9640.0,1,1,BodyFat,IHS,4,TT,1,333479
29,0.5912344377204135,1.1026926287972334,9390.0,1,1,BodyFat,IHS,4,TT,1,333519
30,0.6290348264337521,0.9720987883309219,9249.0,1,1,BodyFat,IHS,4,TT,1,333559
31,0.5718187153182076,1.5755198054255246,11094.0,1,1,BodyFat,IHS,4,TT,1,329039
32,0.5650108171567739,1.2971337561130027,12176.0,1,1,BodyFat,IHS,4,TT,1,329079
33,0.5940137762477925,1.988239798356079,12266.0,1,1,BodyFat,IHS,4,TT,1,329119