
0,0.14215686274509803,0.7156862745098039,9313.0,1,1,Haberman,IHS,5,TT,1,333573
1,0.14215686274509803,0.6666666666666667,9594.0,1,1,Haberman,IHS,5,TT,1,333613
2,0.14215686274509803,0.6862745098039216,10031.0,1,1,Haberman,IHS,5,TT,1,333653
3,0.14215686274509803,0.696078431372549,9453.0,1,1,Haberman,IHS,5,TT,1,333693
4,0.14705882352941177,0.6764705882352942,9359.0,1,1,Haberman,IHS,5,TT,1,333733
5,0.14215686274509803,0.6568627450980392,11281.0,1,1,Haberman,IHS,5,TT,1,333773
6,0.14215686274509803,0.6666666666666667,9141.0,1,1,Haberman,IHS,5,TT,1,333813
7,0.14215686274509803,0.6764705882352942,8641.0,1,1,Haberman,IHS,5,TT,1,333853
8,0.14215686274509803,0.696078431372549,9855.0,1,1,Haberman,IHS,5,TT,1,333893
9,0.13725490196078433,0.7058823529411764,9828.0,1,1,Haberman,IHS,5,TT,1,333933
10,0.14215686274509803,0.6764705882352942,9094.0,1,1,Haberman,IHS,5,TT,1,333973
11,0.14215686274509803,0.7156862745098039,9328.0,1,1,Haberman,IHS,5,TT,1,334013
12,0.14215686274509803,0.6764705882352942,9391.0,1,1,Haberman,IHS,5,TT,1,334053
13,0.14705882352941177,0.696078431372549,9453.0,1,1,Haberman,IHS,5,TT,1,334093
14,0.14215686274509803,0.6862745098039216,9172.0,1,1,Haberman,IHS,5,TT,1,334133
15,0.14705882352941177,0.6568627450980392,9343.0,1,1,Haberman,IHS,5,TT,1,334173
16,0.14215686274509803,0.696078431372549,9906.0,1,1,Haberman,IHS,5,TT,1,334213
17,0.14215686274509803,0.6666666666666667,8438.0,1,1,Haberman,IHS,5,TT,1,334253
18,0.13725490196078433,0.7156862745098039,9805.0,1,1,Haberman,IHS,5,TT,1,334293
19,0.14215686274509803,0.7156862745098039,8812.0,1,1,Haberman,IHS,5,TT,1,334333
20,0.14215686274509803,0.6764705882352942,8719.0,1,1,Haberman,IHS,5,TT,1,334373
21,0.14215686274509803,0.6470588235294117,8687.0,1,1,Haberman,IHS,5,TT,1,334413
22,0.14215686274509803,0.7058823529411764,8844.0,1,1,Haberman,IHS,5,TT,1,334453
23,0.14215686274509803,0.6666666666666667,8938.0,1,1,Haberman,IHS,5,TT,1,334493
24,0.14215686274509803,0.7254901960784313,9062.0,1,1,Haberman,IHS,5,TT,1,334533
25,0.14215686274509803,0.6764705882352942,9266.0,1,1,Haberman,IHS,5,TT,1,334573
26,0.14215686274509803,0.6862745098039216,8875.0,1,1,Haberman,IHS,5,TT,1,334613
27,0.13725490196078433,0.7156862745098039,9266.0,1,1,Haberman,IHS,5,TT,1,334653
28,0.14705882352941177,0.6764705882352942,9540.0,1,1,Haberman,IHS,5,TT,1,334693
29,0.13725490196078433,0.6862745098039216,9266.0,1,1,Haberman,IHS,5,TT,1,334733
30,0.14215686274509803,0.6764705882352942,8438.0,1,1,Haberman,IHS,5,TT,1,334773
31,0.14215686274509803,0.696078431372549,11985.0,1,1,Haberman,IHS,5,TT,1,330373
32,0.14215686274509803,0.6862745098039216,12344.0,1,1,Haberman,IHS,5,TT,1,330413
33,0.14215686274509803,0.6764705882352942,9922.0,1,1,Haberman,IHS,5,TT,1,330453