
0,0.08095238095238096,0.83,10312.0,1,1,Vertebral3C,IHS,5,TT,1,333585
1,0.08095238095238096,0.8,10359.0,1,1,Vertebral3C,IHS,5,TT,1,333625
2,0.08095238095238096,0.81,9891.0,1,1,Vertebral3C,IHS,5,TT,1,333665
3,0.08095238095238096,0.8,9797.0,1,1,Vertebral3C,IHS,5,TT,1,333705
4,0.08095238095238096,0.81,10078.0,1,1,Vertebral3C,IHS,5,TT,1,333745
5,0.08095238095238096,0.83,10125.0,1,1,Vertebral3C,IHS,5,TT,1,333785
6,0.08095238095238096,0.83,11381.0,1,1,Vertebral3C,IHS,5,TT,1,333825
7,0.08571428571428572,0.79,10046.0,1,1,Vertebral3C,IHS,5,TT,1,333865
8,0.08095238095238096,0.8200000000000001,10000.0,1,1,Vertebral3C,IHS,5,TT,1,333905
9,0.08095238095238096,0.79,9703.0,1,1,Vertebral3C,IHS,5,TT,1,333945
10,0.08095238095238096,0.8,9750.0,1,1,Vertebral3C,IHS,5,TT,1,333985
11,0.08095238095238096,0.8,10016.0,1,1,Vertebral3C,IHS,5,TT,1,334025
12,0.08095238095238096,0.83,10672.0,1,1,Vertebral3C,IHS,5,TT,1,334065
13,0.08095238095238096,0.79,10407.0,1,1,Vertebral3C,IHS,5,TT,1,334105
14,0.08095238095238096,0.84,9141.0,1,1,Vertebral3C,IHS,5,TT,1,334145
15,0.08095238095238096,0.8,9312.0,1,1,Vertebral3C,IHS,5,TT,1,334185
16,0.08095238095238096,0.84,9937.0,1,1,Vertebral3C,IHS,5,TT,1,334225
17,0.08095238095238096,0.84,9078.0,1,1,Vertebral3C,IHS,5,TT,1,334265
18,0.08095238095238096,0.85,9703.0,1,1,Vertebral3C,IHS,5,TT,1,334305
19,0.08095238095238096,0.8200000000000001,9609.0,1,1,Vertebral3C,IHS,5,TT,1,334345
20,0.08095238095238096,0.85,9343.0,1,1,Vertebral3C,IHS,5,TT,1,334385
21,0.08095238095238096,0.83,9500.0,1,1,Vertebral3C,IHS,5,TT,1,334425
22,0.08095238095238096,0.8200000000000001,9484.0,1,1,Vertebral3C,IHS,5,TT,1,334465
23,0.08571428571428572,0.81,9907.0,1,1,Vertebral3C,IHS,5,TT,1,334505
24,0.08095238095238096,0.81,10000.0,1,1,Vertebral3C,IHS,5,TT,1,334545
25,0.08095238095238096,0.85,10281.0,1,1,Vertebral3C,IHS,5,TT,1,334585
26,0.08095238095238096,0.8200000000000001,10016.0,1,1,Vertebral3C,IHS,5,TT,1,334625
27,0.08571428571428572,0.81,10078.0,1,1,Vertebral3C,IHS,5,TT,1,334665
28,0.08095238095238096,0.81,8938.0,1,1,Vertebral3C,IHS,5,TT,1,334705
29,0.08095238095238096,0.8200000000000001,10453.0,1,1,Vertebral3C,IHS,5,TT,1,334745
30,0.08095238095238096,0.8,9500.0,1,1,Vertebral3C,IHS,5,TT,1,334785
31,0.08095238095238096,0.81,12125.0,1,1,Vertebral3C,IHS,5,TT,1,330385
32,0.08571428571428572,0.81,12594.0,1,1,Vertebral3C,IHS,5,TT,1,330425
33,0.08095238095238096,0.81,13125.0,1,1,Vertebral3C,IHS,5,TT,1,330465