
0,0.010554089709762533,0.9631578947368421,20813.0,1,1,Wdbc,IHS,5,TT,1,333588
1,0.010554089709762533,0.9578947368421052,20422.0,1,1,Wdbc,IHS,5,TT,1,333628
2,0.010554089709762533,0.9631578947368421,18016.0,1,1,Wdbc,IHS,5,TT,1,333668
3,0.010554089709762533,0.9736842105263158,20892.0,1,1,Wdbc,IHS,5,TT,1,333708
4,0.010554089709762533,0.9578947368421052,23594.0,1,1,Wdbc,IHS,5,TT,1,333748
5,0.010554089709762533,0.9631578947368421,18157.0,1,1,Wdbc,IHS,5,TT,1,333788
6,0.010554089709762533,0.9631578947368421,19594.0,1,1,Wdbc,IHS,5,TT,1,333828
7,0.010554089709762533,0.9631578947368421,19578.0,1,1,Wdbc,IHS,5,TT,1,333868
8,0.010554089709762533,0.968421052631579,19953.0,1,1,Wdbc,IHS,5,TT,1,333908
9,0.010554089709762533,0.968421052631579,20172.0,1,1,Wdbc,IHS,5,TT,1,333948
10,0.010554089709762533,0.9631578947368421,20046.0,1,1,Wdbc,IHS,5,TT,1,333988
11,0.010554089709762533,0.968421052631579,20156.0,1,1,Wdbc,IHS,5,TT,1,334028
12,0.010554089709762533,0.9736842105263158,20281.0,1,1,Wdbc,IHS,5,TT,1,334068
13,0.0079155672823219,0.9473684210526316,18291.0,1,1,Wdbc,IHS,5,TT,1,334108
14,0.010554089709762533,0.9842105263157894,20094.0,1,1,Wdbc,IHS,5,TT,1,334148
15,0.010554089709762533,0.9631578947368421,19140.0,1,1,Wdbc,IHS,5,TT,1,334188
16,0.010554089709762533,0.9736842105263158,19312.0,1,1,Wdbc,IHS,5,TT,1,334228
17,0.010554089709762533,0.9789473684210527,19062.0,1,1,Wdbc,IHS,5,TT,1,334268
18,0.010554089709762533,0.9473684210526316,20313.0,1,1,Wdbc,IHS,5,TT,1,334308
19,0.010554089709762533,0.968421052631579,18609.0,1,1,Wdbc,IHS,5,TT,1,334348
20,0.010554089709762533,0.9631578947368421,20406.0,1,1,Wdbc,IHS,5,TT,1,334388
21,0.010554089709762533,0.9526315789473684,18672.0,1,1,Wdbc,IHS,5,TT,1,334428
22,0.010554089709762533,0.9473684210526316,18829.0,1,1,Wdbc,IHS,5,TT,1,334468
23,0.010554089709762533,0.9736842105263158,18484.0,1,1,Wdbc,IHS,5,TT,1,334508
24,0.010554089709762533,0.9578947368421052,18078.0,1,1,Wdbc,IHS,5,TT,1,334548
25,0.010554089709762533,0.9789473684210527,18390.0,1,1,Wdbc,IHS,5,TT,1,334588
26,0.010554089709762533,0.9578947368421052,18172.0,1,1,Wdbc,IHS,5,TT,1,334628
27,0.0079155672823219,0.9631578947368421,20234.0,1,1,Wdbc,IHS,5,TT,1,334668
28,0.010554089709762533,0.9578947368421052,20171.0,1,1,Wdbc,IHS,5,TT,1,334708
29,0.010554089709762533,0.9631578947368421,20391.0,1,1,Wdbc,IHS,5,TT,1,334748
30,0.010554089709762533,0.9578947368421052,20891.0,1,1,Wdbc,IHS,5,TT,1,334788
31,0.0079155672823219,0.9631578947368421,31078.0,1,1,Wdbc,IHS,5,TT,1,330388
32,0.010554089709762533,0.9578947368421052,24016.0,1,1,Wdbc,IHS,5,TT,1,330428
33,0.010554089709762533,0.968421052631579,25422.0,1,1,Wdbc,IHS,5,TT,1,330468