
0,0.17,0.782258064516129,21828.0,1,1,Blood,IHS,6,TT,1,334802
1,0.17,0.782258064516129,21484.0,1,1,Blood,IHS,6,TT,1,334842
2,0.172,0.7782258064516129,21406.0,1,1,Blood,IHS,6,TT,1,334882
3,0.172,0.7701612903225806,22359.0,1,1,Blood,IHS,6,TT,1,334922
4,0.172,0.782258064516129,20016.0,1,1,Blood,IHS,6,TT,1,334962
5,0.172,0.782258064516129,21265.0,1,1,Blood,IHS,6,TT,1,335002
6,0.172,0.7782258064516129,21296.0,1,1,Blood,IHS,6,TT,1,335042
7,0.17,0.7903225806451613,21281.0,1,1,Blood,IHS,6,TT,1,335082
8,0.17,0.7701612903225806,21344.0,1,1,Blood,IHS,6,TT,1,335122
9,0.172,0.7701612903225806,21500.0,1,1,Blood,IHS,6,TT,1,335162
10,0.172,0.7741935483870968,21156.0,1,1,Blood,IHS,6,TT,1,335202
11,0.17,0.7862903225806451,20797.0,1,1,Blood,IHS,6,TT,1,335242
12,0.172,0.782258064516129,22203.0,1,1,Blood,IHS,6,TT,1,335282
13,0.172,0.7741935483870968,22140.0,1,1,Blood,IHS,6,TT,1,335322
14,0.17,0.7862903225806451,20531.0,1,1,Blood,IHS,6,TT,1,335362
15,0.168,0.7862903225806451,20703.0,1,1,Blood,IHS,6,TT,1,335402
16,0.17,0.7782258064516129,20641.0,1,1,Blood,IHS,6,TT,1,335442
17,0.17,0.782258064516129,20719.0,1,1,Blood,IHS,6,TT,1,335482
18,0.172,0.7943548387096774,21703.0,1,1,Blood,IHS,6,TT,1,335522
19,0.172,0.7701612903225806,20750.0,1,1,Blood,IHS,6,TT,1,335562
20,0.17,0.7782258064516129,21015.0,1,1,Blood,IHS,6,TT,1,335602
21,0.172,0.7862903225806451,19422.0,1,1,Blood,IHS,6,TT,1,335642
22,0.172,0.782258064516129,20860.0,1,1,Blood,IHS,6,TT,1,335682
23,0.17,0.7701612903225806,21531.0,1,1,Blood,IHS,6,TT,1,335722
24,0.17,0.7701612903225806,20672.0,1,1,Blood,IHS,6,TT,1,335762
25,0.168,0.7580645161290323,26703.0,1,1,Blood,IHS,6,TT,1,335802
26,0.17,0.7661290322580645,21250.0,1,1,Blood,IHS,6,TT,1,335842
27,0.17,0.7701612903225806,22219.0,1,1,Blood,IHS,6,TT,1,335882
28,0.17,0.7661290322580645,22868.0,1,1,Blood,IHS,6,TT,1,335922
29,0.172,0.7741935483870968,21344.0,1,1,Blood,IHS,6,TT,1,335962
30,0.17,0.7741935483870968,22787.0,1,1,Blood,IHS,6,TT,1,336002
31,0.17,0.7741935483870968,32313.0,1,1,Blood,IHS,6,TT,1,331722
32,0.17,0.7701612903225806,26515.0,1,1,Blood,IHS,6,TT,1,331762
33,0.17,0.7701612903225806,24250.0,1,1,Blood,IHS,6,TT,1,331802