
0,0.21119592875318066,0.7210526315789474,17985.0,1,1,Indian,IHS,6,TT,1,334816
1,0.21119592875318066,0.7052631578947368,18063.0,1,1,Indian,IHS,6,TT,1,334856
2,0.21374045801526717,0.7210526315789474,21859.0,1,1,Indian,IHS,6,TT,1,334896
3,0.21374045801526717,0.7,18297.0,1,1,Indian,IHS,6,TT,1,334936
4,0.20865139949109415,0.7210526315789474,18465.0,1,1,Indian,IHS,6,TT,1,334976
5,0.2035623409669211,0.7052631578947368,18140.0,1,1,Indian,IHS,6,TT,1,335016
6,0.21628498727735368,0.7157894736842105,17875.0,1,1,Indian,IHS,6,TT,1,335056
7,0.20610687022900764,0.7157894736842105,21968.0,1,1,Indian,IHS,6,TT,1,335096
8,0.21374045801526717,0.7052631578947368,21844.0,1,1,Indian,IHS,6,TT,1,335136
9,0.21628498727735368,0.6947368421052631,17547.0,1,1,Indian,IHS,6,TT,1,335176
10,0.21374045801526717,0.7052631578947368,21609.0,1,1,Indian,IHS,6,TT,1,335216
11,0.21374045801526717,0.7315789473684211,17125.0,1,1,Indian,IHS,6,TT,1,335256
12,0.21374045801526717,0.7105263157894737,18781.0,1,1,Indian,IHS,6,TT,1,335296
13,0.21374045801526717,0.7052631578947368,16981.0,1,1,Indian,IHS,6,TT,1,335336
14,0.21119592875318066,0.7052631578947368,16805.0,1,1,Indian,IHS,6,TT,1,335376
15,0.20865139949109415,0.7052631578947368,16625.0,1,1,Indian,IHS,6,TT,1,335416
16,0.21628498727735368,0.6894736842105262,17141.0,1,1,Indian,IHS,6,TT,1,335456
17,0.21374045801526717,0.7105263157894737,18484.0,1,1,Indian,IHS,6,TT,1,335496
18,0.21119592875318066,0.6947368421052631,18610.0,1,1,Indian,IHS,6,TT,1,335536
19,0.21628498727735368,0.7210526315789474,16296.0,1,1,Indian,IHS,6,TT,1,335576
20,0.21374045801526717,0.7315789473684211,17979.0,1,1,Indian,IHS,6,TT,1,335616
21,0.21374045801526717,0.7,18328.0,1,1,Indian,IHS,6,TT,1,335656
22,0.21119592875318066,0.7157894736842105,16594.0,1,1,Indian,IHS,6,TT,1,335696
23,0.21374045801526717,0.7,17250.0,1,1,Indian,IHS,6,TT,1,335736
24,0.20865139949109415,0.7105263157894737,16500.0,1,1,Indian,IHS,6,TT,1,335776
25,0.21119592875318066,0.6789473684210526,17875.0,1,1,Indian,IHS,6,TT,1,335816
26,0.21119592875318066,0.6894736842105262,16625.0,1,1,Indian,IHS,6,TT,1,335856
27,0.20610687022900764,0.6947368421052631,19343.0,1,1,Indian,IHS,6,TT,1,335896
28,0.20610687022900764,0.6947368421052631,16513.0,1,1,Indian,IHS,6,TT,1,335936
29,0.21374045801526717,0.7105263157894737,17750.0,1,1,Indian,IHS,6,TT,1,335976
30,0.20865139949109415,0.7263157894736842,17828.0,1,1,Indian,IHS,6,TT,1,336016
31,0.21374045801526717,0.7052631578947368,22781.0,1,1,Indian,IHS,6,TT,1,331736
32,0.21628498727735368,0.7052631578947368,22890.0,1,1,Indian,IHS,6,TT,1,331776
33,0.21374045801526717,0.7105263157894737,21749.0,1,1,Indian,IHS,6,TT,1,331816