
0,0.21809256661991586,0.7414285714285714,66712.0,1,1,Cardiotocography,IHS,7,TT,1,336043
1,0.2138849929873773,0.76,64357.0,1,1,Cardiotocography,IHS,7,TT,1,336083
2,0.21598877980364656,0.7614285714285715,72860.0,1,1,Cardiotocography,IHS,7,TT,1,336123
3,0.2138849929873773,0.76,75297.0,1,1,Cardiotocography,IHS,7,TT,1,336163
4,0.21739130434782608,0.7557142857142858,74937.0,1,1,Cardiotocography,IHS,7,TT,1,336203
5,0.21809256661991586,0.7571428571428571,76265.0,1,1,Cardiotocography,IHS,7,TT,1,336243
6,0.21809256661991586,0.7585714285714286,66390.0,1,1,Cardiotocography,IHS,7,TT,1,336283
7,0.21669004207573633,0.7614285714285715,81797.0,1,1,Cardiotocography,IHS,7,TT,1,336323
8,0.2208976157082749,0.7657142857142857,70250.0,1,1,Cardiotocography,IHS,7,TT,1,336363
9,0.21598877980364656,0.7414285714285714,67376.0,1,1,Cardiotocography,IHS,7,TT,1,336403
10,0.2138849929873773,0.7457142857142858,75499.0,1,1,Cardiotocography,IHS,7,TT,1,336443
11,0.21458625525946703,0.7528571428571429,68562.0,1,1,Cardiotocography,IHS,7,TT,1,336483
12,0.21669004207573633,0.7285714285714286,68078.0,1,1,Cardiotocography,IHS,7,TT,1,336523
13,0.21458625525946703,0.7657142857142857,67921.0,1,1,Cardiotocography,IHS,7,TT,1,336563
14,0.20687237026647967,0.7385714285714285,66344.0,1,1,Cardiotocography,IHS,7,TT,1,336603
15,0.21037868162692847,0.7685714285714286,73015.0,1,1,Cardiotocography,IHS,7,TT,1,336643
16,0.211781206171108,0.7328571428571429,74897.0,1,1,Cardiotocography,IHS,7,TT,1,336683
17,0.21669004207573633,0.7671428571428571,74282.0,1,1,Cardiotocography,IHS,7,TT,1,336723
18,0.21598877980364656,0.7385714285714285,74390.0,1,1,Cardiotocography,IHS,7,TT,1,336763
19,0.2187938288920056,0.7542857142857142,71391.0,1,1,Cardiotocography,IHS,7,TT,1,336803
20,0.2152875175315568,0.7371428571428571,85453.0,1,1,Cardiotocography,IHS,7,TT,1,336843
21,0.21809256661991586,0.7442857142857142,68593.0,1,1,Cardiotocography,IHS,7,TT,1,336883
22,0.21598877980364656,0.7585714285714286,66531.0,1,1,Cardiotocography,IHS,7,TT,1,336923
23,0.2152875175315568,0.7685714285714286,69062.0,1,1,Cardiotocography,IHS,7,TT,1,336963
24,0.2131837307152875,0.75,85999.0,1,1,Cardiotocography,IHS,7,TT,1,337003
25,0.21598877980364656,0.74,68781.0,1,1,Cardiotocography,IHS,7,TT,1,337043
26,0.2131837307152875,0.7657142857142857,67203.0,1,1,Cardiotocography,IHS,7,TT,1,337083
27,0.2152875175315568,0.7428571428571429,75282.0,1,1,Cardiotocography,IHS,7,TT,1,337123
28,0.21669004207573633,0.7528571428571429,71328.0,1,1,Cardiotocography,IHS,7,TT,1,337163
29,0.21809256661991586,0.7414285714285714,65437.0,1,1,Cardiotocography,IHS,7,TT,1,337203
30,0.211781206171108,0.7528571428571429,68859.0,1,1,Cardiotocography,IHS,7,TT,1,337243
31,0.2187938288920056,0.7314285714285714,111093.0,1,1,Cardiotocography,IHS,7,TT,1,333083
32,0.21669004207573633,0.7514285714285714,94171.0,1,1,Cardiotocography,IHS,7,TT,1,333123
33,0.21248246844319776,0.7471428571428571,91969.0,1,1,Cardiotocography,IHS,7,TT,1,333163