
0,0.05803571428571429,0.8482142857142857,10906.0,1,1,Ecoli,IHS,7,TT,1,336050
1,0.05803571428571429,0.875,11110.0,1,1,Ecoli,IHS,7,TT,1,336090
2,0.05803571428571429,0.8482142857142857,10891.0,1,1,Ecoli,IHS,7,TT,1,336130
3,0.05803571428571429,0.8571428571428572,11046.0,1,1,Ecoli,IHS,7,TT,1,336170
4,0.05803571428571429,0.8571428571428572,10660.0,1,1,Ecoli,IHS,7,TT,1,336210
5,0.05803571428571429,0.8660714285714286,10094.0,1,1,Ecoli,IHS,7,TT,1,336250
6,0.05803571428571429,0.8571428571428572,11141.0,1,1,Ecoli,IHS,7,TT,1,336290
7,0.05803571428571429,0.8482142857142857,11437.0,1,1,Ecoli,IHS,7,TT,1,336330
8,0.05803571428571429,0.8571428571428572,11656.0,1,1,Ecoli,IHS,7,TT,1,336370
9,0.05803571428571429,0.8571428571428572,11406.0,1,1,Ecoli,IHS,7,TT,1,336410
10,0.05803571428571429,0.8303571428571428,11625.0,1,1,Ecoli,IHS,7,TT,1,336450
11,0.05803571428571429,0.8482142857142857,10735.0,1,1,Ecoli,IHS,7,TT,1,336490
12,0.05803571428571429,0.875,10078.0,1,1,Ecoli,IHS,7,TT,1,336530
13,0.05803571428571429,0.8660714285714286,10250.0,1,1,Ecoli,IHS,7,TT,1,336570
14,0.05357142857142857,0.8392857142857143,11640.0,1,1,Ecoli,IHS,7,TT,1,336610
15,0.05357142857142857,0.875,10828.0,1,1,Ecoli,IHS,7,TT,1,336650
16,0.05357142857142857,0.8482142857142857,10562.0,1,1,Ecoli,IHS,7,TT,1,336690
17,0.05803571428571429,0.8928571428571429,10843.0,1,1,Ecoli,IHS,7,TT,1,336730
18,0.05803571428571429,0.8839285714285714,11172.0,1,1,Ecoli,IHS,7,TT,1,336770
19,0.05803571428571429,0.875,11453.0,1,1,Ecoli,IHS,7,TT,1,336810
20,0.05803571428571429,0.8303571428571428,11406.0,1,1,Ecoli,IHS,7,TT,1,336850
21,0.05803571428571429,0.8303571428571428,11000.0,1,1,Ecoli,IHS,7,TT,1,336890
22,0.05803571428571429,0.8482142857142857,13375.0,1,1,Ecoli,IHS,7,TT,1,336930
23,0.05803571428571429,0.8571428571428572,11063.0,1,1,Ecoli,IHS,7,TT,1,336970
24,0.05803571428571429,0.8571428571428572,11121.0,1,1,Ecoli,IHS,7,TT,1,337010
25,0.05803571428571429,0.875,10265.0,1,1,Ecoli,IHS,7,TT,1,337050
26,0.05803571428571429,0.8482142857142857,11141.0,1,1,Ecoli,IHS,7,TT,1,337090
27,0.05357142857142857,0.8660714285714286,10641.0,1,1,Ecoli,IHS,7,TT,1,337130
28,0.05803571428571429,0.8392857142857143,10578.0,1,1,Ecoli,IHS,7,TT,1,337170
29,0.05803571428571429,0.875,13344.0,1,1,Ecoli,IHS,7,TT,1,337210
30,0.05803571428571429,0.8571428571428572,13187.0,1,1,Ecoli,IHS,7,TT,1,337250
31,0.05803571428571429,0.8482142857142857,14812.0,1,1,Ecoli,IHS,7,TT,1,333090
32,0.05803571428571429,0.875,14594.0,1,1,Ecoli,IHS,7,TT,1,333130
33,0.05803571428571429,0.875,12735.0,1,1,Ecoli,IHS,7,TT,1,333170