
0,73.29766967473992,208.30985712959577,5188.0,1,1,Veteran,IHS,7,TT,1,336077
1,71.7236788792188,317.10846767922635,5469.0,1,1,Veteran,IHS,7,TT,1,336117
2,72.14019815282958,373.6586086519886,5453.0,1,1,Veteran,IHS,7,TT,1,336157
3,72.29584725030873,321.34773457610476,5406.0,1,1,Veteran,IHS,7,TT,1,336197
4,70.28779431973744,277.5390728600682,4984.0,1,1,Veteran,IHS,7,TT,1,336237
5,73.63582645391064,206.36849547580283,5016.0,1,1,Veteran,IHS,7,TT,1,336277
6,76.51673223450456,263.75922074381594,5860.0,1,1,Veteran,IHS,7,TT,1,336317
7,72.84360618050385,335.5230274435587,6172.0,1,1,Veteran,IHS,7,TT,1,336357
8,74.30242377642503,191.68998114730508,6157.0,1,1,Veteran,IHS,7,TT,1,336397
9,73.74021028070597,383.7664033929974,5297.0,1,1,Veteran,IHS,7,TT,1,336437
10,72.73573816673965,219.07575837205601,5266.0,1,1,Veteran,IHS,7,TT,1,336477
11,71.80104774469494,231.488901719143,5281.0,1,1,Veteran,IHS,7,TT,1,336517
12,72.79347705200392,598.324937970116,5329.0,1,1,Veteran,IHS,7,TT,1,336557
13,72.3141111096378,186.65289936043158,5562.0,1,1,Veteran,IHS,7,TT,1,336597
14,69.67853818108117,303.0665982137231,5172.0,1,1,Veteran,IHS,7,TT,1,336637
15,67.10726021791862,282.4815160344701,5516.0,1,1,Veteran,IHS,7,TT,1,336677
16,70.66221522975044,360.89352139105466,5578.0,1,1,Veteran,IHS,7,TT,1,336717
17,69.55822305021523,256.24324881634755,5437.0,1,1,Veteran,IHS,7,TT,1,336757
18,72.96383562870463,483.20793494521945,5843.0,1,1,Veteran,IHS,7,TT,1,336797
19,69.42278543610263,450.26745220226564,5453.0,1,1,Veteran,IHS,7,TT,1,336837
20,70.31248510299895,227.35858625380044,6157.0,1,1,Veteran,IHS,7,TT,1,336877
21,73.73864723975905,293.6245392711404,5421.0,1,1,Veteran,IHS,7,TT,1,336917
22,72.53491170243488,242.4368008998574,5124.0,1,1,Veteran,IHS,7,TT,1,336957
23,70.48605630681756,496.42649475977777,5734.0,1,1,Veteran,IHS,7,TT,1,336997
24,69.6297337432888,281.0376987971153,5344.0,1,1,Veteran,IHS,7,TT,1,337037
25,71.59119047373241,328.7434880283976,5203.0,1,1,Veteran,IHS,7,TT,1,337077
26,72.19998830503047,252.86188441107387,4781.0,1,1,Veteran,IHS,7,TT,1,337117
27,72.68840752265216,413.41852612439106,5234.0,1,1,Veteran,IHS,7,TT,1,337157
28,73.3994537819427,193.12645161986808,5609.0,1,1,Veteran,IHS,7,TT,1,337197
29,70.6392527557651,227.75654824035385,5250.0,1,1,Veteran,IHS,7,TT,1,337237
30,68.98065950617445,273.45184032873277,5594.0,1,1,Veteran,IHS,7,TT,1,337277
31,71.97648314843009,232.28445457530844,8391.0,1,1,Veteran,IHS,7,TT,1,333117
32,70.94859701540392,510.1701206936249,6922.0,1,1,Veteran,IHS,7,TT,1,333157
33,73.4668366671779,223.51077037999224,6109.0,1,1,Veteran,IHS,7,TT,1,333197