
0,0.014492753623188406,0.7714285714285715,12000.0,1,1,Connectionist,IHS,8,TT,1,337286
1,0.014492753623188406,0.8285714285714285,13469.0,1,1,Connectionist,IHS,8,TT,1,337326
2,0.0,0.7857142857142857,11484.0,1,1,Connectionist,IHS,8,TT,1,337366
3,0.014492753623188406,0.7571428571428571,13469.0,1,1,Connectionist,IHS,8,TT,1,337406
4,0.007246376811594203,0.7285714285714286,14218.0,1,1,Connectionist,IHS,8,TT,1,337446
5,0.007246376811594203,0.7571428571428571,13328.0,1,1,Connectionist,IHS,8,TT,1,337486
6,0.014492753623188406,0.7571428571428571,14484.0,1,1,Connectionist,IHS,8,TT,1,337526
7,0.014492753623188406,0.8,13692.0,1,1,Connectionist,IHS,8,TT,1,337566
8,0.014492753623188406,0.7571428571428571,13391.0,1,1,Connectionist,IHS,8,TT,1,337606
9,0.014492753623188406,0.8,10872.0,1,1,Connectionist,IHS,8,TT,1,337646
10,0.014492753623188406,0.7142857142857143,13109.0,1,1,Connectionist,IHS,8,TT,1,337686
11,0.007246376811594203,0.7,11141.0,1,1,Connectionist,IHS,8,TT,1,337726
12,0.014492753623188406,0.7142857142857143,10828.0,1,1,Connectionist,IHS,8,TT,1,337766
13,0.007246376811594203,0.7714285714285715,12375.0,1,1,Connectionist,IHS,8,TT,1,337806
14,0.014492753623188406,0.7714285714285715,14281.0,1,1,Connectionist,IHS,8,TT,1,337846
15,0.014492753623188406,0.6857142857142857,14370.0,1,1,Connectionist,IHS,8,TT,1,337886
16,0.007246376811594203,0.7285714285714286,13625.0,1,1,Connectionist,IHS,8,TT,1,337926
17,0.007246376811594203,0.7285714285714286,11891.0,1,1,Connectionist,IHS,8,TT,1,337966
18,0.007246376811594203,0.7142857142857143,11247.0,1,1,Connectionist,IHS,8,TT,1,338006
19,0.007246376811594203,0.8142857142857143,13344.0,1,1,Connectionist,IHS,8,TT,1,338046
20,0.007246376811594203,0.7142857142857143,12937.0,1,1,Connectionist,IHS,8,TT,1,338086
21,0.007246376811594203,0.7571428571428571,13328.0,1,1,Connectionist,IHS,8,TT,1,338126
22,0.021739130434782608,0.7857142857142857,13515.0,1,1,Connectionist,IHS,8,TT,1,338166
23,0.007246376811594203,0.8714285714285714,11679.0,1,1,Connectionist,IHS,8,TT,1,338206
24,0.021739130434782608,0.8,13485.0,1,1,Connectionist,IHS,8,TT,1,338246
25,0.014492753623188406,0.7571428571428571,13203.0,1,1,Connectionist,IHS,8,TT,1,338286
26,0.021739130434782608,0.7714285714285715,14969.0,1,1,Connectionist,IHS,8,TT,1,338326
27,0.007246376811594203,0.8428571428571429,12703.0,1,1,Connectionist,IHS,8,TT,1,338366
28,0.014492753623188406,0.7571428571428571,13422.0,1,1,Connectionist,IHS,8,TT,1,338406
29,0.014492753623188406,0.7142857142857143,11859.0,1,1,Connectionist,IHS,8,TT,1,338446
30,0.014492753623188406,0.8,13313.0,1,1,Connectionist,IHS,8,TT,1,338486
31,0.014492753623188406,0.8285714285714285,16375.0,1,1,Connectionist,IHS,8,TT,1,334446
32,0.014492753623188406,0.7285714285714286,17015.0,1,1,Connectionist,IHS,8,TT,1,334486
33,0.007246376811594203,0.8142857142857143,20843.0,1,1,Connectionist,IHS,8,TT,1,334526