
0,0.017094017094017096,0.8974358974358975,13031.0,1,1,Ionosphere,IHS,8,TT,1,337297
1,0.008547008547008548,0.8632478632478633,13516.0,1,1,Ionosphere,IHS,8,TT,1,337337
2,0.008547008547008548,0.8803418803418803,12969.0,1,1,Ionosphere,IHS,8,TT,1,337377
3,0.01282051282051282,0.8717948717948718,13016.0,1,1,Ionosphere,IHS,8,TT,1,337417
4,0.017094017094017096,0.905982905982906,14437.0,1,1,Ionosphere,IHS,8,TT,1,337457
5,0.01282051282051282,0.8632478632478633,14340.0,1,1,Ionosphere,IHS,8,TT,1,337497
6,0.01282051282051282,0.9401709401709402,13187.0,1,1,Ionosphere,IHS,8,TT,1,337537
7,0.017094017094017096,0.811965811965812,15063.0,1,1,Ionosphere,IHS,8,TT,1,337577
8,0.017094017094017096,0.9145299145299145,14203.0,1,1,Ionosphere,IHS,8,TT,1,337617
9,0.01282051282051282,0.8547008547008547,13438.0,1,1,Ionosphere,IHS,8,TT,1,337657
10,0.01282051282051282,0.8717948717948718,15015.0,1,1,Ionosphere,IHS,8,TT,1,337697
11,0.01282051282051282,0.9230769230769231,13844.0,1,1,Ionosphere,IHS,8,TT,1,337737
12,0.017094017094017096,0.905982905982906,13406.0,1,1,Ionosphere,IHS,8,TT,1,337777
13,0.017094017094017096,0.8888888888888888,13078.0,1,1,Ionosphere,IHS,8,TT,1,337817
14,0.008547008547008548,0.9230769230769231,12281.0,1,1,Ionosphere,IHS,8,TT,1,337857
15,0.01282051282051282,0.9230769230769231,13094.0,1,1,Ionosphere,IHS,8,TT,1,337897
16,0.017094017094017096,0.8632478632478633,15000.0,1,1,Ionosphere,IHS,8,TT,1,337937
17,0.01282051282051282,0.9145299145299145,12469.0,1,1,Ionosphere,IHS,8,TT,1,337977
18,0.01282051282051282,0.9145299145299145,12703.0,1,1,Ionosphere,IHS,8,TT,1,338017
19,0.01282051282051282,0.8888888888888888,15219.0,1,1,Ionosphere,IHS,8,TT,1,338057
20,0.017094017094017096,0.8803418803418803,14078.0,1,1,Ionosphere,IHS,8,TT,1,338097
21,0.01282051282051282,0.9401709401709402,14375.0,1,1,Ionosphere,IHS,8,TT,1,338137
22,0.01282051282051282,0.8547008547008547,14125.0,1,1,Ionosphere,IHS,8,TT,1,338177
23,0.01282051282051282,0.9145299145299145,13239.0,1,1,Ionosphere,IHS,8,TT,1,338217
24,0.01282051282051282,0.8803418803418803,14704.0,1,1,Ionosphere,IHS,8,TT,1,338257
25,0.01282051282051282,0.8974358974358975,13671.0,1,1,Ionosphere,IHS,8,TT,1,338297
26,0.017094017094017096,0.8803418803418803,14062.0,1,1,Ionosphere,IHS,8,TT,1,338337
27,0.017094017094017096,0.8888888888888888,13016.0,1,1,Ionosphere,IHS,8,TT,1,338377
28,0.01282051282051282,0.8803418803418803,14500.0,1,1,Ionosphere,IHS,8,TT,1,338417
29,0.01282051282051282,0.905982905982906,14500.0,1,1,Ionosphere,IHS,8,TT,1,338457
30,0.017094017094017096,0.8888888888888888,15094.0,1,1,Ionosphere,IHS,8,TT,1,338497
31,0.01282051282051282,0.8803418803418803,18329.0,1,1,Ionosphere,IHS,8,TT,1,334457
32,0.01282051282051282,0.905982905982906,22313.0,1,1,Ionosphere,IHS,8,TT,1,334497
33,0.01282051282051282,0.9145299145299145,19437.0,1,1,Ionosphere,IHS,8,TT,1,334537