
3,0.033893781692020286,0.9262435677530018,457000.0,1,1,Pen,IHS,8,TT,1,337426
0,0.03669602348545503,0.9110920526014865,590028.0,1,1,Pen,IHS,8,TT,1,337306
1,0.03562850280224179,0.9165237278444825,625455.0,1,1,Pen,IHS,8,TT,1,337346
2,0.039097945022684814,0.9162378502001144,607558.0,1,1,Pen,IHS,8,TT,1,337386
4,0.03789698425406992,0.9045168667810177,522575.0,1,1,Pen,IHS,8,TT,1,337466
5,0.03536162263143849,0.923956546598056,501673.0,1,1,Pen,IHS,8,TT,1,337506
6,0.03629570322925007,0.9228130360205832,617279.0,1,1,Pen,IHS,8,TT,1,337546
8,0.03562850280224179,0.9325328759291024,575530.0,1,1,Pen,IHS,8,TT,1,337626
11,0.03843074459567654,0.931961120640366,461047.0,1,1,Pen,IHS,8,TT,1,337746
7,0.03763010408326661,0.9196683819325329,629840.0,1,1,Pen,IHS,8,TT,1,337586
10,0.03949826527888978,0.9262435677530018,546403.0,1,1,Pen,IHS,8,TT,1,337706
9,0.0344275420336269,0.933390508862207,630510.0,1,1,Pen,IHS,8,TT,1,337666
15,0.03616226314384841,0.9305317324185248,454282.0,1,1,Pen,IHS,8,TT,1,337906
14,0.03736322391246331,0.915666094911378,545875.0,1,1,Pen,IHS,8,TT,1,337866
13,0.03749666399786496,0.9351057747284163,613512.0,1,1,Pen,IHS,8,TT,1,337826
12,0.03536162263143849,0.9313893653516295,670640.0,1,1,Pen,IHS,8,TT,1,337786
16,0.0358953829730451,0.9356775300171527,552174.0,1,1,Pen,IHS,8,TT,1,337946
17,0.03763010408326661,0.9208118925100057,531965.0,1,1,Pen,IHS,8,TT,1,337986
18,0.03896450493728316,0.9268153230417382,527689.0,1,1,Pen,IHS,8,TT,1,338026
20,0.03976514544969309,0.907661520869068,465688.0,1,1,Pen,IHS,8,TT,1,338106
19,0.038564184681078195,0.9285305889079474,548750.0,1,1,Pen,IHS,8,TT,1,338066
23,0.038564184681078195,0.9145225843339051,549840.0,1,1,Pen,IHS,8,TT,1,338226
21,0.036028823058446756,0.9299599771297884,659262.0,1,1,Pen,IHS,8,TT,1,338146
22,0.03722978382706165,0.934819897084048,620828.0,1,1,Pen,IHS,8,TT,1,338186
26,0.03763010408326661,0.8959405374499714,480360.0,1,1,Pen,IHS,8,TT,1,338346
25,0.03322658126501201,0.9133790737564322,544140.0,1,1,Pen,IHS,8,TT,1,338306
24,0.03682946357085669,0.9182389937106918,646528.0,1,1,Pen,IHS,8,TT,1,338266
27,0.03722978382706165,0.9293882218410521,517668.0,1,1,Pen,IHS,8,TT,1,338386
28,0.03482786228983187,0.9205260148656376,582308.0,1,1,Pen,IHS,8,TT,1,338426
29,0.0358953829730451,0.917095483133219,622281.0,1,1,Pen,IHS,8,TT,1,338466
30,0.038564184681078195,0.934819897084048,583954.0,1,1,Pen,IHS,8,TT,1,338506
31,0.03829730451027489,0.9173813607775871,727408.0,1,1,Pen,IHS,8,TT,1,334466
32,0.03763010408326661,0.9216695254431103,814172.0,1,1,Pen,IHS,8,TT,1,334506
33,0.036562583400053375,0.9256718124642653,783001.0,1,1,Pen,IHS,8,TT,1,334546