
0,0.010554089709762533,0.9473684210526316,19234.0,1,1,Wdbc,IHS,8,TT,1,337308
1,0.010554089709762533,0.9631578947368421,20788.0,1,1,Wdbc,IHS,8,TT,1,337348
2,0.010554089709762533,0.9578947368421052,18532.0,1,1,Wdbc,IHS,8,TT,1,337388
3,0.010554089709762533,0.9421052631578948,18704.0,1,1,Wdbc,IHS,8,TT,1,337428
4,0.010554089709762533,0.9736842105263158,20641.0,1,1,Wdbc,IHS,8,TT,1,337468
5,0.010554089709762533,0.9578947368421052,19953.0,1,1,Wdbc,IHS,8,TT,1,337508
6,0.010554089709762533,0.9526315789473684,18672.0,1,1,Wdbc,IHS,8,TT,1,337548
7,0.010554089709762533,0.968421052631579,21375.0,1,1,Wdbc,IHS,8,TT,1,337588
8,0.010554089709762533,0.9578947368421052,19375.0,1,1,Wdbc,IHS,8,TT,1,337628
9,0.010554089709762533,0.968421052631579,19531.0,1,1,Wdbc,IHS,8,TT,1,337668
10,0.010554089709762533,0.9736842105263158,19985.0,1,1,Wdbc,IHS,8,TT,1,337708
11,0.010554089709762533,0.9789473684210527,19609.0,1,1,Wdbc,IHS,8,TT,1,337748
12,0.010554089709762533,0.9578947368421052,20406.0,1,1,Wdbc,IHS,8,TT,1,337788
13,0.010554089709762533,0.968421052631579,18750.0,1,1,Wdbc,IHS,8,TT,1,337828
14,0.010554089709762533,0.968421052631579,17704.0,1,1,Wdbc,IHS,8,TT,1,337868
15,0.010554089709762533,0.9736842105263158,20328.0,1,1,Wdbc,IHS,8,TT,1,337908
16,0.010554089709762533,0.9473684210526316,20469.0,1,1,Wdbc,IHS,8,TT,1,337948
17,0.0079155672823219,0.9526315789473684,21937.0,1,1,Wdbc,IHS,8,TT,1,337988
18,0.0079155672823219,0.9526315789473684,18172.0,1,1,Wdbc,IHS,8,TT,1,338028
19,0.010554089709762533,0.9526315789473684,20000.0,1,1,Wdbc,IHS,8,TT,1,338068
20,0.010554089709762533,0.9578947368421052,18559.0,1,1,Wdbc,IHS,8,TT,1,338108
21,0.010554089709762533,0.9578947368421052,20157.0,1,1,Wdbc,IHS,8,TT,1,338148
22,0.010554089709762533,0.9631578947368421,19594.0,1,1,Wdbc,IHS,8,TT,1,338188
23,0.010554089709762533,0.9526315789473684,19095.0,1,1,Wdbc,IHS,8,TT,1,338228
24,0.010554089709762533,0.968421052631579,21828.0,1,1,Wdbc,IHS,8,TT,1,338268
25,0.010554089709762533,0.9736842105263158,19594.0,1,1,Wdbc,IHS,8,TT,1,338308
26,0.0079155672823219,0.9578947368421052,21203.0,1,1,Wdbc,IHS,8,TT,1,338348
27,0.010554089709762533,0.9631578947368421,20031.0,1,1,Wdbc,IHS,8,TT,1,338388
28,0.010554089709762533,0.9578947368421052,20594.0,1,1,Wdbc,IHS,8,TT,1,338428
29,0.0079155672823219,0.9578947368421052,20125.0,1,1,Wdbc,IHS,8,TT,1,338468
30,0.010554089709762533,0.9578947368421052,20125.0,1,1,Wdbc,IHS,8,TT,1,338508
31,0.010554089709762533,0.968421052631579,23453.0,1,1,Wdbc,IHS,8,TT,1,334468
32,0.0079155672823219,0.9526315789473684,22359.0,1,1,Wdbc,IHS,8,TT,1,334508
33,0.010554089709762533,0.9631578947368421,28141.0,1,1,Wdbc,IHS,8,TT,1,334548