
0,0.0,0.9857142857142858,6922.0,1,1,Seeds,IHS,9,TT,1,338542
1,0.0,0.9571428571428572,6516.0,1,1,Seeds,IHS,9,TT,1,338582
2,0.0,0.9571428571428572,7499.0,1,1,Seeds,IHS,9,TT,1,338622
3,0.0,0.9428571428571428,6563.0,1,1,Seeds,IHS,9,TT,1,338662
4,0.0,0.9571428571428572,7141.0,1,1,Seeds,IHS,9,TT,1,338702
5,0.0,0.9571428571428572,7344.0,1,1,Seeds,IHS,9,TT,1,338742
6,0.0,0.9428571428571428,7235.0,1,1,Seeds,IHS,9,TT,1,338782
7,0.0,0.9428571428571428,8562.0,1,1,Seeds,IHS,9,TT,1,338822
8,0.0,0.9571428571428572,7000.0,1,1,Seeds,IHS,9,TT,1,338862
9,0.0,0.9428571428571428,8578.0,1,1,Seeds,IHS,9,TT,1,338902
10,0.0,0.9857142857142858,6828.0,1,1,Seeds,IHS,9,TT,1,338942
11,0.0,0.9857142857142858,6984.0,1,1,Seeds,IHS,9,TT,1,338982
12,0.0,1.0,7172.0,1,1,Seeds,IHS,9,TT,1,339022
13,0.0,0.9714285714285714,6875.0,1,1,Seeds,IHS,9,TT,1,339062
14,0.0,0.9428571428571428,7063.0,1,1,Seeds,IHS,9,TT,1,339102
15,0.0,0.9714285714285714,6968.0,1,1,Seeds,IHS,9,TT,1,339142
16,0.0,0.9714285714285714,7937.0,1,1,Seeds,IHS,9,TT,1,339182
17,0.0,0.9714285714285714,7250.0,1,1,Seeds,IHS,9,TT,1,339222
18,0.0,0.9428571428571428,6890.0,1,1,Seeds,IHS,9,TT,1,339262
19,0.0,0.9714285714285714,7828.0,1,1,Seeds,IHS,9,TT,1,339302
20,0.0,0.9428571428571428,7640.0,1,1,Seeds,IHS,9,TT,1,339342
21,0.0,0.9714285714285714,8059.0,1,1,Seeds,IHS,9,TT,1,339382
22,0.0,0.9714285714285714,7187.0,1,1,Seeds,IHS,9,TT,1,339422
23,0.0,0.9571428571428572,7500.0,1,1,Seeds,IHS,9,TT,1,339462
24,0.0,0.9714285714285714,6953.0,1,1,Seeds,IHS,9,TT,1,339502
25,0.0,0.9285714285714286,7063.0,1,1,Seeds,IHS,9,TT,1,339542
26,0.0,0.9714285714285714,6844.0,1,1,Seeds,IHS,9,TT,1,339582
27,0.0,0.9857142857142858,6844.0,1,1,Seeds,IHS,9,TT,1,339622
28,0.0,0.9571428571428572,7094.0,1,1,Seeds,IHS,9,TT,1,339662
29,0.0,1.0,7578.0,1,1,Seeds,IHS,9,TT,1,339702
30,0.0,0.9571428571428572,7360.0,1,1,Seeds,IHS,9,TT,1,339742
31,0.0,0.9714285714285714,8266.0,1,1,Seeds,IHS,9,TT,1,335822
32,0.0,0.9571428571428572,10093.0,1,1,Seeds,IHS,9,TT,1,335862
33,0.0,0.9571428571428572,9049.0,1,1,Seeds,IHS,9,TT,1,335902