
0,0.6927889301449329,1.3183048319513,8757.0,1,1,BodyFat,M_ELM,0,TT,0,165570
1,0.7214231611572707,1.1983500961719769,8187.0,1,1,BodyFat,M_ELM,0,TT,0,165571
2,0.7033607965437052,1.4805206968640778,8061.0,1,1,BodyFat,M_ELM,0,TT,0,165572
3,0.6985165194811774,0.9772301134986678,7955.0,1,1,BodyFat,M_ELM,0,TT,0,165573
4,0.65866372320601,1.5294421212431473,8095.0,1,1,BodyFat,M_ELM,0,TT,0,165574
5,0.7001890910630107,1.2076170513973234,7993.0,1,1,BodyFat,M_ELM,0,TT,0,165575
6,0.6951153234232296,1.3721383766961104,8100.0,1,1,BodyFat,M_ELM,0,TT,0,165576
7,0.7446517198899661,1.1139983572750505,8016.0,1,1,BodyFat,M_ELM,0,TT,0,165577
8,0.6807451300786428,2.0704786154902934,8003.0,1,1,BodyFat,M_ELM,0,TT,0,165578
9,0.6797198874294933,1.9209741451231075,8142.0,1,1,BodyFat,M_ELM,0,TT,0,165579
10,0.7104329161462573,1.0647285575132237,8069.0,1,1,BodyFat,M_ELM,0,TT,0,165580
11,0.6895422240141652,2.436678534927149,8070.0,1,1,BodyFat,M_ELM,0,TT,0,165581
12,0.6603166861062154,1.843807767083852,8171.0,1,1,BodyFat,M_ELM,0,TT,0,165582
13,0.6914693976624594,1.7376865193490836,10234.0,1,1,BodyFat,M_ELM,0,TT,0,165583
14,0.7125761697862371,1.1569474400825888,8810.0,1,1,BodyFat,M_ELM,0,TT,0,165584
15,0.6933601275828749,1.6591172498298516,10960.0,1,1,BodyFat,M_ELM,0,TT,0,165585
16,0.6971130590829362,1.3083771824678723,9898.0,1,1,BodyFat,M_ELM,0,TT,0,165586
17,0.6799753508306282,0.8868664414495553,8203.0,1,1,BodyFat,M_ELM,0,TT,0,165587
18,0.6935062832867148,1.2582945549632036,8867.0,1,1,BodyFat,M_ELM,0,TT,0,165588
19,0.7146399527172804,1.0497377128004364,8073.0,1,1,BodyFat,M_ELM,0,TT,0,165589
20,0.6479604726948388,3.07600344524256,8079.0,1,1,BodyFat,M_ELM,0,TT,0,165590
21,0.7100677557549236,1.9351733040620755,8132.0,1,1,BodyFat,M_ELM,0,TT,0,165591
22,0.7332583630133167,1.1837023331387988,7938.0,1,1,BodyFat,M_ELM,0,TT,0,165592
23,0.715916901344254,1.3803298779015734,8060.0,1,1,BodyFat,M_ELM,0,TT,0,165593
24,0.7177370558296319,1.2141182629975518,7980.0,1,1,BodyFat,M_ELM,0,TT,0,165594
25,0.7008690242504779,1.0465003654585614,8051.0,1,1,BodyFat,M_ELM,0,TT,0,165595
26,0.6705509805700074,1.0823430509595584,11170.0,1,1,BodyFat,M_ELM,0,TT,0,165596
27,0.6998018578750801,1.4161523554392916,8115.0,1,1,BodyFat,M_ELM,0,TT,0,165597
28,0.6863069744772496,1.0222244493385886,8168.0,1,1,BodyFat,M_ELM,0,TT,0,165598
29,0.6980107120014778,1.1348308040726327,8159.0,1,1,BodyFat,M_ELM,0,TT,0,165599
30,0.7277499171652908,1.2624251574514083,8968.0,1,1,BodyFat,M_ELM,0,TT,0,171119
31,0.7122812855064868,1.161143946555784,10796.0,1,1,BodyFat,M_ELM,0,TT,0,163119
32,0.6916329390934186,2.4156282102580757,9672.0,1,1,BodyFat,M_ELM,0,TT,0,163159
33,0.7081947216827387,1.389077183841823,9954.0,1,1,BodyFat,M_ELM,0,TT,0,163199