
0,0.20600000000000002,0.782258064516129,19785.0,1,1,Blood,HS,0,CV,1,192060
1,0.21200000000000002,0.7983870967741935,19641.0,1,1,Blood,HS,0,CV,1,192061
2,0.20999999999999996,0.782258064516129,20885.0,1,1,Blood,HS,0,CV,1,232402
3,0.20999999999999996,0.8024193548387097,19751.0,1,1,Blood,HS,0,CV,1,232403
4,0.20800000000000002,0.7862903225806451,19686.0,1,1,Blood,HS,0,CV,1,232404
5,0.20999999999999996,0.7741935483870968,22288.0,1,1,Blood,HS,0,CV,1,232405
6,0.20800000000000002,0.7782258064516129,19645.0,1,1,Blood,HS,0,CV,1,232406
7,0.20800000000000002,0.782258064516129,19616.0,1,1,Blood,HS,0,CV,1,232407
8,0.21200000000000002,0.7701612903225806,19859.0,1,1,Blood,HS,0,CV,1,232408
9,0.21399999999999997,0.7701612903225806,19386.0,1,1,Blood,HS,0,CV,1,232409
10,0.21200000000000002,0.7862903225806451,26675.0,1,1,Blood,HS,0,CV,1,232410
11,0.21200000000000002,0.7862903225806451,24605.0,1,1,Blood,HS,0,CV,1,232411
12,0.21399999999999997,0.7620967741935484,25349.0,1,1,Blood,HS,0,CV,1,232412
13,0.20800000000000002,0.7903225806451613,24641.0,1,1,Blood,HS,0,CV,1,232413
14,0.20999999999999996,0.7701612903225806,19758.0,1,1,Blood,HS,0,CV,1,232414
15,0.21200000000000002,0.7862903225806451,18137.0,1,1,Blood,HS,0,CV,1,232415
16,0.20999999999999996,0.7741935483870968,19525.0,1,1,Blood,HS,0,CV,1,232416
17,0.21000000000000002,0.7701612903225806,19520.0,1,1,Blood,HS,0,CV,1,232417
18,0.21399999999999997,0.7701612903225806,20929.0,1,1,Blood,HS,0,CV,1,232418
19,0.20800000000000002,0.7741935483870968,19484.0,1,1,Blood,HS,0,CV,1,232419
20,0.20999999999999996,0.7661290322580645,19948.0,1,1,Blood,HS,0,CV,1,232420
21,0.21200000000000002,0.7903225806451613,22213.0,1,1,Blood,HS,0,CV,1,232421
22,0.20999999999999996,0.7701612903225806,18026.0,1,1,Blood,HS,0,CV,1,232422
23,0.21200000000000002,0.7862903225806451,18199.0,1,1,Blood,HS,0,CV,1,232423
24,0.20800000000000002,0.7620967741935484,28229.0,1,1,Blood,HS,0,CV,1,192084
25,0.21400000000000002,0.7540322580645161,19234.0,1,1,Blood,HS,0,CV,1,232425
26,0.21200000000000002,0.8024193548387097,24273.0,1,1,Blood,HS,0,CV,1,232426
27,0.20999999999999996,0.7741935483870968,21015.0,1,1,Blood,HS,0,CV,1,232427
28,0.21200000000000002,0.7741935483870968,19696.0,1,1,Blood,HS,0,CV,1,192088
29,0.21200000000000002,0.7701612903225806,19297.0,1,1,Blood,HS,0,CV,1,232429
30,0.21200000000000002,0.782258064516129,25642.0,1,1,Blood,HS,0,CV,1,232430
31,0.20800000000000002,0.7620967741935484,24488.0,1,1,Blood,HS,0,CV,1,232431
32,0.21200000000000002,0.782258064516129,21010.0,1,1,Blood,HS,0,CV,1,232432
33,0.20800000000000002,0.7862903225806451,19263.0,1,1,Blood,HS,0,CV,1,232433
34,0.21200000000000002,0.782258064516129,19515.0,1,1,Blood,HS,0,CV,1,232434