
0,0.12857142857142856,0.8,3484.0,1,1,Fertility,HS,0,CV,1,232715
1,0.17142857142857143,0.8,4484.0,1,1,Fertility,HS,0,CV,1,232716
2,0.12857142857142856,0.7,3654.0,1,1,Fertility,HS,0,CV,1,192332
3,0.14285714285714285,0.8,3453.0,1,1,Fertility,HS,0,CV,1,232718
4,0.12857142857142856,0.8333333333333334,3604.0,1,1,Fertility,HS,0,CV,1,192334
5,0.08571428571428572,0.7333333333333334,4348.0,1,1,Fertility,HS,0,CV,1,232720
6,0.14285714285714285,0.7,3530.0,1,1,Fertility,HS,0,CV,1,232721
7,0.14285714285714285,0.6666666666666667,3495.0,1,1,Fertility,HS,0,CV,1,232722
8,0.14285714285714285,0.7666666666666666,3438.0,1,1,Fertility,HS,0,CV,1,232723
9,0.12857142857142856,0.8,3687.0,1,1,Fertility,HS,0,CV,1,192339
10,0.15714285714285714,0.8,4594.0,1,1,Fertility,HS,0,CV,1,232725
11,0.14285714285714285,0.7,3467.0,1,1,Fertility,HS,0,CV,1,232726
12,0.11428571428571428,0.7666666666666666,3606.0,1,1,Fertility,HS,0,CV,1,232727
13,0.14285714285714285,0.6666666666666667,3541.0,1,1,Fertility,HS,0,CV,1,232728
14,0.1571428571428571,0.6666666666666667,3530.0,1,1,Fertility,HS,0,CV,1,232729
15,0.11428571428571428,0.7666666666666666,3877.0,1,1,Fertility,HS,0,CV,1,232730
16,0.14285714285714285,0.8,3461.0,1,1,Fertility,HS,0,CV,1,232731
17,0.1714285714285714,0.7666666666666666,4410.0,1,1,Fertility,HS,0,CV,1,232732
18,0.1,0.7666666666666666,4431.0,1,1,Fertility,HS,0,CV,1,232733
19,0.1571428571428571,0.7333333333333334,3645.0,1,1,Fertility,HS,0,CV,1,232734
20,0.1571428571428571,0.7666666666666666,4906.0,1,1,Fertility,HS,0,CV,1,232735
21,0.1571428571428571,0.7666666666666666,4344.0,1,1,Fertility,HS,0,CV,1,232736
22,0.11428571428571428,0.5,3600.0,1,1,Fertility,HS,0,CV,1,192352
23,0.14285714285714285,0.6,4352.0,1,1,Fertility,HS,0,CV,1,192353
24,0.14285714285714285,0.8,3799.0,1,1,Fertility,HS,0,CV,1,232739
25,0.14285714285714285,0.8,3500.0,1,1,Fertility,HS,0,CV,1,232740
26,0.11428571428571428,0.8666666666666667,3421.0,1,1,Fertility,HS,0,CV,1,232741
27,0.12857142857142856,0.7,4718.0,1,1,Fertility,HS,0,CV,1,232742
28,0.15714285714285714,0.7,3596.0,1,1,Fertility,HS,0,CV,1,232743
29,0.14285714285714285,0.6666666666666667,3522.0,1,1,Fertility,HS,0,CV,1,232744
30,0.14285714285714285,0.8333333333333334,3422.0,1,1,Fertility,HS,0,CV,1,232745
31,0.1571428571428571,0.6333333333333333,3488.0,1,1,Fertility,HS,0,CV,1,232746
32,0.14285714285714285,0.7,3485.0,1,1,Fertility,HS,0,CV,1,232747
33,0.1571428571428571,0.7333333333333334,3486.0,1,1,Fertility,HS,0,CV,1,232748
34,0.14285714285714285,0.7666666666666666,4694.0,1,1,Fertility,HS,0,CV,1,232749