
0,0.23500000000000001,0.696078431372549,8234.0,1,1,Haberman,HS,0,CV,1,232785
1,0.23523809523809525,0.6862745098039216,8328.0,1,1,Haberman,HS,0,CV,1,232786
2,0.23523809523809525,0.696078431372549,8125.0,1,1,Haberman,HS,0,CV,1,232787
3,0.22500000000000003,0.6862745098039216,8204.0,1,1,Haberman,HS,0,CV,1,232788
4,0.23500000000000001,0.6862745098039216,8449.0,1,1,Haberman,HS,0,CV,1,232789
5,0.22571428571428576,0.6568627450980392,8257.0,1,1,Haberman,HS,0,CV,1,232790
6,0.23047619047619045,0.6470588235294117,8355.0,1,1,Haberman,HS,0,CV,1,232791
7,0.22547619047619052,0.696078431372549,8203.0,1,1,Haberman,HS,0,CV,1,232792
8,0.22547619047619052,0.7058823529411764,8345.0,1,1,Haberman,HS,0,CV,1,192398
9,0.23500000000000001,0.696078431372549,10578.0,1,1,Haberman,HS,0,CV,1,232794
10,0.23500000000000004,0.696078431372549,11208.0,1,1,Haberman,HS,0,CV,1,232795
11,0.23500000000000004,0.7058823529411764,11188.0,1,1,Haberman,HS,0,CV,1,232796
12,0.23023809523809521,0.6666666666666667,7778.0,1,1,Haberman,HS,0,CV,1,232797
13,0.21619047619047618,0.696078431372549,8340.0,1,1,Haberman,HS,0,CV,1,232798
14,0.23047619047619045,0.6764705882352942,10614.0,1,1,Haberman,HS,0,CV,1,232799
15,0.23000000000000004,0.696078431372549,8250.0,1,1,Haberman,HS,0,CV,1,232800
16,0.23000000000000004,0.6862745098039216,10626.0,1,1,Haberman,HS,0,CV,1,192406
17,0.22523809523809518,0.6764705882352942,8607.0,1,1,Haberman,HS,0,CV,1,232802
18,0.23523809523809525,0.696078431372549,8474.0,1,1,Haberman,HS,0,CV,1,232803
19,0.23500000000000001,0.6764705882352942,8515.0,1,1,Haberman,HS,0,CV,1,232804
20,0.22547619047619047,0.6666666666666667,8421.0,1,1,Haberman,HS,0,CV,1,232805
21,0.22976190476190478,0.696078431372549,8401.0,1,1,Haberman,HS,0,CV,1,192411
22,0.23047619047619045,0.6568627450980392,8341.0,1,1,Haberman,HS,0,CV,1,232807
23,0.22999999999999998,0.7058823529411764,8251.0,1,1,Haberman,HS,0,CV,1,232808
24,0.2252380952380953,0.6666666666666667,9079.0,1,1,Haberman,HS,0,CV,1,232809
25,0.2304761904761905,0.6862745098039216,7872.0,1,1,Haberman,HS,0,CV,1,232810
26,0.23000000000000004,0.7156862745098039,10593.0,1,1,Haberman,HS,0,CV,1,232811
27,0.23023809523809521,0.6764705882352942,11434.0,1,1,Haberman,HS,0,CV,1,232812
28,0.23476190476190478,0.6666666666666667,9559.0,1,1,Haberman,HS,0,CV,1,232813
29,0.23023809523809527,0.6764705882352942,11355.0,1,1,Haberman,HS,0,CV,1,232814
31,0.23500000000000001,0.6862745098039216,8532.0,1,1,Haberman,HS,0,CV,1,232816
32,0.23047619047619045,0.7058823529411764,9120.0,1,1,Haberman,HS,0,CV,1,232817
33,0.23523809523809525,0.6372549019607843,9102.0,1,1,Haberman,HS,0,CV,1,232818
34,0.23500000000000001,0.696078431372549,10292.0,1,1,Haberman,HS,0,CV,1,232819
30,0.23452380952380952,0.6862745098039216,9600.0,1,1,Haberman,HS,0,CV,1,199613