
0,0.8218415478630542,0.8077236407585842,18444.0,1,1,Sensory,HS,0,CV,1,233555
1,0.8271225249416378,0.8306209194748925,16344.0,1,1,Sensory,HS,0,CV,1,233556
2,0.7960754333211764,0.845301743050867,16312.0,1,1,Sensory,HS,0,CV,1,233557
3,0.8109767280444761,0.7928598677831247,16202.0,1,1,Sensory,HS,0,CV,1,193053
4,0.808645096431934,0.8220827510786188,20290.0,1,1,Sensory,HS,0,CV,1,233559
5,0.8130139794164275,0.8149074364583679,20500.0,1,1,Sensory,HS,0,CV,1,233560
6,0.8188849998531154,0.8357140418691535,16206.0,1,1,Sensory,HS,0,CV,1,233561
7,0.8163044275408569,0.8573361025690329,16764.0,1,1,Sensory,HS,0,CV,1,193057
8,0.8180078614728524,0.7903470599794198,16266.0,1,1,Sensory,HS,0,CV,1,233563
9,0.8096864108483974,0.8078241465400461,16721.0,1,1,Sensory,HS,0,CV,1,233564
10,0.815080254903538,0.8428983913001881,16243.0,1,1,Sensory,HS,0,CV,1,233565
11,0.8162137168470233,0.7841194431459569,21881.0,1,1,Sensory,HS,0,CV,1,233566
12,0.8179056637369383,0.8550785526559741,16343.0,1,1,Sensory,HS,0,CV,1,233567
13,0.8155668399223618,0.821523921902189,20953.0,1,1,Sensory,HS,0,CV,1,233568
14,0.818206586938753,0.8331432294549563,16282.0,1,1,Sensory,HS,0,CV,1,233569
15,0.8068427276993031,0.8176381868349298,18323.0,1,1,Sensory,HS,0,CV,1,193065
16,0.8140739176890686,0.8551351413121434,16250.0,1,1,Sensory,HS,0,CV,1,233571
17,0.8249832687401188,0.8785271427871942,16765.0,1,1,Sensory,HS,0,CV,1,233572
18,0.809673429042045,0.8626070606884286,21633.0,1,1,Sensory,HS,0,CV,1,233573
19,0.8309282564962995,0.7923838786493054,21810.0,1,1,Sensory,HS,0,CV,1,233574
20,0.8235941724388022,0.7791629001220951,16591.0,1,1,Sensory,HS,0,CV,1,233575
21,0.8198652394466663,0.803265547433434,16002.0,1,1,Sensory,HS,0,CV,1,193071
22,0.812609718700395,0.7647780904490944,20146.0,1,1,Sensory,HS,0,CV,1,233577
23,0.8219160986047533,0.84393588132452,16298.0,1,1,Sensory,HS,0,CV,1,233578
24,0.8113472668672992,0.7916662301954828,21865.0,1,1,Sensory,HS,0,CV,1,233579
25,0.805118741125424,0.8236530345313376,20112.0,1,1,Sensory,HS,0,CV,1,233580
26,0.8283195779949031,0.824601333485786,15829.0,1,1,Sensory,HS,0,CV,1,193076
27,0.8030701443077428,0.8108574963245252,15628.0,1,1,Sensory,HS,0,CV,1,233582
28,0.815579909569189,0.8128386276842762,20406.0,1,1,Sensory,HS,0,CV,1,233583
29,0.8076705069836801,0.8207902950431851,16168.0,1,1,Sensory,HS,0,CV,1,193079
30,0.8030685195865699,0.8119765014232382,18270.0,1,1,Sensory,HS,0,CV,1,233585
31,0.8131105595175108,0.7964578813504452,20594.0,1,1,Sensory,HS,0,CV,1,233586
32,0.8132859330749106,0.8195732066312155,18214.0,1,1,Sensory,HS,0,CV,1,233587
33,0.8220410478246357,0.7806970952624978,21640.0,1,1,Sensory,HS,0,CV,1,233588
34,0.8205820842735235,0.7897629860802113,16328.0,1,1,Sensory,HS,0,CV,1,233589