
0,0.22758620689655173,0.765625,31764.0,1,1,Diabetes,HS,10,CV,1,247345
1,0.22062915910465822,0.7708333333333334,32276.0,1,1,Diabetes,HS,10,CV,1,247346
2,0.22767695099818513,0.7395833333333333,38007.0,1,1,Diabetes,HS,10,CV,1,247347
3,0.22419842710223836,0.7552083333333334,21575.0,1,1,Diabetes,HS,10,CV,1,247348
4,0.22943133696309745,0.7552083333333334,22265.0,1,1,Diabetes,HS,10,CV,1,247349
5,0.22770719903206288,0.75,37407.0,1,1,Diabetes,HS,10,CV,1,247350
6,0.2310647307924985,0.7291666666666667,30843.0,1,1,Diabetes,HS,10,CV,1,247351
7,0.22946158499697517,0.7447916666666667,31243.0,1,1,Diabetes,HS,10,CV,1,247352
8,0.22758620689655173,0.7604166666666666,31006.0,1,1,Diabetes,HS,10,CV,1,247353
9,0.22250453720508165,0.7604166666666666,31207.0,1,1,Diabetes,HS,10,CV,1,247354
10,0.22586206896551725,0.7447916666666667,23149.0,1,1,Diabetes,HS,10,CV,1,247355
11,0.2294010889292196,0.7447916666666667,24173.0,1,1,Diabetes,HS,10,CV,1,247356
12,0.22586206896551725,0.7291666666666667,37720.0,1,1,Diabetes,HS,10,CV,1,247357
13,0.22767695099818513,0.7604166666666666,30462.0,1,1,Diabetes,HS,10,CV,1,247358
14,0.22410768300060493,0.7395833333333333,23152.0,1,1,Diabetes,HS,10,CV,1,247359
15,0.2240774349667271,0.7708333333333334,29028.0,1,1,Diabetes,HS,10,CV,1,247360
16,0.22758620689655173,0.7552083333333334,31758.0,1,1,Diabetes,HS,10,CV,1,247361
17,0.2293708408953418,0.7552083333333334,29958.0,1,1,Diabetes,HS,10,CV,1,247362
18,0.22250453720508165,0.7447916666666667,29272.0,1,1,Diabetes,HS,10,CV,1,247363
19,0.22434966727162733,0.7447916666666667,23222.0,1,1,Diabetes,HS,10,CV,1,204289
20,0.22758620689655173,0.7291666666666667,29094.0,1,1,Diabetes,HS,10,CV,1,247365
21,0.22410768300060493,0.7760416666666666,26221.0,1,1,Diabetes,HS,10,CV,1,247366
22,0.22589231699939502,0.7604166666666666,24013.0,1,1,Diabetes,HS,10,CV,1,247367
23,0.22241379310344828,0.7552083333333334,25644.0,1,1,Diabetes,HS,10,CV,1,247368
24,0.22422867513611616,0.7552083333333334,30245.0,1,1,Diabetes,HS,10,CV,1,247369
25,0.2224137931034483,0.7395833333333333,23064.0,1,1,Diabetes,HS,10,CV,1,247370
26,0.22934059286146397,0.71875,23770.0,1,1,Diabetes,HS,10,CV,1,247371
27,0.22943133696309737,0.7760416666666666,23763.0,1,1,Diabetes,HS,10,CV,1,247372
28,0.22770719903206293,0.7447916666666667,23443.0,1,1,Diabetes,HS,10,CV,1,247373
29,0.22598306110102845,0.75,28797.0,1,1,Diabetes,HS,10,CV,1,247374
30,0.22758620689655173,0.7447916666666667,28625.0,1,1,Diabetes,HS,10,CV,1,247375
31,0.22407743496672722,0.7291666666666667,28906.0,1,1,Diabetes,HS,10,CV,1,247376
32,0.2275257108287961,0.7239583333333333,24296.0,1,1,Diabetes,HS,10,CV,1,247377
33,0.22755595886267393,0.7552083333333334,21513.0,1,1,Diabetes,HS,10,CV,1,247378
34,0.21884452510586816,0.75,28989.0,1,1,Diabetes,HS,10,CV,1,247379