
0,0.06774363320711385,0.8714524207011686,373716.0,1,1,Optdigits,HS,10,CV,1,247765
1,0.06722280699356144,0.889259877573734,371879.0,1,1,Optdigits,HS,10,CV,1,247766
2,0.0646043224474731,0.8848080133555927,230969.0,1,1,Optdigits,HS,10,CV,1,204632
3,0.0693136303364182,0.8903728436282693,368882.0,1,1,Optdigits,HS,10,CV,1,247768
4,0.06644088417426489,0.895937673900946,331801.0,1,1,Optdigits,HS,10,CV,1,247769
5,0.0656569108580646,0.899276572064552,360106.0,1,1,Optdigits,HS,10,CV,1,247770
6,0.0646036389485052,0.8859209794101279,358804.0,1,1,Optdigits,HS,10,CV,1,247771
7,0.06722075649665768,0.8809126321647189,261015.0,1,1,Optdigits,HS,10,CV,1,247772
8,0.07219047749237899,0.8686700055648302,338804.0,1,1,Optdigits,HS,10,CV,1,247773
9,0.06800336281492214,0.8981636060100167,403486.0,1,1,Optdigits,HS,10,CV,1,247774
10,0.061727475291512304,0.9003895381190874,421563.0,1,1,Optdigits,HS,10,CV,1,247775
11,0.07062594835481797,0.9015025041736227,288091.0,1,1,Optdigits,HS,10,CV,1,247776
12,0.06617978756852076,0.8881469115191987,295554.0,1,1,Optdigits,HS,10,CV,1,247777
13,0.06721733900181812,0.8864774624373957,275491.0,1,1,Optdigits,HS,10,CV,1,247778
14,0.06931363033641819,0.890929326655537,291025.0,1,1,Optdigits,HS,10,CV,1,247779
15,0.06722895848427268,0.8814691151919867,202432.0,1,1,Optdigits,HS,10,CV,1,247780
16,0.07009623665468265,0.8948247078464107,297386.0,1,1,Optdigits,HS,10,CV,1,247781
17,0.0680095143056334,0.89259877573734,202822.0,1,1,Optdigits,HS,10,CV,1,247782
18,0.06931089634054652,0.864218141346689,385415.0,1,1,Optdigits,HS,10,CV,1,247783
19,0.06774363320711385,0.8887033945464663,289472.0,1,1,Optdigits,HS,10,CV,1,204649
20,0.06068240536956789,0.9098497495826378,370298.0,1,1,Optdigits,HS,10,CV,1,247785
21,0.06748185310240182,0.8931552587646077,285401.0,1,1,Optdigits,HS,10,CV,1,247786
22,0.06722212349459353,0.8948247078464107,287065.0,1,1,Optdigits,HS,10,CV,1,247787
23,0.07009281915984307,0.8881469115191987,265299.0,1,1,Optdigits,HS,10,CV,1,247788
24,0.06774500020504969,0.8853644963828603,293584.0,1,1,Optdigits,HS,10,CV,1,247789
25,0.06800336281492216,0.8781302170283807,277742.0,1,1,Optdigits,HS,10,CV,1,247790
26,0.06617363607780953,0.8931552587646077,312437.0,1,1,Optdigits,HS,10,CV,1,247791
27,0.06459680395882603,0.9053978853644964,316611.0,1,1,Optdigits,HS,10,CV,1,247792
28,0.06931499733435402,0.8831385642737897,305297.0,1,1,Optdigits,HS,10,CV,1,247793
29,0.06538692876573757,0.8853644963828603,292661.0,1,1,Optdigits,HS,10,CV,1,247794
30,0.0703587002583626,0.8797996661101837,217886.0,1,1,Optdigits,HS,10,CV,1,247795
31,0.06330157341462414,0.8714524207011686,333317.0,1,1,Optdigits,HS,10,CV,1,247796
32,0.06931294683745028,0.9037284362826934,312979.0,1,1,Optdigits,HS,10,CV,1,247797
33,0.0659091219772258,0.865887590428492,314372.0,1,1,Optdigits,HS,10,CV,1,247798
34,0.0706225308599784,0.8697829716193656,361058.0,1,1,Optdigits,HS,10,CV,1,247799