
0,0.2503988968777701,0.7371428571428571,89013.0,1,1,Cardiotocography,HS,10,CV,1,247135
1,0.24968482222003346,0.75,87529.0,1,1,Cardiotocography,HS,10,CV,1,247136
2,0.24971437013690534,0.74,61287.0,1,1,Cardiotocography,HS,10,CV,1,247137
3,0.2539003250270856,0.7385714285714285,89898.0,1,1,Cardiotocography,HS,10,CV,1,247138
4,0.24686792081158276,0.7542857142857142,92049.0,1,1,Cardiotocography,HS,10,CV,1,247139
5,0.24970944548409335,0.74,91651.0,1,1,Cardiotocography,HS,10,CV,1,247140
6,0.24197774056928986,0.7485714285714286,73643.0,1,1,Cardiotocography,HS,10,CV,1,247141
7,0.24126859056436523,0.7485714285714286,88445.0,1,1,Cardiotocography,HS,10,CV,1,247142
8,0.24410026593125184,0.7471428571428571,74819.0,1,1,Cardiotocography,HS,10,CV,1,247143
9,0.2454890180242293,0.7428571428571429,92238.0,1,1,Cardiotocography,HS,10,CV,1,247144
10,0.24407564266719195,0.7428571428571429,87594.0,1,1,Cardiotocography,HS,10,CV,1,247145
11,0.24406579336156803,0.7585714285714286,67959.0,1,1,Cardiotocography,HS,10,CV,1,247146
12,0.2454890180242293,0.75,83813.0,1,1,Cardiotocography,HS,10,CV,1,247147
13,0.2419875898749138,0.7557142857142858,64390.0,1,1,Cardiotocography,HS,10,CV,1,247148
14,0.2511178961883187,0.7328571428571429,63133.0,1,1,Cardiotocography,HS,10,CV,1,204104
15,0.2455037919826652,0.7457142857142858,67269.0,1,1,Cardiotocography,HS,10,CV,1,247150
16,0.24474047079680877,0.74,82781.0,1,1,Cardiotocography,HS,10,CV,1,247151
17,0.23780655963754554,0.7514285714285714,87614.0,1,1,Cardiotocography,HS,10,CV,1,247152
18,0.2475721461636954,0.7485714285714286,85402.0,1,1,Cardiotocography,HS,10,CV,1,247153
19,0.24827144686299613,0.73,84125.0,1,1,Cardiotocography,HS,10,CV,1,247154
20,0.24549394267704122,0.74,84594.0,1,1,Cardiotocography,HS,10,CV,1,247155
21,0.24688269477001873,0.7242857142857143,82360.0,1,1,Cardiotocography,HS,10,CV,1,247156
22,0.24965527430316162,0.7457142857142858,82837.0,1,1,Cardiotocography,HS,10,CV,1,247157
23,0.2503939722249581,0.7414285714285714,67619.0,1,1,Cardiotocography,HS,10,CV,1,247158
24,0.24478479267211659,0.7457142857142858,88928.0,1,1,Cardiotocography,HS,10,CV,1,247159
25,0.24967004826159758,0.7471428571428571,82569.0,1,1,Cardiotocography,HS,10,CV,1,247160
26,0.24192849404117006,0.7557142857142858,74333.0,1,1,Cardiotocography,HS,10,CV,1,247161
27,0.24409041662562783,0.7371428571428571,82318.0,1,1,Cardiotocography,HS,10,CV,1,247162
28,0.24618339407071801,0.7385714285714285,84344.0,1,1,Cardiotocography,HS,10,CV,1,247163
29,0.25040382153058205,0.7385714285714285,89441.0,1,1,Cardiotocography,HS,10,CV,1,247164
30,0.2476263173446272,0.7485714285714286,82870.0,1,1,Cardiotocography,HS,10,CV,1,247165
31,0.2426524180045307,0.7314285714285714,83272.0,1,1,Cardiotocography,HS,10,CV,1,247166
32,0.23636363636363633,0.7428571428571429,107981.0,1,1,Cardiotocography,HS,10,CV,1,247167
33,0.24687777011720669,0.7228571428571429,84234.0,1,1,Cardiotocography,HS,10,CV,1,247168
34,0.25112282084113074,0.74,82139.0,1,1,Cardiotocography,HS,10,CV,1,247169