
0,0.3109333333333333,0.6872,1709881.0,1,1,Letter,HS,11,CV,1,249165
1,0.30873333333333325,0.6966,1841153.0,1,1,Letter,HS,11,CV,1,249166
2,0.30619999999999997,0.6921999999999999,1348708.0,1,1,Letter,HS,11,CV,1,249167
3,0.30473333333333336,0.6992,1884237.0,1,1,Letter,HS,11,CV,1,249168
4,0.3076,0.6928000000000001,1771937.0,1,1,Letter,HS,11,CV,1,249169
5,0.3078666666666667,0.6888000000000001,1489217.0,1,1,Letter,HS,11,CV,1,249170
6,0.30766666666666664,0.6932,1448859.0,1,1,Letter,HS,11,CV,1,249171
7,0.30413333333333337,0.6990000000000001,1799468.0,1,1,Letter,HS,11,CV,1,249172
8,0.30046666666666666,0.7,1486502.0,1,1,Letter,HS,11,CV,1,249173
9,0.3065333333333333,0.6904,1799438.0,1,1,Letter,HS,11,CV,1,249174
10,0.3034,0.6986,1665520.0,1,1,Letter,HS,11,CV,1,249175
11,0.30820000000000003,0.6856,1915209.0,1,1,Letter,HS,11,CV,1,249176
12,0.30733333333333335,0.6936,2028556.0,1,1,Letter,HS,11,CV,1,249177
13,0.2966666666666667,0.6958,1887194.0,1,1,Letter,HS,11,CV,1,249178
14,0.3059333333333333,0.6888000000000001,1488042.0,1,1,Letter,HS,11,CV,1,249179
15,0.30660000000000004,0.6946,2521383.0,1,1,Letter,HS,11,CV,1,249180
16,0.30999999999999994,0.6886,1962346.0,1,1,Letter,HS,11,CV,1,249181
17,0.30299999999999994,0.6941999999999999,1960563.0,1,1,Letter,HS,11,CV,1,249182
18,0.3092666666666667,0.6958,1794156.0,1,1,Letter,HS,11,CV,1,249183
19,0.30266666666666664,0.6954,1875290.0,1,1,Letter,HS,11,CV,1,249184
20,0.30533333333333335,0.6948,1169255.0,1,1,Letter,HS,11,CV,1,249185
21,0.31033333333333335,0.6904,1280160.0,1,1,Letter,HS,11,CV,1,205791
22,0.3068,0.6859999999999999,1897107.0,1,1,Letter,HS,11,CV,1,249187
23,0.3035333333333333,0.7030000000000001,1797012.0,1,1,Letter,HS,11,CV,1,249188
24,0.30399999999999994,0.6972,1318159.0,1,1,Letter,HS,11,CV,1,249189
25,0.3018,0.6950000000000001,1764117.0,1,1,Letter,HS,11,CV,1,249190
26,0.3005999999999999,0.6974,1915263.0,1,1,Letter,HS,11,CV,1,249191
27,0.30579999999999996,0.6944,1883395.0,1,1,Letter,HS,11,CV,1,249192
28,0.3118,0.6866,1303407.0,1,1,Letter,HS,11,CV,1,249193
29,0.3003333333333334,0.7008,1882582.0,1,1,Letter,HS,11,CV,1,249194
30,0.30273333333333335,0.6904,1594217.0,1,1,Letter,HS,11,CV,1,249195
31,0.3017333333333333,0.7,1976711.0,1,1,Letter,HS,11,CV,1,249196
32,0.31033333333333335,0.6958,1292960.0,1,1,Letter,HS,11,CV,1,249197
33,0.3007333333333333,0.6992,1605703.0,1,1,Letter,HS,11,CV,1,249198
34,0.30326666666666663,0.6976,1323859.0,1,1,Letter,HS,11,CV,1,249199