
0,0.21000000000000002,0.7782258064516129,20744.0,1,1,Blood,HS,11,CV,1,248570
1,0.20800000000000002,0.7782258064516129,24993.0,1,1,Blood,HS,11,CV,1,248571
2,0.20999999999999996,0.782258064516129,25302.0,1,1,Blood,HS,11,CV,1,248572
3,0.21200000000000002,0.7701612903225806,25115.0,1,1,Blood,HS,11,CV,1,248573
4,0.20999999999999996,0.7782258064516129,24830.0,1,1,Blood,HS,11,CV,1,248574
5,0.21200000000000002,0.7903225806451613,24728.0,1,1,Blood,HS,11,CV,1,248575
6,0.20800000000000002,0.782258064516129,25275.0,1,1,Blood,HS,11,CV,1,248576
7,0.21200000000000002,0.7661290322580645,25133.0,1,1,Blood,HS,11,CV,1,248577
8,0.20800000000000002,0.7741935483870968,25046.0,1,1,Blood,HS,11,CV,1,248578
9,0.21399999999999997,0.7862903225806451,25541.0,1,1,Blood,HS,11,CV,1,248579
10,0.20999999999999996,0.7701612903225806,25397.0,1,1,Blood,HS,11,CV,1,248580
11,0.20599999999999996,0.7983870967741935,25354.0,1,1,Blood,HS,11,CV,1,248581
12,0.21200000000000002,0.7580645161290323,27688.0,1,1,Blood,HS,11,CV,1,248582
13,0.20599999999999996,0.7862903225806451,22737.0,1,1,Blood,HS,11,CV,1,248583
14,0.20599999999999996,0.7903225806451613,26783.0,1,1,Blood,HS,11,CV,1,248584
15,0.20999999999999996,0.7862903225806451,27748.0,1,1,Blood,HS,11,CV,1,248585
16,0.20999999999999996,0.7903225806451613,24681.0,1,1,Blood,HS,11,CV,1,248586
17,0.21000000000000002,0.7782258064516129,25914.0,1,1,Blood,HS,11,CV,1,248587
18,0.20800000000000002,0.7903225806451613,25829.0,1,1,Blood,HS,11,CV,1,248588
19,0.21200000000000002,0.782258064516129,20602.0,1,1,Blood,HS,11,CV,1,248589
20,0.21200000000000002,0.7701612903225806,25095.0,1,1,Blood,HS,11,CV,1,248590
21,0.21399999999999997,0.782258064516129,32719.0,1,1,Blood,HS,11,CV,1,248591
22,0.20999999999999996,0.7862903225806451,19946.0,1,1,Blood,HS,11,CV,1,205282
23,0.20999999999999996,0.7741935483870968,25103.0,1,1,Blood,HS,11,CV,1,248593
24,0.21399999999999997,0.7620967741935484,19909.0,1,1,Blood,HS,11,CV,1,205284
25,0.21200000000000002,0.7741935483870968,24917.0,1,1,Blood,HS,11,CV,1,248595
26,0.21200000000000002,0.7741935483870968,24939.0,1,1,Blood,HS,11,CV,1,248596
27,0.21200000000000002,0.7741935483870968,20344.0,1,1,Blood,HS,11,CV,1,248597
28,0.21000000000000002,0.7782258064516129,25013.0,1,1,Blood,HS,11,CV,1,248598
29,0.20599999999999996,0.7741935483870968,25302.0,1,1,Blood,HS,11,CV,1,248599
30,0.20999999999999996,0.7741935483870968,20003.0,1,1,Blood,HS,11,CV,1,248600
31,0.20800000000000002,0.7620967741935484,26885.0,1,1,Blood,HS,11,CV,1,248601
32,0.21200000000000002,0.782258064516129,22691.0,1,1,Blood,HS,11,CV,1,248602
33,0.21200000000000002,0.7741935483870968,25570.0,1,1,Blood,HS,11,CV,1,248603
34,0.21399999999999997,0.7782258064516129,20580.0,1,1,Blood,HS,11,CV,1,248604