
0,0.2979166666666667,0.65,9615.0,1,1,Glass,HS,11,CV,1,248920
1,0.2925,0.6833333333333333,9585.0,1,1,Glass,HS,11,CV,1,248921
2,0.29875,0.6333333333333333,9549.0,1,1,Glass,HS,11,CV,1,248922
3,0.2925,0.6333333333333333,8996.0,1,1,Glass,HS,11,CV,1,248923
4,0.2791666666666667,0.5833333333333333,8966.0,1,1,Glass,HS,11,CV,1,248924
5,0.27875,0.65,9289.0,1,1,Glass,HS,11,CV,1,248925
6,0.31,0.6,9301.0,1,1,Glass,HS,11,CV,1,248926
7,0.31166666666666665,0.6166666666666667,8593.0,1,1,Glass,HS,11,CV,1,248927
8,0.2991666666666667,0.6333333333333333,8817.0,1,1,Glass,HS,11,CV,1,248928
9,0.30541666666666667,0.6,9611.0,1,1,Glass,HS,11,CV,1,248929
10,0.3054166666666666,0.65,7373.0,1,1,Glass,HS,11,CV,1,248930
11,0.2991666666666667,0.6166666666666667,6912.0,1,1,Glass,HS,11,CV,1,205571
12,0.28625,0.65,9878.0,1,1,Glass,HS,11,CV,1,248932
13,0.2916666666666667,0.5833333333333333,7047.0,1,1,Glass,HS,11,CV,1,248933
14,0.31166666666666665,0.7333333333333334,9750.0,1,1,Glass,HS,11,CV,1,248934
15,0.29208333333333336,0.65,9013.0,1,1,Glass,HS,11,CV,1,248935
16,0.29208333333333336,0.6,7376.0,1,1,Glass,HS,11,CV,1,248936
17,0.29791666666666666,0.6,8942.0,1,1,Glass,HS,11,CV,1,248937
18,0.3125,0.65,7035.0,1,1,Glass,HS,11,CV,1,248938
19,0.305,0.6833333333333333,8578.0,1,1,Glass,HS,11,CV,1,248939
20,0.29291666666666666,0.65,7000.0,1,1,Glass,HS,11,CV,1,248940
21,0.3054166666666667,0.6333333333333333,8899.0,1,1,Glass,HS,11,CV,1,248941
22,0.2983333333333334,0.6166666666666667,8872.0,1,1,Glass,HS,11,CV,1,248942
23,0.31125,0.65,9579.0,1,1,Glass,HS,11,CV,1,248943
24,0.305,0.6666666666666667,9717.0,1,1,Glass,HS,11,CV,1,248944
25,0.30500000000000005,0.6666666666666667,8745.0,1,1,Glass,HS,11,CV,1,248945
26,0.28625000000000006,0.65,9029.0,1,1,Glass,HS,11,CV,1,248946
27,0.3045833333333333,0.6,9491.0,1,1,Glass,HS,11,CV,1,248947
28,0.2733333333333333,0.6666666666666667,9249.0,1,1,Glass,HS,11,CV,1,248948
29,0.28625,0.7,8851.0,1,1,Glass,HS,11,CV,1,248949
30,0.30500000000000005,0.6166666666666667,7456.0,1,1,Glass,HS,11,CV,1,248950
31,0.28583333333333333,0.6166666666666667,9196.0,1,1,Glass,HS,11,CV,1,248951
32,0.31083333333333335,0.6666666666666667,8818.0,1,1,Glass,HS,11,CV,1,248952
33,0.3054166666666666,0.65,7370.0,1,1,Glass,HS,11,CV,1,248953
34,0.27875,0.6166666666666667,7751.0,1,1,Glass,HS,11,CV,1,248954