
0,0.20999999999999996,0.7741935483870968,25156.0,1,1,Blood,HS,1,CV,1,233870
1,0.20999999999999996,0.7701612903225806,26558.0,1,1,Blood,HS,1,CV,1,233871
2,0.21200000000000002,0.7983870967741935,26366.0,1,1,Blood,HS,1,CV,1,233872
3,0.20999999999999996,0.782258064516129,27248.0,1,1,Blood,HS,1,CV,1,233873
4,0.21200000000000002,0.7741935483870968,18095.0,1,1,Blood,HS,1,CV,1,233874
5,0.20800000000000002,0.782258064516129,20325.0,1,1,Blood,HS,1,CV,1,233875
6,0.20600000000000002,0.7419354838709677,20378.0,1,1,Blood,HS,1,CV,1,233876
7,0.21200000000000002,0.7862903225806451,19305.0,1,1,Blood,HS,1,CV,1,193267
8,0.21200000000000002,0.7661290322580645,18138.0,1,1,Blood,HS,1,CV,1,233878
9,0.20999999999999996,0.782258064516129,26352.0,1,1,Blood,HS,1,CV,1,233879
10,0.20800000000000002,0.7943548387096774,26583.0,1,1,Blood,HS,1,CV,1,233880
11,0.20999999999999996,0.7701612903225806,19815.0,1,1,Blood,HS,1,CV,1,233881
12,0.21399999999999997,0.782258064516129,19891.0,1,1,Blood,HS,1,CV,1,233882
13,0.20999999999999996,0.7580645161290323,19797.0,1,1,Blood,HS,1,CV,1,233883
14,0.21200000000000002,0.7540322580645161,27067.0,1,1,Blood,HS,1,CV,1,233884
15,0.21200000000000002,0.782258064516129,20189.0,1,1,Blood,HS,1,CV,1,233885
16,0.21399999999999997,0.7741935483870968,20389.0,1,1,Blood,HS,1,CV,1,233886
17,0.21200000000000002,0.7701612903225806,19758.0,1,1,Blood,HS,1,CV,1,233887
18,0.21200000000000002,0.7943548387096774,26844.0,1,1,Blood,HS,1,CV,1,233888
19,0.20999999999999996,0.7620967741935484,19781.0,1,1,Blood,HS,1,CV,1,233889
20,0.21200000000000002,0.7661290322580645,19750.0,1,1,Blood,HS,1,CV,1,233890
21,0.20999999999999996,0.782258064516129,18068.0,1,1,Blood,HS,1,CV,1,233891
22,0.20800000000000002,0.782258064516129,19875.0,1,1,Blood,HS,1,CV,1,233892
23,0.21200000000000002,0.7661290322580645,19718.0,1,1,Blood,HS,1,CV,1,233893
24,0.21200000000000002,0.782258064516129,24683.0,1,1,Blood,HS,1,CV,1,233894
25,0.21399999999999997,0.7540322580645161,24670.0,1,1,Blood,HS,1,CV,1,233895
26,0.21200000000000002,0.7782258064516129,26755.0,1,1,Blood,HS,1,CV,1,233896
27,0.21399999999999997,0.7903225806451613,27329.0,1,1,Blood,HS,1,CV,1,233897
28,0.20800000000000002,0.7943548387096774,27215.0,1,1,Blood,HS,1,CV,1,233898
29,0.20800000000000002,0.7862903225806451,19487.0,1,1,Blood,HS,1,CV,1,193289
30,0.21200000000000002,0.7620967741935484,26893.0,1,1,Blood,HS,1,CV,1,233900
31,0.20800000000000002,0.7620967741935484,27067.0,1,1,Blood,HS,1,CV,1,233901
32,0.20999999999999996,0.7741935483870968,22223.0,1,1,Blood,HS,1,CV,1,233902
33,0.21200000000000002,0.7782258064516129,22221.0,1,1,Blood,HS,1,CV,1,233903
34,0.21399999999999997,0.7903225806451613,22467.0,1,1,Blood,HS,1,CV,1,233904