
0,0.23500000000000004,0.7156862745098039,8187.0,1,1,Haberman,HS,1,CV,1,234255
1,0.23523809523809525,0.696078431372549,8431.0,1,1,Haberman,HS,1,CV,1,193591
2,0.23047619047619045,0.6862745098039216,11688.0,1,1,Haberman,HS,1,CV,1,234257
3,0.23023809523809527,0.696078431372549,8350.0,1,1,Haberman,HS,1,CV,1,234258
4,0.23500000000000004,0.6764705882352942,8297.0,1,1,Haberman,HS,1,CV,1,193594
5,0.2304761904761905,0.696078431372549,8172.0,1,1,Haberman,HS,1,CV,1,234260
6,0.23000000000000004,0.7156862745098039,8586.0,1,1,Haberman,HS,1,CV,1,193596
7,0.23023809523809521,0.6666666666666667,8250.0,1,1,Haberman,HS,1,CV,1,234262
8,0.23500000000000001,0.7058823529411764,8210.0,1,1,Haberman,HS,1,CV,1,234263
9,0.23023809523809527,0.6862745098039216,11593.0,1,1,Haberman,HS,1,CV,1,234264
10,0.23547619047619048,0.6764705882352942,11156.0,1,1,Haberman,HS,1,CV,1,234265
11,0.23476190476190478,0.6568627450980392,10984.0,1,1,Haberman,HS,1,CV,1,234266
12,0.23500000000000001,0.6470588235294117,11594.0,1,1,Haberman,HS,1,CV,1,234267
13,0.24023809523809522,0.7254901960784313,10570.0,1,1,Haberman,HS,1,CV,1,234268
14,0.2307142857142857,0.6862745098039216,11179.0,1,1,Haberman,HS,1,CV,1,234269
15,0.23523809523809525,0.7156862745098039,10517.0,1,1,Haberman,HS,1,CV,1,234270
16,0.23476190476190478,0.6764705882352942,8234.0,1,1,Haberman,HS,1,CV,1,234271
17,0.2304761904761905,0.6862745098039216,7823.0,1,1,Haberman,HS,1,CV,1,234272
18,0.2304761904761905,0.7156862745098039,7817.0,1,1,Haberman,HS,1,CV,1,234273
19,0.2257142857142857,0.6862745098039216,8341.0,1,1,Haberman,HS,1,CV,1,193609
20,0.23023809523809527,0.7058823529411764,8110.0,1,1,Haberman,HS,1,CV,1,234275
21,0.22547619047619047,0.7254901960784313,8268.0,1,1,Haberman,HS,1,CV,1,234276
22,0.23500000000000001,0.6568627450980392,8313.0,1,1,Haberman,HS,1,CV,1,234277
23,0.23523809523809525,0.696078431372549,8396.0,1,1,Haberman,HS,1,CV,1,234278
24,0.2304761904761905,0.6764705882352942,11776.0,1,1,Haberman,HS,1,CV,1,193614
25,0.22976190476190478,0.6862745098039216,7771.0,1,1,Haberman,HS,1,CV,1,234280
26,0.23500000000000001,0.6568627450980392,9613.0,1,1,Haberman,HS,1,CV,1,234281
27,0.23000000000000004,0.7156862745098039,8280.0,1,1,Haberman,HS,1,CV,1,234282
28,0.22976190476190475,0.7058823529411764,8218.0,1,1,Haberman,HS,1,CV,1,234283
29,0.23523809523809525,0.6862745098039216,8316.0,1,1,Haberman,HS,1,CV,1,234284
30,0.23023809523809527,0.696078431372549,8218.0,1,1,Haberman,HS,1,CV,1,234285
31,0.23047619047619045,0.6666666666666667,8187.0,1,1,Haberman,HS,1,CV,1,234286
32,0.23500000000000001,0.6862745098039216,8332.0,1,1,Haberman,HS,1,CV,1,234287
33,0.22571428571428576,0.6666666666666667,8260.0,1,1,Haberman,HS,1,CV,1,234288
34,0.23023809523809527,0.6862745098039216,8187.0,1,1,Haberman,HS,1,CV,1,234289