
0,0.03571428571428571,0.9714285714285714,6901.0,1,1,Seeds,HS,1,CV,1,234570
1,0.02857142857142857,0.9714285714285714,6880.0,1,1,Seeds,HS,1,CV,1,234571
2,0.02857142857142857,0.9571428571428572,6858.0,1,1,Seeds,HS,1,CV,1,234572
3,0.02857142857142857,0.9857142857142858,6889.0,1,1,Seeds,HS,1,CV,1,234573
4,0.03571428571428571,0.9428571428571428,6896.0,1,1,Seeds,HS,1,CV,1,234574
5,0.02857142857142857,0.9571428571428572,6871.0,1,1,Seeds,HS,1,CV,1,234575
6,0.02857142857142857,0.9571428571428572,6176.0,1,1,Seeds,HS,1,CV,1,193866
7,0.03571428571428571,0.9714285714285714,6836.0,1,1,Seeds,HS,1,CV,1,234577
8,0.02857142857142857,0.9857142857142858,6847.0,1,1,Seeds,HS,1,CV,1,234578
9,0.03571428571428571,0.9285714285714286,6872.0,1,1,Seeds,HS,1,CV,1,234579
10,0.03571428571428571,0.9571428571428572,7974.0,1,1,Seeds,HS,1,CV,1,193870
11,0.02857142857142857,0.9428571428571428,6846.0,1,1,Seeds,HS,1,CV,1,234581
12,0.02142857142857143,0.9571428571428572,6860.0,1,1,Seeds,HS,1,CV,1,234582
13,0.02142857142857143,0.9571428571428572,6847.0,1,1,Seeds,HS,1,CV,1,234583
14,0.03571428571428571,0.9857142857142858,6834.0,1,1,Seeds,HS,1,CV,1,234584
15,0.03571428571428571,0.9285714285714286,6837.0,1,1,Seeds,HS,1,CV,1,234585
16,0.02857142857142857,0.9571428571428572,6260.0,1,1,Seeds,HS,1,CV,1,193876
17,0.02857142857142857,0.9285714285714286,8615.0,1,1,Seeds,HS,1,CV,1,234587
18,0.02857142857142857,0.9571428571428572,6784.0,1,1,Seeds,HS,1,CV,1,234588
19,0.02857142857142857,0.9714285714285714,6822.0,1,1,Seeds,HS,1,CV,1,234589
20,0.02857142857142857,0.9571428571428572,8506.0,1,1,Seeds,HS,1,CV,1,234590
21,0.03571428571428571,0.9714285714285714,8594.0,1,1,Seeds,HS,1,CV,1,234591
22,0.02857142857142857,0.9714285714285714,6813.0,1,1,Seeds,HS,1,CV,1,234592
23,0.02857142857142857,0.9714285714285714,6783.0,1,1,Seeds,HS,1,CV,1,234593
24,0.02142857142857143,0.9571428571428572,8809.0,1,1,Seeds,HS,1,CV,1,234594
25,0.02857142857142857,0.9428571428571428,6954.0,1,1,Seeds,HS,1,CV,1,234595
26,0.02857142857142857,0.9571428571428572,8827.0,1,1,Seeds,HS,1,CV,1,234596
27,0.02857142857142857,0.9428571428571428,6109.0,1,1,Seeds,HS,1,CV,1,193887
28,0.03571428571428571,0.9714285714285714,8672.0,1,1,Seeds,HS,1,CV,1,234598
29,0.03571428571428571,0.9714285714285714,6814.0,1,1,Seeds,HS,1,CV,1,234599
30,0.02857142857142857,0.9428571428571428,8625.0,1,1,Seeds,HS,1,CV,1,234600
31,0.03571428571428571,0.9571428571428572,6822.0,1,1,Seeds,HS,1,CV,1,234601
32,0.03571428571428571,0.9285714285714286,8548.0,1,1,Seeds,HS,1,CV,1,234602
33,0.03571428571428571,0.9571428571428572,6888.0,1,1,Seeds,HS,1,CV,1,234603
34,0.02857142857142857,0.9571428571428572,6845.0,1,1,Seeds,HS,1,CV,1,234604