
0,2.3940696513217223,3.4073603786953908,11113.0,1,1,AutoMpg,HS,3,CV,1,237860
1,2.430944909316429,3.461970912438944,11686.0,1,1,AutoMpg,HS,3,CV,1,237861
2,2.3449502838838043,3.624585525512693,11932.0,1,1,AutoMpg,HS,3,CV,1,237862
3,2.2856088797201743,3.5514517170277076,10906.0,1,1,AutoMpg,HS,3,CV,1,237863
4,2.3620804252314613,3.6396768271835462,10812.0,1,1,AutoMpg,HS,3,CV,1,237864
5,2.410479922280016,3.3334161004193974,14797.0,1,1,AutoMpg,HS,3,CV,1,196565
6,2.41214412660228,3.4764966695046313,11566.0,1,1,AutoMpg,HS,3,CV,1,237866
7,2.34121948884736,3.5710794349466757,11676.0,1,1,AutoMpg,HS,3,CV,1,237867
8,2.4247218668719395,3.551254565212162,14023.0,1,1,AutoMpg,HS,3,CV,1,237868
9,2.3803753303253026,3.4528026361176343,11477.0,1,1,AutoMpg,HS,3,CV,1,196569
10,2.3078141833468235,3.5381821342678865,11084.0,1,1,AutoMpg,HS,3,CV,1,237870
11,2.4282350269780544,3.445603598474332,10906.0,1,1,AutoMpg,HS,3,CV,1,237871
12,2.3606462046842265,3.3356370182432022,11592.0,1,1,AutoMpg,HS,3,CV,1,237872
13,2.3329055560478915,3.453878467638203,11583.0,1,1,AutoMpg,HS,3,CV,1,237873
14,2.3926331821362883,3.6771880637057692,10797.0,1,1,AutoMpg,HS,3,CV,1,237874
15,2.33515383846312,3.6703243282627973,11562.0,1,1,AutoMpg,HS,3,CV,1,237875
16,2.336867634957737,3.596830214564312,14343.0,1,1,AutoMpg,HS,3,CV,1,196576
17,2.4167100189517603,3.606088477781796,11623.0,1,1,AutoMpg,HS,3,CV,1,237877
18,2.3642940214860886,3.6215628606521846,14104.0,1,1,AutoMpg,HS,3,CV,1,237878
19,2.385712631779809,3.6038153669682313,14053.0,1,1,AutoMpg,HS,3,CV,1,237879
20,2.4220536640493213,3.347507600488271,15637.0,1,1,AutoMpg,HS,3,CV,1,237880
21,2.3126664649929225,3.5288379800938117,10890.0,1,1,AutoMpg,HS,3,CV,1,237881
22,2.400282321257964,3.455566914440754,11097.0,1,1,AutoMpg,HS,3,CV,1,237882
23,2.3981287381970566,3.4903377561785427,10890.0,1,1,AutoMpg,HS,3,CV,1,237883
24,2.42993665992295,3.3874159694011325,10921.0,1,1,AutoMpg,HS,3,CV,1,237884
25,2.295769227333493,3.617416886573113,11317.0,1,1,AutoMpg,HS,3,CV,1,237885
26,2.412430950602033,3.436141971862457,14859.0,1,1,AutoMpg,HS,3,CV,1,237886
27,2.3409124988477785,3.7911850672828473,11686.0,1,1,AutoMpg,HS,3,CV,1,237887
28,2.390380437045441,3.5082654984425994,15162.0,1,1,AutoMpg,HS,3,CV,1,196588
29,2.3751177266463026,3.2604848788822904,10813.0,1,1,AutoMpg,HS,3,CV,1,237889
30,2.347651207917148,3.451298629262503,11051.0,1,1,AutoMpg,HS,3,CV,1,237890
31,2.358755887861048,3.56357896567772,11511.0,1,1,AutoMpg,HS,3,CV,1,237891
33,2.364546885493303,3.4558031075613345,11228.0,1,1,AutoMpg,HS,3,CV,1,237893
34,2.425967225824576,3.2784553596187513,14057.0,1,1,AutoMpg,HS,3,CV,1,237894
32,2.3221977174123625,3.6264280579488974,14547.0,1,1,AutoMpg,HS,3,CV,1,198512