
0,0.27999999999999997,0.6833333333333333,9540.0,1,1,Glass,HS,3,CV,1,237160
1,0.3112500000000001,0.6166666666666667,8625.0,1,1,Glass,HS,3,CV,1,237161
2,0.28583333333333333,0.6166666666666667,9466.0,1,1,Glass,HS,3,CV,1,237162
3,0.29833333333333334,0.6,9406.0,1,1,Glass,HS,3,CV,1,237163
4,0.3058333333333333,0.65,8547.0,1,1,Glass,HS,3,CV,1,237164
5,0.31083333333333335,0.6666666666666667,9655.0,1,1,Glass,HS,3,CV,1,237165
6,0.2858333333333333,0.6,9532.0,1,1,Glass,HS,3,CV,1,237166
7,0.3120833333333333,0.6833333333333333,9689.0,1,1,Glass,HS,3,CV,1,237167
8,0.2845833333333333,0.65,6931.0,1,1,Glass,HS,3,CV,1,237168
9,0.2991666666666667,0.6666666666666667,9188.0,1,1,Glass,HS,3,CV,1,237169
10,0.29333333333333333,0.6166666666666667,8109.0,1,1,Glass,HS,3,CV,1,237170
11,0.3045833333333333,0.6333333333333333,6897.0,1,1,Glass,HS,3,CV,1,237171
12,0.30541666666666667,0.6,9015.0,1,1,Glass,HS,3,CV,1,237172
13,0.2733333333333333,0.6333333333333333,9231.0,1,1,Glass,HS,3,CV,1,237173
14,0.2925,0.6166666666666667,9467.0,1,1,Glass,HS,3,CV,1,237174
15,0.29874999999999996,0.6,9135.0,1,1,Glass,HS,3,CV,1,237175
16,0.2795833333333333,0.7,9500.0,1,1,Glass,HS,3,CV,1,237176
17,0.2991666666666667,0.7,9385.0,1,1,Glass,HS,3,CV,1,237177
18,0.30541666666666667,0.6333333333333333,9259.0,1,1,Glass,HS,3,CV,1,237178
19,0.29125,0.6666666666666667,9862.0,1,1,Glass,HS,3,CV,1,237179
20,0.30541666666666667,0.6333333333333333,6882.0,1,1,Glass,HS,3,CV,1,237180
21,0.2979166666666667,0.6666666666666667,9251.0,1,1,Glass,HS,3,CV,1,237181
22,0.30583333333333335,0.65,7091.0,1,1,Glass,HS,3,CV,1,237182
23,0.2925,0.6333333333333333,9646.0,1,1,Glass,HS,3,CV,1,237183
24,0.3054166666666667,0.6666666666666667,9421.0,1,1,Glass,HS,3,CV,1,237184
25,0.28625,0.6166666666666667,7397.0,1,1,Glass,HS,3,CV,1,237185
26,0.3045833333333333,0.65,8921.0,1,1,Glass,HS,3,CV,1,237186
27,0.30500000000000005,0.6,7530.0,1,1,Glass,HS,3,CV,1,237187
28,0.2925,0.6333333333333333,9565.0,1,1,Glass,HS,3,CV,1,237188
29,0.2925,0.6333333333333333,9181.0,1,1,Glass,HS,3,CV,1,237189
30,0.3045833333333333,0.6833333333333333,8469.0,1,1,Glass,HS,3,CV,1,237190
31,0.3175,0.6166666666666667,8498.0,1,1,Glass,HS,3,CV,1,237191
32,0.30541666666666667,0.6166666666666667,8391.0,1,1,Glass,HS,3,CV,1,237192
33,0.305,0.5833333333333333,9207.0,1,1,Glass,HS,3,CV,1,237193
34,0.29874999999999996,0.65,8234.0,1,1,Glass,HS,3,CV,1,237194