
0,0.3066666666666667,0.6928000000000001,1782083.0,1,1,Letter,HS,3,CV,1,237405
1,0.30633333333333335,0.6934,1774962.0,1,1,Letter,HS,3,CV,1,237406
2,0.3068666666666666,0.6938,1824991.0,1,1,Letter,HS,3,CV,1,237407
3,0.30513333333333337,0.6921999999999999,1094465.0,1,1,Letter,HS,3,CV,1,237408
4,0.3048666666666667,0.6906,1436093.0,1,1,Letter,HS,3,CV,1,237409
5,0.3099333333333333,0.6874,1824207.0,1,1,Letter,HS,3,CV,1,237410
6,0.3046666666666667,0.698,1864578.0,1,1,Letter,HS,3,CV,1,237411
7,0.31120000000000003,0.6912,1809544.0,1,1,Letter,HS,3,CV,1,237412
8,0.31053333333333333,0.6838,1812053.0,1,1,Letter,HS,3,CV,1,237413
9,0.30406666666666665,0.7006,1505421.0,1,1,Letter,HS,3,CV,1,237414
10,0.29866666666666664,0.6954,1936831.0,1,1,Letter,HS,3,CV,1,237415
11,0.30873333333333336,0.6854,1620284.0,1,1,Letter,HS,3,CV,1,237416
12,0.3154666666666667,0.6838,1720180.0,1,1,Letter,HS,3,CV,1,237417
13,0.30660000000000004,0.696,1498100.0,1,1,Letter,HS,3,CV,1,237418
14,0.311,0.6878,1487728.0,1,1,Letter,HS,3,CV,1,196184
15,0.3060666666666667,0.6924,1504481.0,1,1,Letter,HS,3,CV,1,237420
16,0.31046666666666656,0.6816,1862424.0,1,1,Letter,HS,3,CV,1,237421
17,0.3072666666666667,0.6941999999999999,1818613.0,1,1,Letter,HS,3,CV,1,237422
18,0.3012,0.7021999999999999,1795670.0,1,1,Letter,HS,3,CV,1,237423
19,0.3088666666666667,0.6852,1740411.0,1,1,Letter,HS,3,CV,1,237424
20,0.3,0.6958,1918262.0,1,1,Letter,HS,3,CV,1,237425
21,0.30113333333333336,0.6992,1254456.0,1,1,Letter,HS,3,CV,1,237426
22,0.30846666666666667,0.6892,1938314.0,1,1,Letter,HS,3,CV,1,237427
23,0.30526666666666663,0.7028,1811550.0,1,1,Letter,HS,3,CV,1,237428
24,0.3028666666666666,0.6978,1719875.0,1,1,Letter,HS,3,CV,1,237429
25,0.3105333333333334,0.6841999999999999,1871397.0,1,1,Letter,HS,3,CV,1,237430
26,0.3088,0.6874,1792535.0,1,1,Letter,HS,3,CV,1,237431
27,0.304,0.692,1300720.0,1,1,Letter,HS,3,CV,1,237432
28,0.3050666666666667,0.6944,1894265.0,1,1,Letter,HS,3,CV,1,237433
29,0.3077333333333333,0.6894,1732856.0,1,1,Letter,HS,3,CV,1,237434
30,0.30966666666666665,0.6908000000000001,2084362.0,1,1,Letter,HS,3,CV,1,237435
31,0.3100666666666666,0.6782,1820816.0,1,1,Letter,HS,3,CV,1,237436
32,0.30313333333333337,0.6976,1815113.0,1,1,Letter,HS,3,CV,1,237437
33,0.3108,0.6930000000000001,1615753.0,1,1,Letter,HS,3,CV,1,237438
34,0.30813333333333337,0.6924,1413681.0,1,1,Letter,HS,3,CV,1,237439