
0,0.34388836399804446,1.1165486996925598,5299.0,1,1,Servo,HS,3,CV,1,238000
1,0.6682590338988786,0.6204419602928732,6730.0,1,1,Servo,HS,3,CV,1,238001
2,0.6761578520844989,0.8955075541878312,7209.0,1,1,Servo,HS,3,CV,1,238002
3,0.7150081520008987,0.7080118115010614,7016.0,1,1,Servo,HS,3,CV,1,238003
4,0.6766431941148177,0.39422105984057393,6002.0,1,1,Servo,HS,3,CV,1,238004
5,0.626278415619251,0.532888386191606,7433.0,1,1,Servo,HS,3,CV,1,238005
6,0.6607579607512235,0.38055704662241907,6742.0,1,1,Servo,HS,3,CV,1,238006
7,0.651020682454762,0.9008950256644822,6819.0,1,1,Servo,HS,3,CV,1,238007
8,0.662339580959436,0.4515141593397901,5654.0,1,1,Servo,HS,3,CV,1,238008
9,0.3357605115353162,1.1934874465899559,5792.0,1,1,Servo,HS,3,CV,1,238009
10,0.33252317015805405,1.1709601238976577,5755.0,1,1,Servo,HS,3,CV,1,196690
11,0.347972165166426,1.453799319581334,5054.0,1,1,Servo,HS,3,CV,1,196691
12,0.6820938801480666,0.3955458529816484,7184.0,1,1,Servo,HS,3,CV,1,238012
13,0.7028398241230439,0.672303956259424,5968.0,1,1,Servo,HS,3,CV,1,238013
14,0.6433431875540253,0.4679517384585454,5614.0,1,1,Servo,HS,3,CV,1,238014
15,0.33318874711420515,1.1666553824697443,6938.0,1,1,Servo,HS,3,CV,1,238015
16,0.33909700064608767,1.1506688781370813,7070.0,1,1,Servo,HS,3,CV,1,238016
17,0.6876418044898532,0.3385896603682696,6723.0,1,1,Servo,HS,3,CV,1,238017
18,0.6970842343812895,0.6409755041652294,7360.0,1,1,Servo,HS,3,CV,1,238018
19,0.6780722453019499,0.39150168932611473,5428.0,1,1,Servo,HS,3,CV,1,238019
20,0.7021206837021634,0.36508290029786716,6620.0,1,1,Servo,HS,3,CV,1,238020
21,0.3324889646487652,1.1729490945154297,7003.0,1,1,Servo,HS,3,CV,1,238021
22,0.6744160220147022,0.46840148955741706,5562.0,1,1,Servo,HS,3,CV,1,238022
23,0.6549865701426831,1.286917711777622,5913.0,1,1,Servo,HS,3,CV,1,238023
24,0.653169871787243,0.3645418178279395,6666.0,1,1,Servo,HS,3,CV,1,238024
25,0.6417070999466159,2.3314519887886993,6734.0,1,1,Servo,HS,3,CV,1,238025
26,0.662043966168828,0.9481588621332196,7245.0,1,1,Servo,HS,3,CV,1,238026
27,0.31813220133775627,1.1411451140229194,6341.0,1,1,Servo,HS,3,CV,1,238027
28,0.6453795793144083,0.4835087948508674,7035.0,1,1,Servo,HS,3,CV,1,238028
29,0.7141114238404865,0.2777125681709592,6937.0,1,1,Servo,HS,3,CV,1,238029
30,0.6752207848069511,0.3475187810454156,6719.0,1,1,Servo,HS,3,CV,1,238030
31,0.6449840602964836,0.9015869564556398,6686.0,1,1,Servo,HS,3,CV,1,238031
32,0.7000395477613609,0.3278921600669122,6722.0,1,1,Servo,HS,3,CV,1,238032
33,0.33647940077950717,1.0794274448351167,5371.0,1,1,Servo,HS,3,CV,1,238033
34,0.7290539851674996,0.9969518105116832,5574.0,1,1,Servo,HS,3,CV,1,238034