
0,0.05499999999999999,0.925,24469.0,1,1,Chart,HS,4,CV,1,238385
1,0.05000000000000001,0.92,19750.0,1,1,Chart,HS,4,CV,1,238386
2,0.049999999999999996,0.91,23343.0,1,1,Chart,HS,4,CV,1,238387
3,0.05,0.9299999999999999,19656.0,1,1,Chart,HS,4,CV,1,238388
4,0.04750000000000001,0.925,21258.0,1,1,Chart,HS,4,CV,1,238389
5,0.04250000000000001,0.91,23461.0,1,1,Chart,HS,4,CV,1,238390
6,0.05,0.9,20894.0,1,1,Chart,HS,4,CV,1,196956
7,0.045,0.955,20556.0,1,1,Chart,HS,4,CV,1,196957
8,0.045000000000000005,0.9299999999999999,26410.0,1,1,Chart,HS,4,CV,1,238393
9,0.045,0.91,26172.0,1,1,Chart,HS,4,CV,1,238394
10,0.035,0.915,19703.0,1,1,Chart,HS,4,CV,1,238395
11,0.0475,0.945,25324.0,1,1,Chart,HS,4,CV,1,238396
12,0.0475,0.885,19999.0,1,1,Chart,HS,4,CV,1,238397
13,0.04750000000000001,0.95,27497.0,1,1,Chart,HS,4,CV,1,238398
14,0.04000000000000001,0.955,24031.0,1,1,Chart,HS,4,CV,1,238399
15,0.045,0.9299999999999999,27075.0,1,1,Chart,HS,4,CV,1,238400
16,0.05499999999999999,0.9299999999999999,19781.0,1,1,Chart,HS,4,CV,1,238401
17,0.05,0.91,28243.0,1,1,Chart,HS,4,CV,1,238402
18,0.0475,0.92,28140.0,1,1,Chart,HS,4,CV,1,238403
19,0.05,0.915,20422.0,1,1,Chart,HS,4,CV,1,238404
20,0.05,0.925,25729.0,1,1,Chart,HS,4,CV,1,238405
21,0.0425,0.92,26373.0,1,1,Chart,HS,4,CV,1,238406
22,0.04,0.935,26460.0,1,1,Chart,HS,4,CV,1,238407
23,0.04,0.9299999999999999,26932.0,1,1,Chart,HS,4,CV,1,238408
24,0.0475,0.955,25182.0,1,1,Chart,HS,4,CV,1,238409
25,0.05,0.945,25239.0,1,1,Chart,HS,4,CV,1,238410
26,0.0425,0.91,27493.0,1,1,Chart,HS,4,CV,1,238411
27,0.05000000000000001,0.885,27516.0,1,1,Chart,HS,4,CV,1,238412
28,0.05,0.915,22078.0,1,1,Chart,HS,4,CV,1,238413
29,0.052500000000000005,0.9299999999999999,21904.0,1,1,Chart,HS,4,CV,1,238414
30,0.052500000000000005,0.885,21102.0,1,1,Chart,HS,4,CV,1,238415
31,0.04000000000000001,0.935,26736.0,1,1,Chart,HS,4,CV,1,238416
32,0.045000000000000005,0.94,27025.0,1,1,Chart,HS,4,CV,1,238417
33,0.045000000000000005,0.965,27993.0,1,1,Chart,HS,4,CV,1,238418
34,0.0475,0.91,21339.0,1,1,Chart,HS,4,CV,1,238419