
0,0.24,0.6862745098039216,9303.0,1,1,Haberman,HS,4,CV,1,238665
1,0.2252380952380953,0.7254901960784313,8156.0,1,1,Haberman,HS,4,CV,1,238666
2,0.23523809523809525,0.7254901960784313,11559.0,1,1,Haberman,HS,4,CV,1,238667
3,0.23047619047619045,0.7156862745098039,9084.0,1,1,Haberman,HS,4,CV,1,238668
4,0.2257142857142857,0.7058823529411764,10600.0,1,1,Haberman,HS,4,CV,1,238669
5,0.22571428571428576,0.696078431372549,11733.0,1,1,Haberman,HS,4,CV,1,238670
6,0.23523809523809525,0.6666666666666667,11668.0,1,1,Haberman,HS,4,CV,1,238671
7,0.22976190476190478,0.696078431372549,10694.0,1,1,Haberman,HS,4,CV,1,238672
8,0.23476190476190478,0.6470588235294117,10880.0,1,1,Haberman,HS,4,CV,1,238673
9,0.23500000000000001,0.7156862745098039,10771.0,1,1,Haberman,HS,4,CV,1,238674
10,0.2357142857142857,0.6862745098039216,10792.0,1,1,Haberman,HS,4,CV,1,238675
11,0.23023809523809527,0.6862745098039216,7871.0,1,1,Haberman,HS,4,CV,1,238676
12,0.23500000000000001,0.6666666666666667,8284.0,1,1,Haberman,HS,4,CV,1,197202
13,0.23476190476190478,0.7058823529411764,9476.0,1,1,Haberman,HS,4,CV,1,238678
14,0.23023809523809527,0.6862745098039216,10566.0,1,1,Haberman,HS,4,CV,1,238679
15,0.23452380952380952,0.7254901960784313,11435.0,1,1,Haberman,HS,4,CV,1,238680
16,0.22500000000000003,0.696078431372549,11375.0,1,1,Haberman,HS,4,CV,1,238681
17,0.22547619047619047,0.7254901960784313,11329.0,1,1,Haberman,HS,4,CV,1,238682
18,0.2252380952380953,0.6862745098039216,10919.0,1,1,Haberman,HS,4,CV,1,238683
19,0.23500000000000001,0.6764705882352942,10449.0,1,1,Haberman,HS,4,CV,1,238684
20,0.23023809523809527,0.6862745098039216,11282.0,1,1,Haberman,HS,4,CV,1,238685
21,0.23023809523809527,0.696078431372549,8110.0,1,1,Haberman,HS,4,CV,1,238686
22,0.23500000000000001,0.6666666666666667,10719.0,1,1,Haberman,HS,4,CV,1,238687
23,0.23500000000000001,0.6568627450980392,11073.0,1,1,Haberman,HS,4,CV,1,238688
24,0.2304761904761905,0.6764705882352942,8141.0,1,1,Haberman,HS,4,CV,1,238689
25,0.225,0.7058823529411764,9828.0,1,1,Haberman,HS,4,CV,1,238690
26,0.23500000000000001,0.6862745098039216,9172.0,1,1,Haberman,HS,4,CV,1,238691
27,0.23023809523809521,0.696078431372549,9292.0,1,1,Haberman,HS,4,CV,1,238692
28,0.23023809523809527,0.7058823529411764,9001.0,1,1,Haberman,HS,4,CV,1,238693
29,0.23500000000000001,0.6372549019607843,8125.0,1,1,Haberman,HS,4,CV,1,238694
30,0.22500000000000003,0.7156862745098039,8984.0,1,1,Haberman,HS,4,CV,1,238695
31,0.23952380952380953,0.6764705882352942,8218.0,1,1,Haberman,HS,4,CV,1,238696
32,0.23047619047619045,0.696078431372549,9632.0,1,1,Haberman,HS,4,CV,1,238697
33,0.23976190476190476,0.6862745098039216,10687.0,1,1,Haberman,HS,4,CV,1,238698
34,0.23000000000000004,0.6764705882352942,10328.0,1,1,Haberman,HS,4,CV,1,238699