
0,0.23076923076923078,0.79,21463.0,1,1,Libras,HS,4,CV,1,238910
1,0.2346153846153846,0.75,17942.0,1,1,Libras,HS,4,CV,1,238911
2,0.2230769230769231,0.81,21917.0,1,1,Libras,HS,4,CV,1,238912
3,0.22692307692307695,0.71,21283.0,1,1,Libras,HS,4,CV,1,238913
4,0.23076923076923075,0.79,18096.0,1,1,Libras,HS,4,CV,1,238914
5,0.23461538461538461,0.77,16536.0,1,1,Libras,HS,4,CV,1,238915
6,0.23461538461538461,0.81,21577.0,1,1,Libras,HS,4,CV,1,238916
7,0.22692307692307692,0.77,21959.0,1,1,Libras,HS,4,CV,1,238917
8,0.21923076923076926,0.72,21542.0,1,1,Libras,HS,4,CV,1,238918
9,0.2384615384615385,0.78,22707.0,1,1,Libras,HS,4,CV,1,238919
10,0.2384615384615385,0.83,22018.0,1,1,Libras,HS,4,CV,1,238920
11,0.2384615384615385,0.73,22042.0,1,1,Libras,HS,4,CV,1,238921
12,0.23076923076923075,0.74,22008.0,1,1,Libras,HS,4,CV,1,238922
13,0.23076923076923078,0.8,16428.0,1,1,Libras,HS,4,CV,1,238923
14,0.2192307692307692,0.78,22423.0,1,1,Libras,HS,4,CV,1,238924
15,0.22692307692307692,0.77,20344.0,1,1,Libras,HS,4,CV,1,238925
16,0.24230769230769228,0.79,17306.0,1,1,Libras,HS,4,CV,1,238926
17,0.20384615384615387,0.84,17193.0,1,1,Libras,HS,4,CV,1,238927
18,0.22692307692307692,0.75,21927.0,1,1,Libras,HS,4,CV,1,238928
19,0.23461538461538461,0.76,17510.0,1,1,Libras,HS,4,CV,1,238929
20,0.22692307692307692,0.83,17352.0,1,1,Libras,HS,4,CV,1,238930
21,0.23461538461538461,0.74,16395.0,1,1,Libras,HS,4,CV,1,238931
22,0.21153846153846154,0.8,20234.0,1,1,Libras,HS,4,CV,1,238932
23,0.21538461538461537,0.81,17398.0,1,1,Libras,HS,4,CV,1,238933
24,0.25,0.77,21275.0,1,1,Libras,HS,4,CV,1,197424
25,0.23846153846153845,0.79,21657.0,1,1,Libras,HS,4,CV,1,238935
26,0.2230769230769231,0.79,25426.0,1,1,Libras,HS,4,CV,1,238936
27,0.22692307692307692,0.7,17950.0,1,1,Libras,HS,4,CV,1,238937
28,0.23846153846153845,0.81,18133.0,1,1,Libras,HS,4,CV,1,238938
29,0.23076923076923078,0.85,18736.0,1,1,Libras,HS,4,CV,1,238939
30,0.22692307692307692,0.85,17280.0,1,1,Libras,HS,4,CV,1,238940
31,0.23846153846153845,0.78,21375.0,1,1,Libras,HS,4,CV,1,238941
32,0.21923076923076926,0.84,21692.0,1,1,Libras,HS,4,CV,1,238942
33,0.23076923076923075,0.75,21330.0,1,1,Libras,HS,4,CV,1,238943
34,0.23076923076923075,0.75,22029.0,1,1,Libras,HS,4,CV,1,238944