
0,0.08115942028985507,0.8974358974358975,14083.0,1,1,Ionosphere,HS,5,CV,1,240275
1,0.08115942028985507,0.9316239316239316,14482.0,1,1,Ionosphere,HS,5,CV,1,240276
2,0.07681159420289856,0.8974358974358975,14214.0,1,1,Ionosphere,HS,5,CV,1,240277
3,0.07282608695652174,0.9145299145299145,14404.0,1,1,Ionosphere,HS,5,CV,1,240278
4,0.060144927536231886,0.8888888888888888,14403.0,1,1,Ionosphere,HS,5,CV,1,240279
5,0.06865942028985507,0.9145299145299145,9954.0,1,1,Ionosphere,HS,5,CV,1,240280
6,0.08097826086956522,0.8974358974358975,12013.0,1,1,Ionosphere,HS,5,CV,1,240281
7,0.07246376811594202,0.9316239316239316,14619.0,1,1,Ionosphere,HS,5,CV,1,240282
8,0.07228260869565216,0.8888888888888888,11017.0,1,1,Ionosphere,HS,5,CV,1,240283
9,0.06032608695652173,0.905982905982906,11416.0,1,1,Ionosphere,HS,5,CV,1,240284
10,0.06413043478260869,0.8888888888888888,11488.0,1,1,Ionosphere,HS,5,CV,1,240285
11,0.07246376811594203,0.9145299145299145,12055.0,1,1,Ionosphere,HS,5,CV,1,240286
12,0.07264492753623186,0.905982905982906,10902.0,1,1,Ionosphere,HS,5,CV,1,240287
13,0.07626811594202898,0.8974358974358975,12750.0,1,1,Ionosphere,HS,5,CV,1,240288
14,0.07282608695652174,0.8974358974358975,10911.0,1,1,Ionosphere,HS,5,CV,1,240289
15,0.06865942028985506,0.905982905982906,13726.0,1,1,Ionosphere,HS,5,CV,1,240290
16,0.06394927536231884,0.8974358974358975,12091.0,1,1,Ionosphere,HS,5,CV,1,240291
17,0.07228260869565217,0.8974358974358975,13889.0,1,1,Ionosphere,HS,5,CV,1,240292
18,0.07717391304347826,0.8974358974358975,14104.0,1,1,Ionosphere,HS,5,CV,1,240293
19,0.07681159420289854,0.8888888888888888,10579.0,1,1,Ionosphere,HS,5,CV,1,240294
20,0.07318840579710145,0.9230769230769231,13772.0,1,1,Ionosphere,HS,5,CV,1,240295
21,0.059782608695652176,0.9401709401709402,12750.0,1,1,Ionosphere,HS,5,CV,1,240296
22,0.06847826086956521,0.905982905982906,11693.0,1,1,Ionosphere,HS,5,CV,1,240297
23,0.06829710144927534,0.8803418803418803,13414.0,1,1,Ionosphere,HS,5,CV,1,240298
24,0.06394927536231884,0.9316239316239316,14261.0,1,1,Ionosphere,HS,5,CV,1,240299
25,0.0769927536231884,0.9145299145299145,13964.0,1,1,Ionosphere,HS,5,CV,1,240300
26,0.06829710144927534,0.8547008547008547,13990.0,1,1,Ionosphere,HS,5,CV,1,240301
27,0.0769927536231884,0.9145299145299145,13250.0,1,1,Ionosphere,HS,5,CV,1,240302
28,0.0769927536231884,0.905982905982906,13375.0,1,1,Ionosphere,HS,5,CV,1,240303
29,0.0730072463768116,0.8632478632478633,14515.0,1,1,Ionosphere,HS,5,CV,1,240304
30,0.07264492753623186,0.905982905982906,14811.0,1,1,Ionosphere,HS,5,CV,1,240305
31,0.08152173913043477,0.905982905982906,14614.0,1,1,Ionosphere,HS,5,CV,1,240306
32,0.07282608695652174,0.8803418803418803,13561.0,1,1,Ionosphere,HS,5,CV,1,240307
33,0.07264492753623188,0.8974358974358975,14249.0,1,1,Ionosphere,HS,5,CV,1,240308
34,0.06811594202898551,0.8632478632478633,13988.0,1,1,Ionosphere,HS,5,CV,1,240309