
0,0.06878870312905828,0.9031719532554257,317142.0,1,1,Optdigits,HS,5,CV,1,240415
1,0.0674811696034339,0.8987200890372844,373482.0,1,1,Optdigits,HS,5,CV,1,240416
2,0.0690539007286099,0.8703394546466333,216983.0,1,1,Optdigits,HS,5,CV,1,240417
3,0.06878255163834701,0.89259877573734,345737.0,1,1,Optdigits,HS,5,CV,1,240418
4,0.06251418260358427,0.8781302170283807,356653.0,1,1,Optdigits,HS,5,CV,1,240419
5,0.06826650991757001,0.8814691151919867,398204.0,1,1,Optdigits,HS,5,CV,1,240420
6,0.06696171038781731,0.8937117417918754,314661.0,1,1,Optdigits,HS,5,CV,1,240421
7,0.06512651565896135,0.9003895381190874,357269.0,1,1,Optdigits,HS,5,CV,1,240422
8,0.06826924391344169,0.8781302170283807,361978.0,1,1,Optdigits,HS,5,CV,1,240423
9,0.0661688515850341,0.8964941569282137,334521.0,1,1,Optdigits,HS,5,CV,1,240424
10,0.0677326972236272,0.8708959376739009,384360.0,1,1,Optdigits,HS,5,CV,1,240425
11,0.06591732396484082,0.8647746243739566,358570.0,1,1,Optdigits,HS,5,CV,1,240426
12,0.06983719054584228,0.8809126321647189,344385.0,1,1,Optdigits,HS,5,CV,1,240427
13,0.06879075362596201,0.8597662771285476,291780.0,1,1,Optdigits,HS,5,CV,1,240428
14,0.0666807923120036,0.862548692264886,318892.0,1,1,Optdigits,HS,5,CV,1,240429
15,0.06617500307574535,0.8770172509738453,291175.0,1,1,Optdigits,HS,5,CV,1,240430
16,0.06461047393818435,0.8814691151919867,263531.0,1,1,Optdigits,HS,5,CV,1,240431
17,0.0714024031823712,0.8580968280467446,321329.0,1,1,Optdigits,HS,5,CV,1,240432
18,0.06773679821743468,0.9070673344462994,358156.0,1,1,Optdigits,HS,5,CV,1,240433
19,0.06931294683745028,0.8931552587646077,268438.0,1,1,Optdigits,HS,5,CV,1,240434
20,0.06695555889710605,0.887590428491931,343063.0,1,1,Optdigits,HS,5,CV,1,240435
21,0.06461252443508811,0.897607122982749,390449.0,1,1,Optdigits,HS,5,CV,1,240436
22,0.06852965702021789,0.8775737340011129,273893.0,1,1,Optdigits,HS,5,CV,1,240437
23,0.07009828715158639,0.905954368391764,285094.0,1,1,Optdigits,HS,5,CV,1,240438
24,0.0687900701269941,0.89259877573734,361772.0,1,1,Optdigits,HS,5,CV,1,240439
25,0.06617431957677744,0.8775737340011129,366347.0,1,1,Optdigits,HS,5,CV,1,240440
26,0.06773338072259509,0.8781302170283807,293003.0,1,1,Optdigits,HS,5,CV,1,240441
27,0.06459680395882603,0.9053978853644964,268223.0,1,1,Optdigits,HS,5,CV,1,240442
28,0.06564392437767419,0.8731218697829717,268754.0,1,1,Optdigits,HS,5,CV,1,240443
29,0.06983514004893852,0.8937117417918754,316454.0,1,1,Optdigits,HS,5,CV,1,240444
30,0.07061569587029923,0.8764607679465777,308876.0,1,1,Optdigits,HS,5,CV,1,240445
31,0.06330157341462414,0.8714524207011686,217906.0,1,1,Optdigits,HS,5,CV,1,240446
32,0.06381693163643322,0.8987200890372844,217437.0,1,1,Optdigits,HS,5,CV,1,240447
33,0.0672173390018181,0.895937673900946,254879.0,1,1,Optdigits,HS,5,CV,1,240448
34,0.0677450002050497,0.895937673900946,323001.0,1,1,Optdigits,HS,5,CV,1,240449