
0,0.04430191366266133,0.9133790737564322,626118.0,1,1,Pen,HS,5,CV,1,240590
1,0.04456822429906542,0.9085191538021726,596272.0,1,1,Pen,HS,5,CV,1,240591
2,0.04123186470850022,0.9176672384219554,796725.0,1,1,Pen,HS,5,CV,1,240592
3,0.044838095238095246,0.9162378502001144,794968.0,1,1,Pen,HS,5,CV,1,240593
4,0.04256733422340899,0.9279588336192109,592612.0,1,1,Pen,HS,5,CV,1,240594
5,0.04590422785936804,0.9153802172670097,701838.0,1,1,Pen,HS,5,CV,1,240595
6,0.04536786826880284,0.8976558033161807,702099.0,1,1,Pen,HS,5,CV,1,240596
7,0.043368224299065415,0.9113779302458548,652705.0,1,1,Pen,HS,5,CV,1,240597
8,0.04430155763239876,0.9139508290451687,702159.0,1,1,Pen,HS,5,CV,1,240598
9,0.04363435692033823,0.9202401372212693,656564.0,1,1,Pen,HS,5,CV,1,240599
10,0.046704049844236754,0.9216695254431103,759659.0,1,1,Pen,HS,5,CV,1,240600
11,0.04056644414775255,0.9093767867352773,656673.0,1,1,Pen,HS,5,CV,1,240601
12,0.04176555407209613,0.9176672384219554,706815.0,1,1,Pen,HS,5,CV,1,240602
13,0.046036137071651086,0.9048027444253859,759417.0,1,1,Pen,HS,5,CV,1,240603
14,0.04376733422340899,0.9082332761578045,621647.0,1,1,Pen,HS,5,CV,1,240604
15,0.0421671562082777,0.9282447112635792,653532.0,1,1,Pen,HS,5,CV,1,240605
16,0.04523560302625724,0.9139508290451687,446777.0,1,1,Pen,HS,5,CV,1,240606
17,0.044168936359590565,0.9110920526014865,719095.0,1,1,Pen,HS,5,CV,1,240607
18,0.04229924343569204,0.9182389937106918,655470.0,1,1,Pen,HS,5,CV,1,240608
19,0.04336769025367156,0.9148084619782733,569197.0,1,1,Pen,HS,5,CV,1,240609
20,0.03856270582999555,0.9359634076615209,724004.0,1,1,Pen,HS,5,CV,1,240610
21,0.04456893635959057,0.9108061749571184,760454.0,1,1,Pen,HS,5,CV,1,240611
22,0.046169648420115714,0.91852487135506,707664.0,1,1,Pen,HS,5,CV,1,240612
23,0.03989906542056075,0.9299599771297884,723701.0,1,1,Pen,HS,5,CV,1,240613
24,0.04510333778371162,0.9016580903373357,746811.0,1,1,Pen,HS,5,CV,1,240614
25,0.04523720516243881,0.9182389937106918,720554.0,1,1,Pen,HS,5,CV,1,240615
26,0.04363364485981308,0.9205260148656376,525458.0,1,1,Pen,HS,5,CV,1,240616
27,0.04456804628393414,0.9230989136649514,668135.0,1,1,Pen,HS,5,CV,1,240617
28,0.04350048954161104,0.9173813607775871,616807.0,1,1,Pen,HS,5,CV,1,240618
29,0.04376662216288384,0.9188107489994283,747720.0,1,1,Pen,HS,5,CV,1,240619
30,0.046035781041388515,0.923956546598056,632188.0,1,1,Pen,HS,5,CV,1,240620
31,0.044569648420115716,0.9296740994854202,635337.0,1,1,Pen,HS,5,CV,1,240621
32,0.04376715620827771,0.9093767867352773,730621.0,1,1,Pen,HS,5,CV,1,240622
33,0.0445696484201157,0.9233847913093196,535531.0,1,1,Pen,HS,5,CV,1,240623
34,0.04243400089007565,0.9230989136649514,514452.0,1,1,Pen,HS,5,CV,1,240624