
0,2.389686345334943,3.683202254565457,11475.0,1,1,AutoMpg,HS,6,CV,1,242270
1,2.4063905730818194,3.4698389315107767,11960.0,1,1,AutoMpg,HS,6,CV,1,242271
2,2.300250598984308,3.6800173088055934,11219.0,1,1,AutoMpg,HS,6,CV,1,242272
3,2.422650677735193,3.4510027356855284,11418.0,1,1,AutoMpg,HS,6,CV,1,242273
4,2.410790008543626,3.495856376346948,11562.0,1,1,AutoMpg,HS,6,CV,1,242274
5,2.404374181220446,3.2974807709085425,15234.0,1,1,AutoMpg,HS,6,CV,1,242275
6,2.3471076818278527,3.498388026262102,11727.0,1,1,AutoMpg,HS,6,CV,1,242276
7,2.436905415293891,3.4010606327515105,14829.0,1,1,AutoMpg,HS,6,CV,1,242277
8,2.302109030721502,3.5517575329395616,15455.0,1,1,AutoMpg,HS,6,CV,1,242278
9,2.2985997747094067,3.6213820344458423,10642.0,1,1,AutoMpg,HS,6,CV,1,242279
10,2.4451048630268644,3.4639996956300263,11842.0,1,1,AutoMpg,HS,6,CV,1,242280
11,2.419256400149938,3.4581597257062624,12383.0,1,1,AutoMpg,HS,6,CV,1,242281
12,2.3611494206531343,3.508783613244303,11436.0,1,1,AutoMpg,HS,6,CV,1,242282
13,2.376608100305068,3.4611158943237355,11927.0,1,1,AutoMpg,HS,6,CV,1,242283
14,2.333516857011472,3.446881054062822,11281.0,1,1,AutoMpg,HS,6,CV,1,242284
15,2.4007977192790064,3.5469213520996905,11356.0,1,1,AutoMpg,HS,6,CV,1,242285
16,2.4299728669835194,3.733352012495745,11781.0,1,1,AutoMpg,HS,6,CV,1,242286
17,2.374650616334243,3.5354310010285723,14697.0,1,1,AutoMpg,HS,6,CV,1,200177
18,2.4365378120635177,3.7205726479452506,11771.0,1,1,AutoMpg,HS,6,CV,1,242288
19,2.374202981690742,3.562615552846063,11141.0,1,1,AutoMpg,HS,6,CV,1,242289
20,2.295807122748959,3.6518809094665903,11864.0,1,1,AutoMpg,HS,6,CV,1,242290
21,2.362075357321237,3.775952767543684,15141.0,1,1,AutoMpg,HS,6,CV,1,242291
22,2.40311905980674,3.621718483920916,11156.0,1,1,AutoMpg,HS,6,CV,1,242292
23,2.4131005873676186,3.496297343508333,11109.0,1,1,AutoMpg,HS,6,CV,1,242293
24,2.365720695907082,3.708136151262603,11918.0,1,1,AutoMpg,HS,6,CV,1,200184
25,2.418397141335009,3.5437390218833174,15219.0,1,1,AutoMpg,HS,6,CV,1,242295
26,2.370979254646419,3.611902054693897,15540.0,1,1,AutoMpg,HS,6,CV,1,242296
27,2.284824272350369,3.819558720276187,14636.0,1,1,AutoMpg,HS,6,CV,1,242297
28,2.3657827869334573,3.56942806907234,11429.0,1,1,AutoMpg,HS,6,CV,1,242298
29,2.3988837726472365,3.53040171925778,12393.0,1,1,AutoMpg,HS,6,CV,1,242299
31,2.294367538356643,3.4918142708220246,11375.0,1,1,AutoMpg,HS,6,CV,1,242301
32,2.43791012507651,3.27003834925756,11234.0,1,1,AutoMpg,HS,6,CV,1,242302
33,2.439356324767362,3.4946473064119985,11368.0,1,1,AutoMpg,HS,6,CV,1,242303
34,2.450355695276418,3.6262305078780126,11531.0,1,1,AutoMpg,HS,6,CV,1,242304
30,2.3675133127553467,3.3970597756374366,11453.0,1,1,AutoMpg,HS,6,CV,1,207072