
0,0.21399999999999997,0.782258064516129,25364.0,1,1,Blood,HS,6,CV,1,241220
1,0.21200000000000002,0.75,25574.0,1,1,Blood,HS,6,CV,1,241221
2,0.21200000000000002,0.7701612903225806,25552.0,1,1,Blood,HS,6,CV,1,241222
3,0.21200000000000002,0.7903225806451613,25223.0,1,1,Blood,HS,6,CV,1,241223
4,0.21399999999999997,0.7741935483870968,24203.0,1,1,Blood,HS,6,CV,1,241224
5,0.21200000000000002,0.8064516129032258,20545.0,1,1,Blood,HS,6,CV,1,241225
6,0.21200000000000002,0.7741935483870968,26199.0,1,1,Blood,HS,6,CV,1,241226
7,0.21200000000000002,0.7741935483870968,25148.0,1,1,Blood,HS,6,CV,1,241227
8,0.20999999999999996,0.7782258064516129,28216.0,1,1,Blood,HS,6,CV,1,241228
9,0.21200000000000002,0.7620967741935484,25447.0,1,1,Blood,HS,6,CV,1,241229
10,0.21200000000000002,0.7862903225806451,25246.0,1,1,Blood,HS,6,CV,1,241230
11,0.21399999999999997,0.7620967741935484,22050.0,1,1,Blood,HS,6,CV,1,199271
12,0.20599999999999996,0.7782258064516129,25406.0,1,1,Blood,HS,6,CV,1,241232
13,0.20999999999999996,0.7661290322580645,18615.0,1,1,Blood,HS,6,CV,1,241233
14,0.21200000000000002,0.7661290322580645,26271.0,1,1,Blood,HS,6,CV,1,241234
15,0.20999999999999996,0.7862903225806451,25469.0,1,1,Blood,HS,6,CV,1,241235
16,0.21200000000000002,0.7701612903225806,31209.0,1,1,Blood,HS,6,CV,1,241236
17,0.21200000000000002,0.782258064516129,21604.0,1,1,Blood,HS,6,CV,1,241237
18,0.21399999999999997,0.782258064516129,24156.0,1,1,Blood,HS,6,CV,1,241238
19,0.20800000000000002,0.7903225806451613,25562.0,1,1,Blood,HS,6,CV,1,241239
20,0.20599999999999996,0.782258064516129,25435.0,1,1,Blood,HS,6,CV,1,241240
21,0.20800000000000002,0.7741935483870968,25159.0,1,1,Blood,HS,6,CV,1,241241
22,0.21200000000000002,0.7782258064516129,26001.0,1,1,Blood,HS,6,CV,1,241242
23,0.21399999999999997,0.782258064516129,26639.0,1,1,Blood,HS,6,CV,1,241243
24,0.21399999999999997,0.7903225806451613,25838.0,1,1,Blood,HS,6,CV,1,241244
25,0.21399999999999997,0.782258064516129,21432.0,1,1,Blood,HS,6,CV,1,241245
26,0.21399999999999997,0.7741935483870968,20016.0,1,1,Blood,HS,6,CV,1,241246
27,0.21200000000000002,0.782258064516129,22502.0,1,1,Blood,HS,6,CV,1,241247
28,0.20999999999999996,0.7983870967741935,22593.0,1,1,Blood,HS,6,CV,1,241248
29,0.21200000000000002,0.7701612903225806,18969.0,1,1,Blood,HS,6,CV,1,241249
30,0.21399999999999997,0.7741935483870968,20822.0,1,1,Blood,HS,6,CV,1,241250
31,0.20800000000000002,0.7620967741935484,25402.0,1,1,Blood,HS,6,CV,1,241251
32,0.21200000000000002,0.7903225806451613,25471.0,1,1,Blood,HS,6,CV,1,241252
33,0.21200000000000002,0.7741935483870968,21029.0,1,1,Blood,HS,6,CV,1,241253
34,0.21399999999999997,0.7782258064516129,25555.0,1,1,Blood,HS,6,CV,1,241254