
0,0.13814229249011856,0.8392857142857143,13573.0,1,1,Ecoli,HS,6,CV,1,241500
1,0.133596837944664,0.8839285714285714,11938.0,1,1,Ecoli,HS,6,CV,1,241501
2,0.1294466403162055,0.8482142857142857,12937.0,1,1,Ecoli,HS,6,CV,1,241502
3,0.1292490118577075,0.875,11781.0,1,1,Ecoli,HS,6,CV,1,241503
4,0.1292490118577075,0.8571428571428572,12744.0,1,1,Ecoli,HS,6,CV,1,241504
5,0.1341897233201581,0.8392857142857143,12930.0,1,1,Ecoli,HS,6,CV,1,241505
6,0.1377470355731225,0.8660714285714286,12576.0,1,1,Ecoli,HS,6,CV,1,241506
7,0.133794466403162,0.8392857142857143,13832.0,1,1,Ecoli,HS,6,CV,1,241507
8,0.1379446640316205,0.8482142857142857,12818.0,1,1,Ecoli,HS,6,CV,1,241508
9,0.12490118577075097,0.875,12857.0,1,1,Ecoli,HS,6,CV,1,241509
10,0.13754940711462446,0.8571428571428572,12425.0,1,1,Ecoli,HS,6,CV,1,241510
11,0.12885375494071147,0.8571428571428572,12716.0,1,1,Ecoli,HS,6,CV,1,241511
12,0.12924901185770749,0.8660714285714286,12636.0,1,1,Ecoli,HS,6,CV,1,241512
13,0.125098814229249,0.8660714285714286,13352.0,1,1,Ecoli,HS,6,CV,1,241513
14,0.12470355731225294,0.8839285714285714,9500.0,1,1,Ecoli,HS,6,CV,1,241514
15,0.133596837944664,0.8571428571428572,15866.0,1,1,Ecoli,HS,6,CV,1,241515
16,0.12905138339920946,0.8571428571428572,15564.0,1,1,Ecoli,HS,6,CV,1,241516
17,0.13339920948616596,0.8660714285714286,13183.0,1,1,Ecoli,HS,6,CV,1,241517
18,0.12924901185770749,0.8392857142857143,11734.0,1,1,Ecoli,HS,6,CV,1,241518
19,0.12490118577075097,0.875,11672.0,1,1,Ecoli,HS,6,CV,1,241519
20,0.125098814229249,0.8571428571428572,12525.0,1,1,Ecoli,HS,6,CV,1,241520
21,0.133596837944664,0.8660714285714286,9579.0,1,1,Ecoli,HS,6,CV,1,241521
22,0.1294466403162055,0.8660714285714286,13015.0,1,1,Ecoli,HS,6,CV,1,241522
23,0.1424901185770751,0.8571428571428572,12829.0,1,1,Ecoli,HS,6,CV,1,241523
24,0.133596837944664,0.8571428571428572,12817.0,1,1,Ecoli,HS,6,CV,1,241524
25,0.11620553359683794,0.8303571428571428,9906.0,1,1,Ecoli,HS,6,CV,1,241525
26,0.12490118577075097,0.8392857142857143,10206.0,1,1,Ecoli,HS,6,CV,1,241526
27,0.12905138339920946,0.8392857142857143,12818.0,1,1,Ecoli,HS,6,CV,1,241527
28,0.1292490118577075,0.8571428571428572,12375.0,1,1,Ecoli,HS,6,CV,1,241528
29,0.13794466403162056,0.8482142857142857,12687.0,1,1,Ecoli,HS,6,CV,1,241529
30,0.12470355731225294,0.8392857142857143,12733.0,1,1,Ecoli,HS,6,CV,1,241530
31,0.1383399209486166,0.8571428571428572,13234.0,1,1,Ecoli,HS,6,CV,1,241531
32,0.13399209486166005,0.8660714285714286,9641.0,1,1,Ecoli,HS,6,CV,1,241532
33,0.12905138339920946,0.8392857142857143,10356.0,1,1,Ecoli,HS,6,CV,1,241533
34,0.12035573122529644,0.8660714285714286,12587.0,1,1,Ecoli,HS,6,CV,1,241534