
0,0.2847222222222222,0.6818181818181819,5172.0,1,1,Hayes,HS,6,CV,1,241640
1,0.2763888888888889,0.5454545454545454,4474.0,1,1,Hayes,HS,6,CV,1,241641
2,0.26388888888888895,0.7045454545454546,5841.0,1,1,Hayes,HS,6,CV,1,241642
3,0.2736111111111111,0.5681818181818181,4219.0,1,1,Hayes,HS,6,CV,1,241643
4,0.27361111111111114,0.7045454545454546,5527.0,1,1,Hayes,HS,6,CV,1,241644
5,0.2861111111111111,0.6590909090909092,4591.0,1,1,Hayes,HS,6,CV,1,241645
6,0.25277777777777777,0.6590909090909092,4823.0,1,1,Hayes,HS,6,CV,1,241646
7,0.2861111111111111,0.7272727272727273,4625.0,1,1,Hayes,HS,6,CV,1,241647
8,0.2861111111111111,0.6363636363636364,5796.0,1,1,Hayes,HS,6,CV,1,241648
9,0.2625,0.6363636363636364,4859.0,1,1,Hayes,HS,6,CV,1,241649
10,0.3055555555555555,0.6818181818181819,4969.0,1,1,Hayes,HS,6,CV,1,241650
11,0.275,0.75,5674.0,1,1,Hayes,HS,6,CV,1,241651
12,0.2972222222222222,0.75,5588.0,1,1,Hayes,HS,6,CV,1,241652
13,0.2611111111111111,0.5454545454545454,5957.0,1,1,Hayes,HS,6,CV,1,241653
14,0.25972222222222224,0.6818181818181819,5172.0,1,1,Hayes,HS,6,CV,1,241654
15,0.2638888888888889,0.6136363636363636,5333.0,1,1,Hayes,HS,6,CV,1,241655
16,0.2847222222222222,0.6590909090909092,5617.0,1,1,Hayes,HS,6,CV,1,241656
17,0.2958333333333333,0.5909090909090908,3967.0,1,1,Hayes,HS,6,CV,1,241657
18,0.2861111111111111,0.7045454545454546,5429.0,1,1,Hayes,HS,6,CV,1,241658
19,0.3041666666666667,0.6818181818181819,4426.0,1,1,Hayes,HS,6,CV,1,241659
20,0.29444444444444445,0.6363636363636364,5418.0,1,1,Hayes,HS,6,CV,1,241660
21,0.23055555555555554,0.6818181818181819,8249.0,1,1,Hayes,HS,6,CV,1,241661
22,0.2833333333333333,0.6818181818181819,5309.0,1,1,Hayes,HS,6,CV,1,241662
23,0.3041666666666667,0.6818181818181819,5519.0,1,1,Hayes,HS,6,CV,1,241663
24,0.2611111111111111,0.6818181818181819,5557.0,1,1,Hayes,HS,6,CV,1,241664
25,0.2847222222222222,0.6818181818181819,5719.0,1,1,Hayes,HS,6,CV,1,241665
26,0.29722222222222217,0.7045454545454546,6721.0,1,1,Hayes,HS,6,CV,1,241666
27,0.29583333333333334,0.6136363636363636,5852.0,1,1,Hayes,HS,6,CV,1,241667
28,0.27222222222222225,0.6818181818181819,5317.0,1,1,Hayes,HS,6,CV,1,241668
29,0.2763888888888889,0.7272727272727273,4526.0,1,1,Hayes,HS,6,CV,1,241669
30,0.27361111111111114,0.6363636363636364,5306.0,1,1,Hayes,HS,6,CV,1,241670
31,0.2847222222222222,0.6818181818181819,4544.0,1,1,Hayes,HS,6,CV,1,241671
32,0.28194444444444444,0.6363636363636364,5616.0,1,1,Hayes,HS,6,CV,1,241672
33,0.2847222222222222,0.6136363636363636,4484.0,1,1,Hayes,HS,6,CV,1,241673
34,0.2736111111111111,0.6363636363636364,5743.0,1,1,Hayes,HS,6,CV,1,241674