
0,0.29166666666666663,0.65,11282.0,1,1,Glass,HS,7,CV,1,243040
1,0.29208333333333336,0.7,11968.0,1,1,Glass,HS,7,CV,1,243041
2,0.29250000000000004,0.6166666666666667,8956.0,1,1,Glass,HS,7,CV,1,243042
3,0.3041666666666667,0.65,9705.0,1,1,Glass,HS,7,CV,1,243043
4,0.2991666666666667,0.5833333333333333,7328.0,1,1,Glass,HS,7,CV,1,243044
5,0.29208333333333336,0.6,9160.0,1,1,Glass,HS,7,CV,1,243045
6,0.29833333333333334,0.5666666666666667,7371.0,1,1,Glass,HS,7,CV,1,243046
7,0.2925,0.65,8281.0,1,1,Glass,HS,7,CV,1,243047
8,0.2991666666666667,0.6666666666666667,9014.0,1,1,Glass,HS,7,CV,1,243048
9,0.2975,0.65,8982.0,1,1,Glass,HS,7,CV,1,243049
10,0.28583333333333333,0.6166666666666667,7649.0,1,1,Glass,HS,7,CV,1,243050
11,0.29875,0.7333333333333334,9050.0,1,1,Glass,HS,7,CV,1,243051
12,0.2916666666666667,0.65,8913.0,1,1,Glass,HS,7,CV,1,243052
13,0.29291666666666666,0.6333333333333333,9798.0,1,1,Glass,HS,7,CV,1,243053
14,0.30541666666666667,0.5666666666666667,9237.0,1,1,Glass,HS,7,CV,1,243054
15,0.30541666666666667,0.6666666666666667,7347.0,1,1,Glass,HS,7,CV,1,243055
16,0.29833333333333334,0.6,9098.0,1,1,Glass,HS,7,CV,1,243056
17,0.29125,0.6166666666666667,8406.0,1,1,Glass,HS,7,CV,1,243057
18,0.31083333333333335,0.6166666666666667,9140.0,1,1,Glass,HS,7,CV,1,243058
19,0.29333333333333333,0.6166666666666667,7223.0,1,1,Glass,HS,7,CV,1,243059
20,0.30500000000000005,0.6666666666666667,8875.0,1,1,Glass,HS,7,CV,1,243060
21,0.2979166666666667,0.65,9150.0,1,1,Glass,HS,7,CV,1,243061
22,0.29791666666666666,0.6833333333333333,8531.0,1,1,Glass,HS,7,CV,1,243062
23,0.29833333333333334,0.65,7531.0,1,1,Glass,HS,7,CV,1,243063
24,0.2979166666666667,0.6,7617.0,1,1,Glass,HS,7,CV,1,243064
25,0.305,0.6333333333333333,8985.0,1,1,Glass,HS,7,CV,1,243065
26,0.29208333333333336,0.6666666666666667,8977.0,1,1,Glass,HS,7,CV,1,243066
27,0.2925,0.65,6947.0,1,1,Glass,HS,7,CV,1,243067
28,0.2995833333333333,0.6333333333333333,8054.0,1,1,Glass,HS,7,CV,1,243068
29,0.2916666666666667,0.6166666666666667,6954.0,1,1,Glass,HS,7,CV,1,243069
30,0.2779166666666667,0.65,8797.0,1,1,Glass,HS,7,CV,1,243070
31,0.2925,0.65,9635.0,1,1,Glass,HS,7,CV,1,243071
32,0.29208333333333336,0.6166666666666667,7347.0,1,1,Glass,HS,7,CV,1,243072
33,0.29875,0.6333333333333333,9091.0,1,1,Glass,HS,7,CV,1,243073
34,0.3045833333333333,0.6833333333333333,9691.0,1,1,Glass,HS,7,CV,1,243074