
0,0.07699275362318839,0.9401709401709402,11248.0,1,1,Ionosphere,HS,7,CV,1,243215
1,0.063768115942029,0.8974358974358975,11125.0,1,1,Ionosphere,HS,7,CV,1,243216
2,0.06847826086956521,0.905982905982906,10406.0,1,1,Ionosphere,HS,7,CV,1,243217
3,0.07681159420289854,0.9145299145299145,13188.0,1,1,Ionosphere,HS,7,CV,1,243218
4,0.05978260869565215,0.8376068376068376,11360.0,1,1,Ionosphere,HS,7,CV,1,243219
5,0.07264492753623189,0.8803418803418803,13348.0,1,1,Ionosphere,HS,7,CV,1,243220
6,0.0644927536231884,0.905982905982906,12828.0,1,1,Ionosphere,HS,7,CV,1,243221
7,0.06413043478260869,0.9230769230769231,13266.0,1,1,Ionosphere,HS,7,CV,1,243222
8,0.06811594202898551,0.9145299145299145,12813.0,1,1,Ionosphere,HS,7,CV,1,243223
9,0.06829710144927537,0.905982905982906,11477.0,1,1,Ionosphere,HS,7,CV,1,243224
10,0.07699275362318839,0.8803418803418803,13919.0,1,1,Ionosphere,HS,7,CV,1,243225
11,0.07246376811594203,0.8974358974358975,12290.0,1,1,Ionosphere,HS,7,CV,1,243226
12,0.06865942028985508,0.8803418803418803,11014.0,1,1,Ionosphere,HS,7,CV,1,243227
13,0.07717391304347827,0.9401709401709402,10524.0,1,1,Ionosphere,HS,7,CV,1,243228
14,0.06829710144927535,0.8632478632478633,11190.0,1,1,Ionosphere,HS,7,CV,1,243229
15,0.0644927536231884,0.8632478632478633,11456.0,1,1,Ionosphere,HS,7,CV,1,243230
16,0.05561594202898551,0.8547008547008547,14564.0,1,1,Ionosphere,HS,7,CV,1,243231
17,0.07681159420289856,0.8717948717948718,13819.0,1,1,Ionosphere,HS,7,CV,1,243232
18,0.06884057971014493,0.9145299145299145,11582.0,1,1,Ionosphere,HS,7,CV,1,243233
19,0.08170289855072463,0.8974358974358975,13852.0,1,1,Ionosphere,HS,7,CV,1,243234
20,0.0644927536231884,0.8717948717948718,14930.0,1,1,Ionosphere,HS,7,CV,1,243235
21,0.07282608695652174,0.905982905982906,14004.0,1,1,Ionosphere,HS,7,CV,1,200931
22,0.0641304347826087,0.9145299145299145,14094.0,1,1,Ionosphere,HS,7,CV,1,243237
23,0.06847826086956521,0.8717948717948718,13985.0,1,1,Ionosphere,HS,7,CV,1,243238
24,0.063768115942029,0.8888888888888888,12185.0,1,1,Ionosphere,HS,7,CV,1,243239
25,0.07318840579710144,0.8717948717948718,10819.0,1,1,Ionosphere,HS,7,CV,1,200935
26,0.05543478260869565,0.8974358974358975,14149.0,1,1,Ionosphere,HS,7,CV,1,243241
27,0.06431159420289853,0.9316239316239316,11258.0,1,1,Ionosphere,HS,7,CV,1,200937
28,0.08152173913043478,0.9487179487179487,14281.0,1,1,Ionosphere,HS,7,CV,1,243243
29,0.07264492753623189,0.8803418803418803,14193.0,1,1,Ionosphere,HS,7,CV,1,243244
30,0.05144927536231884,0.905982905982906,13225.0,1,1,Ionosphere,HS,7,CV,1,243245
31,0.06884057971014493,0.8632478632478633,11825.0,1,1,Ionosphere,HS,7,CV,1,243246
32,0.07228260869565219,0.8888888888888888,13141.0,1,1,Ionosphere,HS,7,CV,1,243247
33,0.07699275362318839,0.905982905982906,13700.0,1,1,Ionosphere,HS,7,CV,1,243248
34,0.0773550724637681,0.8888888888888888,13811.0,1,1,Ionosphere,HS,7,CV,1,243249