
0,1.114925361819592,1.8239136850793045,8144.0,1,1,BodyFat,HS,8,CV,1,245455
1,1.0638529905732985,0.9889270128024351,9854.0,1,1,BodyFat,HS,8,CV,1,202771
2,1.0789165603198687,1.168236221130809,10012.0,1,1,BodyFat,HS,8,CV,1,245457
3,1.1865680948745285,1.0706414632562344,7810.0,1,1,BodyFat,HS,8,CV,1,245458
4,1.1858103283112624,1.1489439532869974,10474.0,1,1,BodyFat,HS,8,CV,1,245459
5,1.0380473210382697,1.7973541071353278,9803.0,1,1,BodyFat,HS,8,CV,1,245460
6,1.1827536171380297,1.192401815930245,10340.0,1,1,BodyFat,HS,8,CV,1,245461
7,1.066165236602423,1.3254410750075232,8456.0,1,1,BodyFat,HS,8,CV,1,245462
8,1.097845885034679,1.2521740573100755,10386.0,1,1,BodyFat,HS,8,CV,1,245463
9,1.0317371091491627,1.16150710302366,10896.0,1,1,BodyFat,HS,8,CV,1,245464
10,1.2142383544644606,0.9686959436193182,8134.0,1,1,BodyFat,HS,8,CV,1,245465
11,1.1486193151447908,1.1760206915826203,7822.0,1,1,BodyFat,HS,8,CV,1,245466
12,1.0155456330496493,1.1869722535188845,7519.0,1,1,BodyFat,HS,8,CV,1,245467
13,1.1700069149076975,1.3938930456768832,10390.0,1,1,BodyFat,HS,8,CV,1,245468
14,1.168160555739186,1.6325004431097991,10104.0,1,1,BodyFat,HS,8,CV,1,245469
15,1.1862650462196207,1.1515151676977011,7230.0,1,1,BodyFat,HS,8,CV,1,245470
16,1.1533141850362814,1.5900515533704267,9855.0,1,1,BodyFat,HS,8,CV,1,245471
17,1.1396481581980271,1.0723791589915688,7861.0,1,1,BodyFat,HS,8,CV,1,245472
18,1.1059156485141326,1.129237052211663,7513.0,1,1,BodyFat,HS,8,CV,1,245473
19,1.1454603545114685,1.1349112119586673,8085.0,1,1,BodyFat,HS,8,CV,1,202789
20,1.0714232575719884,1.2566098330273576,7670.0,1,1,BodyFat,HS,8,CV,1,245475
21,1.0999917826319512,1.9313945549866356,7545.0,1,1,BodyFat,HS,8,CV,1,245476
22,1.2192243294470297,1.2126748617045038,7553.0,1,1,BodyFat,HS,8,CV,1,245477
23,1.0946475417372925,1.017803952270018,7776.0,1,1,BodyFat,HS,8,CV,1,202793
24,1.1197633859694847,1.8006031785450372,7765.0,1,1,BodyFat,HS,8,CV,1,245479
25,1.1167548289337494,1.150062111746177,7570.0,1,1,BodyFat,HS,8,CV,1,245480
26,1.2244764172001221,1.1493617005252041,7663.0,1,1,BodyFat,HS,8,CV,1,245481
27,1.1352872626164965,1.0895437670875103,7781.0,1,1,BodyFat,HS,8,CV,1,245482
28,1.1621521465866387,1.763752501799796,7879.0,1,1,BodyFat,HS,8,CV,1,202798
29,1.1316923200636642,1.3160882961779816,7884.0,1,1,BodyFat,HS,8,CV,1,245484
31,1.150456051826956,1.6112587723955754,8041.0,1,1,BodyFat,HS,8,CV,1,245486
32,1.1492351356316193,1.4439381418251975,7524.0,1,1,BodyFat,HS,8,CV,1,245487
33,1.1303204894337107,1.8341933460421804,10255.0,1,1,BodyFat,HS,8,CV,1,245488
30,1.1399506591793958,1.4946965392125826,7547.0,1,1,BodyFat,HS,8,CV,1,209559