
0,0.14285714285714285,0.81,10184.0,1,1,Vertebral3C,HS,8,CV,1,244965
1,0.15238095238095237,0.83,9049.0,1,1,Vertebral3C,HS,8,CV,1,244966
2,0.15238095238095237,0.83,9505.0,1,1,Vertebral3C,HS,8,CV,1,244967
3,0.1571428571428571,0.84,12815.0,1,1,Vertebral3C,HS,8,CV,1,244968
4,0.15238095238095237,0.77,11269.0,1,1,Vertebral3C,HS,8,CV,1,244969
5,0.14285714285714285,0.8,9277.0,1,1,Vertebral3C,HS,8,CV,1,244970
6,0.14285714285714285,0.84,11866.0,1,1,Vertebral3C,HS,8,CV,1,244971
7,0.15238095238095237,0.81,12373.0,1,1,Vertebral3C,HS,8,CV,1,244972
8,0.15238095238095237,0.83,11666.0,1,1,Vertebral3C,HS,8,CV,1,244973
9,0.13809523809523808,0.86,11553.0,1,1,Vertebral3C,HS,8,CV,1,244974
10,0.1380952380952381,0.79,11234.0,1,1,Vertebral3C,HS,8,CV,1,244975
11,0.14761904761904762,0.83,12249.0,1,1,Vertebral3C,HS,8,CV,1,244976
12,0.14285714285714285,0.81,12173.0,1,1,Vertebral3C,HS,8,CV,1,244977
13,0.1476190476190476,0.81,11063.0,1,1,Vertebral3C,HS,8,CV,1,244978
14,0.15238095238095234,0.84,9547.0,1,1,Vertebral3C,HS,8,CV,1,244979
15,0.14285714285714285,0.81,13969.0,1,1,Vertebral3C,HS,8,CV,1,244980
16,0.1476190476190476,0.8200000000000001,11601.0,1,1,Vertebral3C,HS,8,CV,1,244981
17,0.15238095238095237,0.78,11686.0,1,1,Vertebral3C,HS,8,CV,1,244982
18,0.14285714285714285,0.81,11660.0,1,1,Vertebral3C,HS,8,CV,1,244983
19,0.1476190476190476,0.78,10108.0,1,1,Vertebral3C,HS,8,CV,1,244984
20,0.1476190476190476,0.8200000000000001,11503.0,1,1,Vertebral3C,HS,8,CV,1,244985
21,0.1476190476190476,0.8200000000000001,12050.0,1,1,Vertebral3C,HS,8,CV,1,244986
22,0.1476190476190476,0.78,10131.0,1,1,Vertebral3C,HS,8,CV,1,244987
23,0.1476190476190476,0.81,10093.0,1,1,Vertebral3C,HS,8,CV,1,244988
24,0.14285714285714285,0.83,11700.0,1,1,Vertebral3C,HS,8,CV,1,244989
25,0.13809523809523808,0.84,11994.0,1,1,Vertebral3C,HS,8,CV,1,244990
26,0.15238095238095234,0.81,12045.0,1,1,Vertebral3C,HS,8,CV,1,244991
27,0.14761904761904762,0.81,11890.0,1,1,Vertebral3C,HS,8,CV,1,244992
28,0.15238095238095237,0.8200000000000001,8293.0,1,1,Vertebral3C,HS,8,CV,1,244993
29,0.15238095238095234,0.81,11676.0,1,1,Vertebral3C,HS,8,CV,1,244994
30,0.14285714285714285,0.8,11751.0,1,1,Vertebral3C,HS,8,CV,1,244995
31,0.13333333333333336,0.8200000000000001,11768.0,1,1,Vertebral3C,HS,8,CV,1,244996
32,0.1380952380952381,0.81,11722.0,1,1,Vertebral3C,HS,8,CV,1,244997
33,0.14285714285714285,0.78,9250.0,1,1,Vertebral3C,HS,8,CV,1,244998
34,0.13809523809523808,0.8200000000000001,11662.0,1,1,Vertebral3C,HS,8,CV,1,244999