
0,0.38022057307771595,0.5777777777777777,50407.0,1,1,Yeast,HS,8,CV,1,245105
1,0.38124098124098127,0.5757575757575757,42204.0,1,1,Yeast,HS,8,CV,1,245106
2,0.38123067408781697,0.5777777777777777,46019.0,1,1,Yeast,HS,8,CV,1,245107
3,0.3822304679447536,0.5656565656565656,60702.0,1,1,Yeast,HS,8,CV,1,245108
4,0.38227169655741083,0.5696969696969697,50735.0,1,1,Yeast,HS,8,CV,1,245109
5,0.3781900639043496,0.5757575757575757,54515.0,1,1,Yeast,HS,8,CV,1,245110
6,0.38328179756751185,0.5838383838383838,55270.0,1,1,Yeast,HS,8,CV,1,245111
7,0.382240775097918,0.5757575757575757,53515.0,1,1,Yeast,HS,8,CV,1,202477
8,0.38123067408781697,0.5737373737373737,42590.0,1,1,Yeast,HS,8,CV,1,245113
9,0.3792104720676149,0.5898989898989899,44813.0,1,1,Yeast,HS,8,CV,1,245114
10,0.3812306740878169,0.5797979797979798,42218.0,1,1,Yeast,HS,8,CV,1,245115
11,0.37921047206761493,0.5717171717171717,58120.0,1,1,Yeast,HS,8,CV,1,245116
12,0.3802308802308802,0.5616161616161617,45473.0,1,1,Yeast,HS,8,CV,1,245117
13,0.37821067821067816,0.5737373737373737,41901.0,1,1,Yeast,HS,8,CV,1,245118
14,0.3771902700474129,0.5797979797979798,41906.0,1,1,Yeast,HS,8,CV,1,245119
15,0.3772005772005771,0.5797979797979798,51672.0,1,1,Yeast,HS,8,CV,1,245120
16,0.3772211915069058,0.5656565656565656,56392.0,1,1,Yeast,HS,8,CV,1,245121
17,0.3782209853638425,0.5777777777777777,55809.0,1,1,Yeast,HS,8,CV,1,245122
18,0.3761698618841475,0.5717171717171717,54751.0,1,1,Yeast,HS,8,CV,1,245123
19,0.38018965161822305,0.5656565656565656,51125.0,1,1,Yeast,HS,8,CV,1,245124
20,0.38223046794475357,0.5717171717171717,45720.0,1,1,Yeast,HS,8,CV,1,245125
21,0.3822407750979179,0.5818181818181818,50984.0,1,1,Yeast,HS,8,CV,1,245126
22,0.38122036693465267,0.5898989898989899,50469.0,1,1,Yeast,HS,8,CV,1,245127
23,0.3761904761904762,0.5777777777777777,55485.0,1,1,Yeast,HS,8,CV,1,245128
24,0.38121005978148836,0.5777777777777777,56153.0,1,1,Yeast,HS,8,CV,1,245129
25,0.3812306740878169,0.5797979797979798,58535.0,1,1,Yeast,HS,8,CV,1,245130
26,0.3802205730777159,0.5696969696969697,57875.0,1,1,Yeast,HS,8,CV,1,245131
27,0.3822304679447537,0.5858585858585859,50562.0,1,1,Yeast,HS,8,CV,1,245132
28,0.38123067408781697,0.5797979797979798,57737.0,1,1,Yeast,HS,8,CV,1,245133
29,0.3802308802308802,0.591919191919192,57602.0,1,1,Yeast,HS,8,CV,1,245134
30,0.3832817975675119,0.5777777777777777,53966.0,1,1,Yeast,HS,8,CV,1,245135
31,0.3782209853638425,0.5838383838383838,55033.0,1,1,Yeast,HS,8,CV,1,245136
32,0.38121005978148836,0.5818181818181818,58710.0,1,1,Yeast,HS,8,CV,1,245137
33,0.38428159142444857,0.5636363636363637,49125.0,1,1,Yeast,HS,8,CV,1,245138
34,0.3822613894042465,0.5797979797979798,43109.0,1,1,Yeast,HS,8,CV,1,245139