
0,0.319390243902439,0.6782178217821782,26782.0,1,1,Hill,HS,9,CV,1,246085
1,0.32176829268292684,0.6534653465346535,24568.0,1,1,Hill,HS,9,CV,1,246086
2,0.31420731707317073,0.6881188118811881,28890.0,1,1,Hill,HS,9,CV,1,246087
3,0.311890243902439,0.693069306930693,28727.0,1,1,Hill,HS,9,CV,1,246088
4,0.3094512195121951,0.6633663366336633,29246.0,1,1,Hill,HS,9,CV,1,246089
5,0.3092682926829268,0.693069306930693,23607.0,1,1,Hill,HS,9,CV,1,246090
6,0.2946341463414634,0.698019801980198,22500.0,1,1,Hill,HS,9,CV,1,246091
7,0.32420731707317074,0.693069306930693,29010.0,1,1,Hill,HS,9,CV,1,246092
8,0.30658536585365853,0.693069306930693,27969.0,1,1,Hill,HS,9,CV,1,246093
9,0.3116463414634147,0.6782178217821782,23080.0,1,1,Hill,HS,9,CV,1,203259
10,0.3192682926829268,0.6831683168316831,29826.0,1,1,Hill,HS,9,CV,1,246095
11,0.3092682926829268,0.693069306930693,28363.0,1,1,Hill,HS,9,CV,1,246096
12,0.30920731707317073,0.6633663366336633,27047.0,1,1,Hill,HS,9,CV,1,246097
13,0.3191463414634147,0.7079207920792079,27516.0,1,1,Hill,HS,9,CV,1,246098
14,0.309390243902439,0.6782178217821782,22823.0,1,1,Hill,HS,9,CV,1,246099
15,0.31670731707317074,0.6831683168316831,28941.0,1,1,Hill,HS,9,CV,1,246100
16,0.30926829268292677,0.698019801980198,30030.0,1,1,Hill,HS,9,CV,1,246101
17,0.3214634146341463,0.6881188118811881,29244.0,1,1,Hill,HS,9,CV,1,246102
18,0.3070731707317073,0.693069306930693,27141.0,1,1,Hill,HS,9,CV,1,246103
19,0.3142073170731708,0.6435643564356436,28242.0,1,1,Hill,HS,9,CV,1,246104
20,0.31408536585365854,0.6584158415841583,22359.0,1,1,Hill,HS,9,CV,1,246105
21,0.3166463414634146,0.6584158415841583,23985.0,1,1,Hill,HS,9,CV,1,246106
22,0.32140243902439025,0.6386138613861386,22640.0,1,1,Hill,HS,9,CV,1,246107
23,0.304390243902439,0.693069306930693,30557.0,1,1,Hill,HS,9,CV,1,246108
24,0.30195121951219517,0.698019801980198,24225.0,1,1,Hill,HS,9,CV,1,246109
25,0.31408536585365854,0.6732673267326732,25840.0,1,1,Hill,HS,9,CV,1,246110
26,0.31426829268292683,0.698019801980198,28415.0,1,1,Hill,HS,9,CV,1,203276
27,0.31414634146341464,0.698019801980198,31764.0,1,1,Hill,HS,9,CV,1,246112
28,0.3118292682926829,0.6881188118811881,30438.0,1,1,Hill,HS,9,CV,1,246113
29,0.3263414634146341,0.6831683168316831,23447.0,1,1,Hill,HS,9,CV,1,203279
30,0.3217073170731707,0.6633663366336633,30148.0,1,1,Hill,HS,9,CV,1,246115
31,0.3016463414634147,0.7178217821782178,30329.0,1,1,Hill,HS,9,CV,1,246116
32,0.31652439024390244,0.6831683168316831,22765.0,1,1,Hill,HS,9,CV,1,246117
33,0.3141463414634146,0.6732673267326732,32253.0,1,1,Hill,HS,9,CV,1,246118
34,0.3067682926829268,0.6782178217821782,30167.0,1,1,Hill,HS,9,CV,1,246119