
0,0.04003008455718736,0.9271012006861064,645323.0,1,1,Pen,HS,9,CV,1,246470
1,0.04190048954161104,0.9153802172670097,684414.0,1,1,Pen,HS,9,CV,1,246471
2,0.04403631508678237,0.9279588336192109,502605.0,1,1,Pen,HS,9,CV,1,246472
3,0.04270173564753004,0.9245283018867925,636798.0,1,1,Pen,HS,9,CV,1,246473
4,0.03989853137516689,0.9259576901086335,561895.0,1,1,Pen,HS,9,CV,1,203584
5,0.041366266132621274,0.91852487135506,773461.0,1,1,Pen,HS,9,CV,1,246475
6,0.043368046283934134,0.9073756432246998,695192.0,1,1,Pen,HS,9,CV,1,246476
7,0.04243400089007565,0.9216695254431103,728528.0,1,1,Pen,HS,9,CV,1,246477
8,0.04363435692033823,0.9288164665523156,720040.0,1,1,Pen,HS,9,CV,1,246478
9,0.04176573208722741,0.9119496855345912,790588.0,1,1,Pen,HS,9,CV,1,246479
10,0.041634356920338234,0.9130931961120641,451303.0,1,1,Pen,HS,9,CV,1,246480
11,0.03656145972407655,0.9236706689536878,579081.0,1,1,Pen,HS,9,CV,1,246481
12,0.0424334668446818,0.9042309891366496,556952.0,1,1,Pen,HS,9,CV,1,246482
13,0.044701557632398754,0.9282447112635792,679147.0,1,1,Pen,HS,9,CV,1,246483
14,0.0421671562082777,0.9233847913093196,506635.0,1,1,Pen,HS,9,CV,1,246484
15,0.04243311081441922,0.9159519725557461,772834.0,1,1,Pen,HS,9,CV,1,246485
16,0.04069710725411659,0.9411092052601486,450485.0,1,1,Pen,HS,9,CV,1,246486
17,0.04096573208722741,0.923956546598056,511098.0,1,1,Pen,HS,9,CV,1,246487
18,0.0432334668446818,0.9228130360205832,625110.0,1,1,Pen,HS,9,CV,1,246488
19,0.04323417890520694,0.9102344196683819,638642.0,1,1,Pen,HS,9,CV,1,246489
20,0.04350173564753005,0.9130931961120641,484672.0,1,1,Pen,HS,9,CV,1,246490
21,0.038164663996439696,0.9291023441966838,799520.0,1,1,Pen,HS,9,CV,1,246491
22,0.0424322207387628,0.9305317324185248,763767.0,1,1,Pen,HS,9,CV,1,246492
23,0.044567868268802845,0.9125214408233276,639290.0,1,1,Pen,HS,9,CV,1,246493
24,0.04016448598130841,0.9208118925100057,794267.0,1,1,Pen,HS,9,CV,1,246494
25,0.043367868268802845,0.9122355631789594,509770.0,1,1,Pen,HS,9,CV,1,246495
26,0.04403560302625724,0.917095483133219,739480.0,1,1,Pen,HS,9,CV,1,246496
27,0.04270031152647975,0.9256718124642653,776800.0,1,1,Pen,HS,9,CV,1,246497
28,0.04443649310191366,0.9025157232704403,554728.0,1,1,Pen,HS,9,CV,1,246498
29,0.044168580329327994,0.9065180102915952,744403.0,1,1,Pen,HS,9,CV,1,246499
30,0.04310031152647975,0.9090909090909091,778486.0,1,1,Pen,HS,9,CV,1,246500
31,0.04376751223854028,0.9093767867352773,779813.0,1,1,Pen,HS,9,CV,1,246501
32,0.04630369381397419,0.9073756432246998,701426.0,1,1,Pen,HS,9,CV,1,246502
33,0.04283417890520693,0.9028016009148084,540743.0,1,1,Pen,HS,9,CV,1,246503
34,0.043368046283934134,0.9010863350485991,725446.0,1,1,Pen,HS,9,CV,1,246504