
0,0.6590116603766041,0.6198619913236821,6868.0,1,1,Servo,HS,9,CV,1,246820
1,0.3191727498693308,1.1044908578395551,5199.0,1,1,Servo,HS,9,CV,1,246821
2,0.3318491163983668,1.1159559834244956,7071.0,1,1,Servo,HS,9,CV,1,246822
3,0.684208109034238,0.2747612305237424,7031.0,1,1,Servo,HS,9,CV,1,246823
4,0.6444254820995378,0.2839929174196262,6703.0,1,1,Servo,HS,9,CV,1,246824
5,0.6770939816002652,0.7874672040143288,6688.0,1,1,Servo,HS,9,CV,1,246825
6,0.6607579607512235,0.38055704662241907,6563.0,1,1,Servo,HS,9,CV,1,246826
7,0.6673345494698865,0.8366407220329947,6774.0,1,1,Servo,HS,9,CV,1,246827
8,0.6775077188005666,0.591287862020533,6726.0,1,1,Servo,HS,9,CV,1,246828
9,0.3393730086554411,1.1008934866467504,5212.0,1,1,Servo,HS,9,CV,1,246829
10,0.6824031949658205,0.3980026703192551,6925.0,1,1,Servo,HS,9,CV,1,246830
11,0.6287484564998206,0.4912652889188931,6679.0,1,1,Servo,HS,9,CV,1,246831
12,0.6886027359237542,0.7309796561793617,6943.0,1,1,Servo,HS,9,CV,1,246832
13,0.6446895407709257,0.5286988613885122,6948.0,1,1,Servo,HS,9,CV,1,246833
14,0.6816459715119676,0.5432619099928538,7370.0,1,1,Servo,HS,9,CV,1,246834
15,0.3357070535733812,1.062038495901082,5874.0,1,1,Servo,HS,9,CV,1,246835
16,0.6921794628378186,0.4162074618491985,7002.0,1,1,Servo,HS,9,CV,1,246836
17,0.6783297136136925,0.36561536562330693,7316.0,1,1,Servo,HS,9,CV,1,246837
18,0.697275801121213,0.42894068313144823,6547.0,1,1,Servo,HS,9,CV,1,246838
19,0.6508494129568441,0.5349485883322226,7432.0,1,1,Servo,HS,9,CV,1,246839
20,0.3152874360072211,1.1477806612425552,5354.0,1,1,Servo,HS,9,CV,1,246840
21,0.6679607304344656,0.5020601836632146,6703.0,1,1,Servo,HS,9,CV,1,246841
22,0.6859350663502438,0.5399022341016615,5426.0,1,1,Servo,HS,9,CV,1,246842
23,0.6237937543106485,0.46074150670639563,6660.0,1,1,Servo,HS,9,CV,1,246843
24,0.6652352863062079,0.3214931516472964,6203.0,1,1,Servo,HS,9,CV,1,246844
25,0.34781291271161924,1.1547202316984906,5217.0,1,1,Servo,HS,9,CV,1,246845
26,0.3179086936180702,1.145781813069017,5216.0,1,1,Servo,HS,9,CV,1,246846
27,0.32503484150354095,1.0788712574178188,5253.0,1,1,Servo,HS,9,CV,1,203907
28,0.6495780782565483,0.9190840550946419,6706.0,1,1,Servo,HS,9,CV,1,246848
29,0.6839013743017921,0.36550009041373455,6919.0,1,1,Servo,HS,9,CV,1,246849
30,0.637192532267443,0.3002892570460742,6660.0,1,1,Servo,HS,9,CV,1,246850
31,0.6424038539547999,0.6471818446002334,6948.0,1,1,Servo,HS,9,CV,1,246851
32,0.6780003667885095,0.4630487421274439,6964.0,1,1,Servo,HS,9,CV,1,246852
33,0.6824925037196086,0.3659914640825687,6844.0,1,1,Servo,HS,9,CV,1,246853
34,0.35746439845668637,1.1509050507070293,6474.0,1,1,Servo,HS,9,CV,1,246854