
0,0.1476190476190476,0.81,11960.0,1,1,Vertebral3C,HS,9,CV,1,246435
1,0.1476190476190476,0.8200000000000001,12714.0,1,1,Vertebral3C,HS,9,CV,1,246436
2,0.14285714285714282,0.8200000000000001,11967.0,1,1,Vertebral3C,HS,9,CV,1,246437
3,0.1476190476190476,0.81,11745.0,1,1,Vertebral3C,HS,9,CV,1,246438
4,0.15238095238095237,0.83,11741.0,1,1,Vertebral3C,HS,9,CV,1,246439
5,0.1476190476190476,0.78,11735.0,1,1,Vertebral3C,HS,9,CV,1,246440
6,0.14285714285714285,0.84,12078.0,1,1,Vertebral3C,HS,9,CV,1,246441
7,0.14761904761904762,0.83,12193.0,1,1,Vertebral3C,HS,9,CV,1,246442
8,0.1476190476190476,0.83,11624.0,1,1,Vertebral3C,HS,9,CV,1,246443
9,0.15238095238095237,0.81,11599.0,1,1,Vertebral3C,HS,9,CV,1,246444
10,0.15238095238095237,0.8200000000000001,12028.0,1,1,Vertebral3C,HS,9,CV,1,246445
11,0.14285714285714285,0.81,11505.0,1,1,Vertebral3C,HS,9,CV,1,246446
12,0.1476190476190476,0.81,11699.0,1,1,Vertebral3C,HS,9,CV,1,246447
13,0.15238095238095237,0.79,11428.0,1,1,Vertebral3C,HS,9,CV,1,246448
14,0.1476190476190476,0.8200000000000001,9111.0,1,1,Vertebral3C,HS,9,CV,1,246449
15,0.15238095238095234,0.84,11609.0,1,1,Vertebral3C,HS,9,CV,1,246450
16,0.14285714285714285,0.78,11583.0,1,1,Vertebral3C,HS,9,CV,1,246451
17,0.14285714285714285,0.8,8883.0,1,1,Vertebral3C,HS,9,CV,1,203567
18,0.15238095238095234,0.83,11789.0,1,1,Vertebral3C,HS,9,CV,1,246453
19,0.15238095238095234,0.81,12655.0,1,1,Vertebral3C,HS,9,CV,1,246454
20,0.14285714285714285,0.8,11750.0,1,1,Vertebral3C,HS,9,CV,1,246455
21,0.13809523809523808,0.81,12018.0,1,1,Vertebral3C,HS,9,CV,1,246456
22,0.1523809523809524,0.79,12051.0,1,1,Vertebral3C,HS,9,CV,1,246457
23,0.1476190476190476,0.8,10860.0,1,1,Vertebral3C,HS,9,CV,1,246458
24,0.1476190476190476,0.84,11736.0,1,1,Vertebral3C,HS,9,CV,1,246459
25,0.13809523809523808,0.84,10386.0,1,1,Vertebral3C,HS,9,CV,1,246460
26,0.14761904761904762,0.8,9256.0,1,1,Vertebral3C,HS,9,CV,1,203576
27,0.1476190476190476,0.8200000000000001,10166.0,1,1,Vertebral3C,HS,9,CV,1,246462
28,0.15238095238095237,0.8200000000000001,11328.0,1,1,Vertebral3C,HS,9,CV,1,246463
29,0.14285714285714285,0.8200000000000001,8813.0,1,1,Vertebral3C,HS,9,CV,1,246464
30,0.13809523809523808,0.81,11736.0,1,1,Vertebral3C,HS,9,CV,1,246465
31,0.15238095238095234,0.8,11720.0,1,1,Vertebral3C,HS,9,CV,1,246466
32,0.1476190476190476,0.86,11953.0,1,1,Vertebral3C,HS,9,CV,1,246467
33,0.14285714285714285,0.78,11688.0,1,1,Vertebral3C,HS,9,CV,1,246468
34,0.1476190476190476,0.8,12085.0,1,1,Vertebral3C,HS,9,CV,1,246469