
0,0.3782003710575139,0.5818181818181818,55390.0,1,1,Yeast,HS,9,CV,1,246575
1,0.37920016491445063,0.5717171717171717,44245.0,1,1,Yeast,HS,9,CV,1,246576
2,0.3812512883941455,0.5797979797979798,58195.0,1,1,Yeast,HS,9,CV,1,246577
3,0.38327149041434755,0.5818181818181818,58411.0,1,1,Yeast,HS,9,CV,1,246578
4,0.3782106782106781,0.5818181818181818,59312.0,1,1,Yeast,HS,9,CV,1,246579
5,0.3802205730777159,0.5898989898989899,61178.0,1,1,Yeast,HS,9,CV,1,246580
6,0.38019995877138735,0.5838383838383838,45454.0,1,1,Yeast,HS,9,CV,1,246581
7,0.37816944959802096,0.5838383838383838,44423.0,1,1,Yeast,HS,9,CV,1,246582
8,0.37921047206761493,0.5737373737373737,54312.0,1,1,Yeast,HS,9,CV,1,246583
9,0.3812409812409812,0.5757575757575757,60700.0,1,1,Yeast,HS,9,CV,1,246584
10,0.38121005978148836,0.5757575757575757,43867.0,1,1,Yeast,HS,9,CV,1,246585
11,0.37717996289424865,0.5737373737373737,56448.0,1,1,Yeast,HS,9,CV,1,246586
12,0.38119975262832406,0.5838383838383838,55265.0,1,1,Yeast,HS,9,CV,1,246587
13,0.3802411873840445,0.5717171717171717,44157.0,1,1,Yeast,HS,9,CV,1,246588
14,0.3782209853638425,0.5676767676767677,59173.0,1,1,Yeast,HS,9,CV,1,246589
15,0.3822613894042466,0.5797979797979798,42890.0,1,1,Yeast,HS,9,CV,1,246590
16,0.3822510822510822,0.5818181818181818,56210.0,1,1,Yeast,HS,9,CV,1,246591
17,0.3782209853638425,0.5818181818181818,48705.0,1,1,Yeast,HS,9,CV,1,246592
18,0.38224077509791793,0.5838383838383838,55540.0,1,1,Yeast,HS,9,CV,1,246593
19,0.3782003710575139,0.5797979797979798,54062.0,1,1,Yeast,HS,9,CV,1,246594
20,0.37821067821067816,0.5797979797979798,55445.0,1,1,Yeast,HS,9,CV,1,246595
21,0.38124098124098127,0.5878787878787879,53766.0,1,1,Yeast,HS,9,CV,1,246596
22,0.37924139352710784,0.5676767676767677,55576.0,1,1,Yeast,HS,9,CV,1,246597
23,0.38326118326118325,0.5656565656565656,55731.0,1,1,Yeast,HS,9,CV,1,246598
24,0.38018965161822305,0.5737373737373737,57234.0,1,1,Yeast,HS,9,CV,1,246599
25,0.38125128839414557,0.5797979797979798,59416.0,1,1,Yeast,HS,9,CV,1,246600
26,0.378200371057514,0.5797979797979798,44787.0,1,1,Yeast,HS,9,CV,1,246601
27,0.38122036693465267,0.5737373737373737,58402.0,1,1,Yeast,HS,9,CV,1,246602
28,0.3822510822510822,0.5818181818181818,53501.0,1,1,Yeast,HS,9,CV,1,246603
29,0.3812615955473099,0.5757575757575757,54813.0,1,1,Yeast,HS,9,CV,1,246604
30,0.37924139352710784,0.5636363636363637,55840.0,1,1,Yeast,HS,9,CV,1,246605
31,0.3792413935271078,0.5737373737373737,48972.0,1,1,Yeast,HS,9,CV,1,246606
32,0.37615955473098334,0.5696969696969697,59812.0,1,1,Yeast,HS,9,CV,1,246607
33,0.38224077509791793,0.5797979797979798,43360.0,1,1,Yeast,HS,9,CV,1,246608
34,0.3842712842712842,0.5797979797979798,58041.0,1,1,Yeast,HS,9,CV,1,246609