
0,7.514217247717563,21.735479309763605,7625.0,1,1,Cpu,HS,1,CV,0,2730
1,6.321518518890441,17.49673692769733,6274.0,1,1,Cpu,HS,1,CV,0,2731
2,8.17537521789303,71.30584271687789,7468.0,1,1,Cpu,HS,1,CV,0,2732
3,8.486314755578338,80.22139203660726,7651.0,1,1,Cpu,HS,1,CV,0,2733
4,10.154162677108454,63.47351722180935,6270.0,1,1,Cpu,HS,1,CV,0,2734
5,9.035886616055928,12.246179424447064,6272.0,1,1,Cpu,HS,1,CV,0,2735
6,7.160495620669586,53.115915751943305,7616.0,1,1,Cpu,HS,1,CV,0,2736
7,9.561934910980174,44.89898161825993,7642.0,1,1,Cpu,HS,1,CV,0,2737
8,6.7129266149807005,10.164788699238676,7750.0,1,1,Cpu,HS,1,CV,0,2738
9,9.00832327708276,23.633626162476947,6207.0,1,1,Cpu,HS,1,CV,0,2739
10,8.924986167094318,50.80123848487234,7641.0,1,1,Cpu,HS,1,CV,0,2740
11,8.640426736727246,15.821754642878641,7520.0,1,1,Cpu,HS,1,CV,0,2741
12,10.12230685743624,73.61953369386022,7328.0,1,1,Cpu,HS,1,CV,0,2742
13,7.288721792422571,39.114764268273255,7547.0,1,1,Cpu,HS,1,CV,0,2743
14,9.47465128735546,64.85003312917958,6294.0,1,1,Cpu,HS,1,CV,0,2744
15,8.180829852131314,8.400522519306296,6241.0,1,1,Cpu,HS,1,CV,0,2745
16,7.868332347518151,59.36939178834601,6260.0,1,1,Cpu,HS,1,CV,0,2746
17,10.083053242747438,25.311027981961868,7687.0,1,1,Cpu,HS,1,CV,0,2747
18,9.199156542590233,11.57949655658679,7328.0,1,1,Cpu,HS,1,CV,0,2748
19,8.526273867732481,35.311189846181186,7650.0,1,1,Cpu,HS,1,CV,0,2749
20,11.45341375294419,47.11555764761782,7545.0,1,1,Cpu,HS,1,CV,0,2750
21,8.736036298744079,124.44488181583667,6196.0,1,1,Cpu,HS,1,CV,0,2751
22,7.565090910227712,103.43807274935081,7729.0,1,1,Cpu,HS,1,CV,0,2752
23,6.709696416251363,114.19125607352447,7594.0,1,1,Cpu,HS,1,CV,0,2753
24,7.303481095080362,30.284025066075007,7669.0,1,1,Cpu,HS,1,CV,0,2754
25,10.326163549665761,109.35769631635695,6268.0,1,1,Cpu,HS,1,CV,0,2755
26,9.445466983529055,33.052201368899944,7586.0,1,1,Cpu,HS,1,CV,0,2756
27,10.688229116835046,60.472880454194886,6255.0,1,1,Cpu,HS,1,CV,0,2757
28,8.531805157471998,33.94485658253701,6249.0,1,1,Cpu,HS,1,CV,0,2758
29,7.475585870337298,153.89777976418904,7562.0,1,1,Cpu,HS,1,CV,0,2759
30,9.756452934002905,28.430943176278728,7281.0,1,1,Cpu,HS,1,CV,0,2760
31,9.159695234217823,10.103425267127623,7359.0,1,1,Cpu,HS,1,CV,0,2761
32,9.445354039273385,67.47617847680813,7500.0,1,1,Cpu,HS,1,CV,0,2762
33,8.216128212710807,50.705041135835074,6207.0,1,1,Cpu,HS,1,CV,0,2763
34,9.442815618515223,59.39699624040185,7576.0,1,1,Cpu,HS,1,CV,0,2764