
0,0.1333333333333332,0.8,8719.0,1,1,Vertebral2C,HS,1,CV,0,1505
1,0.1238095238095237,0.79,9597.0,1,1,Vertebral2C,HS,1,CV,0,1506
2,0.13333333333333341,0.8200000000000001,11093.0,1,1,Vertebral2C,HS,1,CV,0,1507
3,0.13809523809523794,0.8200000000000001,9099.0,1,1,Vertebral2C,HS,1,CV,0,1508
4,0.13809523809523794,0.8200000000000001,8953.0,1,1,Vertebral2C,HS,1,CV,0,1509
5,0.1333333333333332,0.8,10801.0,1,1,Vertebral2C,HS,1,CV,0,1510
6,0.13809523809523794,0.8200000000000001,11141.0,1,1,Vertebral2C,HS,1,CV,0,1511
7,0.13809523809523794,0.81,10716.0,1,1,Vertebral2C,HS,1,CV,0,1512
8,0.1333333333333332,0.81,8734.0,1,1,Vertebral2C,HS,1,CV,0,1513
9,0.13809523809523794,0.8,8610.0,1,1,Vertebral2C,HS,1,CV,0,1514
10,0.13809523809523794,0.8,10026.0,1,1,Vertebral2C,HS,1,CV,0,1515
11,0.12857142857142845,0.8,9719.0,1,1,Vertebral2C,HS,1,CV,0,1516
12,0.1333333333333332,0.78,12376.0,1,1,Vertebral2C,HS,1,CV,0,1517
13,0.1333333333333332,0.79,8750.0,1,1,Vertebral2C,HS,1,CV,0,1518
14,0.14285714285714268,0.8200000000000001,8531.0,1,1,Vertebral2C,HS,1,CV,0,1519
15,0.13809523809523794,0.83,9055.0,1,1,Vertebral2C,HS,1,CV,0,1520
16,0.12857142857142845,0.81,10750.0,1,1,Vertebral2C,HS,1,CV,0,1521
17,0.13333333333333341,0.78,13760.0,1,1,Vertebral2C,HS,1,CV,0,1522
18,0.13809523809523816,0.8200000000000001,9222.0,1,1,Vertebral2C,HS,1,CV,0,1523
19,0.1238095238095237,0.8200000000000001,9550.0,1,1,Vertebral2C,HS,1,CV,0,1524
20,0.14285714285714268,0.77,9803.0,1,1,Vertebral2C,HS,1,CV,0,1525
21,0.13809523809523794,0.83,11453.0,1,1,Vertebral2C,HS,1,CV,0,1526
22,0.13333333333333341,0.76,11125.0,1,1,Vertebral2C,HS,1,CV,0,1527
23,0.13809523809523794,0.79,11464.0,1,1,Vertebral2C,HS,1,CV,0,1528
24,0.12857142857142845,0.79,8750.0,1,1,Vertebral2C,HS,1,CV,0,1529
25,0.12857142857142845,0.81,9168.0,1,1,Vertebral2C,HS,1,CV,0,1530
26,0.12857142857142845,0.8200000000000001,9828.0,1,1,Vertebral2C,HS,1,CV,0,1531
27,0.13809523809523794,0.83,9658.0,1,1,Vertebral2C,HS,1,CV,0,1532
28,0.13333333333333308,0.81,9198.0,1,1,Vertebral2C,HS,1,CV,0,1533
29,0.13809523809523794,0.79,11500.0,1,1,Vertebral2C,HS,1,CV,0,1534
30,0.1333333333333332,0.8200000000000001,11349.0,1,1,Vertebral2C,HS,1,CV,0,1535
31,0.1333333333333332,0.79,11517.0,1,1,Vertebral2C,HS,1,CV,0,1536
32,0.13809523809523794,0.77,15015.0,1,1,Vertebral2C,HS,1,CV,0,1537
33,0.14285714285714268,0.85,8703.0,1,1,Vertebral2C,HS,1,CV,0,1538
34,0.13809523809523794,0.85,9035.0,1,1,Vertebral2C,HS,1,CV,0,1539