
0,0.8222701433605744,0.8349790125511647,14870.0,1,1,Sensory,HS,2,CV,0,4235
1,0.8078728355689195,0.800293169502146,20067.0,1,1,Sensory,HS,2,CV,0,4236
2,0.8062228628744672,0.8457405602330627,19500.0,1,1,Sensory,HS,2,CV,0,4237
3,0.8160096697024883,0.7566033447424468,20062.0,1,1,Sensory,HS,2,CV,0,4238
4,0.8063455630942127,0.8562818081659263,19547.0,1,1,Sensory,HS,2,CV,0,4239
5,0.8112136233372336,0.8200425075466954,19547.0,1,1,Sensory,HS,2,CV,0,4240
6,0.8256496405856808,0.7943155310688104,15786.0,1,1,Sensory,HS,2,CV,0,4241
7,0.7932450175480744,0.7342029061713637,14946.0,1,1,Sensory,HS,2,CV,0,4242
8,0.8030406705784646,0.8076619028608112,20411.0,1,1,Sensory,HS,2,CV,0,4243
9,0.8049722881313197,0.795743967484804,15791.0,1,1,Sensory,HS,2,CV,0,4244
10,0.8244491699514261,0.8301402377559024,15781.0,1,1,Sensory,HS,2,CV,0,4245
11,0.8014659503409229,0.8400954324994913,19938.0,1,1,Sensory,HS,2,CV,0,4246
12,0.8058743637167451,0.8083561006051935,15977.0,1,1,Sensory,HS,2,CV,0,4247
13,0.8088827473102613,0.8518084803752214,15983.0,1,1,Sensory,HS,2,CV,0,4248
14,0.8021952672639816,0.8239833714693063,15938.0,1,1,Sensory,HS,2,CV,0,4249
15,0.7932605810153693,0.7932304151286294,15793.0,1,1,Sensory,HS,2,CV,0,4250
16,0.8086838214354952,0.8087846366691974,14932.0,1,1,Sensory,HS,2,CV,0,4251
17,0.8134778960196354,0.7829778523773602,20342.0,1,1,Sensory,HS,2,CV,0,4252
18,0.8121016484830783,0.803145356152456,19719.0,1,1,Sensory,HS,2,CV,0,4253
19,0.8027073090843804,0.8067420957827083,20071.0,1,1,Sensory,HS,2,CV,0,4254
20,0.8087520718048381,0.8531089536115534,20081.0,1,1,Sensory,HS,2,CV,0,4255
21,0.8187470924376296,0.8504016740577397,14865.0,1,1,Sensory,HS,2,CV,0,4256
22,0.8149785592080703,0.8167248751891619,14892.0,1,1,Sensory,HS,2,CV,0,4257
23,0.8179295201578679,0.8214827842887905,15826.0,1,1,Sensory,HS,2,CV,0,4258
24,0.8082787893700925,0.801928336868976,15847.0,1,1,Sensory,HS,2,CV,0,4259
25,0.8228433927521154,0.8173124558433202,15821.0,1,1,Sensory,HS,2,CV,0,4260
26,0.8204586344933433,0.8029301125763018,14911.0,1,1,Sensory,HS,2,CV,0,4261
27,0.8148270451211399,0.8660765012163012,15966.0,1,1,Sensory,HS,2,CV,0,4262
28,0.8155380021352586,0.7817282125721635,15923.0,1,1,Sensory,HS,2,CV,0,4263
29,0.808435700749223,0.7865967261363467,16012.0,1,1,Sensory,HS,2,CV,0,4264
30,0.8065730884067864,0.8535511025188824,15810.0,1,1,Sensory,HS,2,CV,0,4265
31,0.8193093202697985,0.808646646176611,18891.0,1,1,Sensory,HS,2,CV,0,4266
32,0.8040686356109863,0.7774009458549784,19578.0,1,1,Sensory,HS,2,CV,0,4267
33,0.8152458776227023,0.8333464837094063,19531.0,1,1,Sensory,HS,2,CV,0,4268
34,0.8065013027576174,0.8086613711858204,19947.0,1,1,Sensory,HS,2,CV,0,4269