
0,0.012000000000000122,0.9672131147540983,14612.0,1,1,Dermatology,GHS,10,CV,0,32410
1,0.016000000000000014,0.9508196721311475,11375.0,1,1,Dermatology,GHS,10,CV,0,32411
2,0.016000000000000014,0.9672131147540983,12438.0,1,1,Dermatology,GHS,10,CV,0,32412
3,0.016166666666666663,0.9754098360655737,14422.0,1,1,Dermatology,GHS,10,CV,0,32413
4,0.016000000000000014,0.9672131147540983,11863.0,1,1,Dermatology,GHS,10,CV,0,32414
5,0.016000000000000014,0.9672131147540983,11859.0,1,1,Dermatology,GHS,10,CV,0,32415
6,0.016000000000000014,0.9672131147540983,15707.0,1,1,Dermatology,GHS,10,CV,0,32416
7,0.016000000000000014,0.9590163934426229,11957.0,1,1,Dermatology,GHS,10,CV,0,32417
8,0.012000000000000122,0.9754098360655737,14422.0,1,1,Dermatology,GHS,10,CV,0,32418
9,0.012000000000000122,0.9672131147540983,15516.0,1,1,Dermatology,GHS,10,CV,0,32419
10,0.012166666666666659,0.9672131147540983,14406.0,1,1,Dermatology,GHS,10,CV,0,32420
11,0.016000000000000014,0.9754098360655737,15844.0,1,1,Dermatology,GHS,10,CV,0,32421
12,0.008000000000000007,0.9672131147540983,15593.0,1,1,Dermatology,GHS,10,CV,0,32422
13,0.012000000000000122,0.9836065573770492,15312.0,1,1,Dermatology,GHS,10,CV,0,32423
14,0.012333333333333307,0.9672131147540983,19391.0,1,1,Dermatology,GHS,10,CV,0,32424
15,0.016000000000000014,0.9754098360655737,11407.0,1,1,Dermatology,GHS,10,CV,0,32425
16,0.016000000000000014,0.9672131147540983,11140.0,1,1,Dermatology,GHS,10,CV,0,32426
17,0.016166666666666663,0.9508196721311475,11468.0,1,1,Dermatology,GHS,10,CV,0,32427
18,0.016166666666666663,0.9836065573770492,11541.0,1,1,Dermatology,GHS,10,CV,0,32428
19,0.012166666666666659,0.9508196721311475,11727.0,1,1,Dermatology,GHS,10,CV,0,32429
20,0.012166666666666659,0.9918032786885246,11531.0,1,1,Dermatology,GHS,10,CV,0,32430
21,0.016000000000000014,0.9672131147540983,11516.0,1,1,Dermatology,GHS,10,CV,0,32431
22,0.012000000000000122,0.9754098360655737,12453.0,1,1,Dermatology,GHS,10,CV,0,32432
23,0.012166666666666659,0.9754098360655737,12500.0,1,1,Dermatology,GHS,10,CV,0,32433
24,0.016000000000000014,0.9672131147540983,11312.0,1,1,Dermatology,GHS,10,CV,0,32434
25,0.016000000000000014,0.9672131147540983,11854.0,1,1,Dermatology,GHS,10,CV,0,32435
26,0.016000000000000014,0.9426229508196722,11891.0,1,1,Dermatology,GHS,10,CV,0,32436
27,0.012333333333333307,0.9754098360655737,12375.0,1,1,Dermatology,GHS,10,CV,0,32437
28,0.016000000000000014,0.9590163934426229,11942.0,1,1,Dermatology,GHS,10,CV,0,32438
29,0.012166666666666659,0.9672131147540983,14631.0,1,1,Dermatology,GHS,10,CV,0,32439
30,0.012166666666666659,0.9590163934426229,14407.0,1,1,Dermatology,GHS,10,CV,0,32440
31,0.016000000000000014,0.9754098360655737,14236.0,1,1,Dermatology,GHS,10,CV,0,32721
32,0.008000000000000007,0.9344262295081968,14523.0,1,1,Dermatology,GHS,10,CV,0,32442
33,0.012000000000000122,0.9672131147540983,15615.0,1,1,Dermatology,GHS,10,CV,0,32443
34,0.016166666666666663,0.9590163934426229,14547.0,1,1,Dermatology,GHS,10,CV,0,32444