
0,2.3166879281004027,3.6084515158436523,10890.0,1,1,AutoMpg,GHS,3,CV,0,23240
1,2.208023174027681,3.3764863804186067,11154.0,1,1,AutoMpg,GHS,3,CV,0,23241
2,2.270634205602127,3.652101081171635,10984.0,1,1,AutoMpg,GHS,3,CV,0,23242
3,2.3300768790240625,3.4977043519506883,10937.0,1,1,AutoMpg,GHS,3,CV,0,23243
4,2.3317298634029227,3.4479891023786604,11060.0,1,1,AutoMpg,GHS,3,CV,0,23244
5,2.4383369492127756,3.4978857590423718,11009.0,1,1,AutoMpg,GHS,3,CV,0,23245
6,2.3660087986122216,3.454457205991816,10860.0,1,1,AutoMpg,GHS,3,CV,0,23246
7,2.3725405693419708,3.278050158468053,11021.0,1,1,AutoMpg,GHS,3,CV,0,23247
8,2.375475477359808,3.55562888596329,11014.0,1,1,AutoMpg,GHS,3,CV,0,23248
9,2.391830072540033,3.654871156853719,11076.0,1,1,AutoMpg,GHS,3,CV,0,23249
10,2.4280070011760437,3.656863537619753,11063.0,1,1,AutoMpg,GHS,3,CV,0,23250
11,2.404333366172056,3.4331884619938218,11061.0,1,1,AutoMpg,GHS,3,CV,0,23251
12,2.436089711270541,3.2313714521814942,11304.0,1,1,AutoMpg,GHS,3,CV,0,23252
13,2.296319308939494,3.6626936834043384,11154.0,1,1,AutoMpg,GHS,3,CV,0,23253
14,2.4267576954209553,3.3818228940537427,10425.0,1,1,AutoMpg,GHS,3,CV,0,23254
15,2.385513954755619,3.671919831940103,14850.0,1,1,AutoMpg,GHS,3,CV,0,23255
16,2.260855122931304,3.8367388839589176,11120.0,1,1,AutoMpg,GHS,3,CV,0,23256
17,2.386168679047595,3.3898124537870693,11070.0,1,1,AutoMpg,GHS,3,CV,0,23257
18,2.410278030158042,3.2828169969087004,10429.0,1,1,AutoMpg,GHS,3,CV,0,23258
19,2.4228189780506373,3.557576821643462,11375.0,1,1,AutoMpg,GHS,3,CV,0,23259
20,2.337110649548918,3.627744174383262,11361.0,1,1,AutoMpg,GHS,3,CV,0,23260
21,2.422723999079409,3.576145343161566,12114.0,1,1,AutoMpg,GHS,3,CV,0,23261
22,2.387774076197586,3.444179265248416,10386.0,1,1,AutoMpg,GHS,3,CV,0,23262
23,2.375023958842605,3.7816949153857427,11062.0,1,1,AutoMpg,GHS,3,CV,0,23263
24,2.3464637542719684,3.4154564738297135,12108.0,1,1,AutoMpg,GHS,3,CV,0,23264
25,2.2748982593588076,3.625777525275733,14032.0,1,1,AutoMpg,GHS,3,CV,0,23265
26,2.38576231726277,3.4347412007353437,11156.0,1,1,AutoMpg,GHS,3,CV,0,23266
27,2.3612449858997495,3.4289949943024207,10954.0,1,1,AutoMpg,GHS,3,CV,0,23267
28,2.382948758596255,3.3377095269877577,14705.0,1,1,AutoMpg,GHS,3,CV,0,23268
29,2.2095713677281514,3.79781110517018,12212.0,1,1,AutoMpg,GHS,3,CV,0,23269
30,2.3836422870937426,3.577063652914725,14211.0,1,1,AutoMpg,GHS,3,CV,0,23270
31,2.395377689704694,3.576140812611674,12147.0,1,1,AutoMpg,GHS,3,CV,0,23271
32,2.40131803522406,3.443780652067525,14375.0,1,1,AutoMpg,GHS,3,CV,0,23272
33,2.437346256538341,3.520698163924333,10969.0,1,1,AutoMpg,GHS,3,CV,0,23273
34,2.3219063474304362,3.5601567597719703,10938.0,1,1,AutoMpg,GHS,3,CV,0,23274