
0,0.12857142857142845,0.77,8515.0,1,1,Vertebral2C,GHS,3,CV,0,22085
1,0.13809523809523794,0.81,9764.0,1,1,Vertebral2C,GHS,3,CV,0,22086
2,0.13809523809523794,0.79,9425.0,1,1,Vertebral2C,GHS,3,CV,0,22087
3,0.13333333333333308,0.83,8531.0,1,1,Vertebral2C,GHS,3,CV,0,22088
4,0.13333333333333341,0.8200000000000001,11515.0,1,1,Vertebral2C,GHS,3,CV,0,22089
5,0.14285714285714268,0.83,8703.0,1,1,Vertebral2C,GHS,3,CV,0,22090
6,0.12857142857142845,0.81,8797.0,1,1,Vertebral2C,GHS,3,CV,0,22091
7,0.13809523809523794,0.76,8735.0,1,1,Vertebral2C,GHS,3,CV,0,22092
8,0.1333333333333332,0.79,11699.0,1,1,Vertebral2C,GHS,3,CV,0,22968
9,0.13809523809523783,0.8200000000000001,9971.0,1,1,Vertebral2C,GHS,3,CV,0,22094
10,0.1333333333333332,0.8,8813.0,1,1,Vertebral2C,GHS,3,CV,0,22095
11,0.13809523809523794,0.8200000000000001,10847.0,1,1,Vertebral2C,GHS,3,CV,0,22096
12,0.13809523809523783,0.81,8593.0,1,1,Vertebral2C,GHS,3,CV,0,22097
13,0.1333333333333332,0.8,9939.0,1,1,Vertebral2C,GHS,3,CV,0,22098
14,0.13809523809523794,0.8200000000000001,11484.0,1,1,Vertebral2C,GHS,3,CV,0,22099
15,0.13333333333333308,0.8200000000000001,10969.0,1,1,Vertebral2C,GHS,3,CV,0,22100
16,0.1333333333333332,0.8200000000000001,10750.0,1,1,Vertebral2C,GHS,3,CV,0,22101
17,0.13809523809523794,0.8,8906.0,1,1,Vertebral2C,GHS,3,CV,0,22102
18,0.14285714285714268,0.83,8609.0,1,1,Vertebral2C,GHS,3,CV,0,22103
19,0.13809523809523794,0.83,8531.0,1,1,Vertebral2C,GHS,3,CV,0,22104
20,0.14285714285714268,0.81,11187.0,1,1,Vertebral2C,GHS,3,CV,0,22105
21,0.13809523809523794,0.83,9455.0,1,1,Vertebral2C,GHS,3,CV,0,22106
22,0.14285714285714268,0.83,11469.0,1,1,Vertebral2C,GHS,3,CV,0,22107
23,0.14285714285714268,0.8200000000000001,9455.0,1,1,Vertebral2C,GHS,3,CV,0,22108
24,0.1333333333333332,0.8,12032.0,1,1,Vertebral2C,GHS,3,CV,0,22109
25,0.1333333333333332,0.81,8938.0,1,1,Vertebral2C,GHS,3,CV,0,22110
26,0.1333333333333332,0.79,9781.0,1,1,Vertebral2C,GHS,3,CV,0,22111
27,0.1333333333333332,0.8,13911.0,1,1,Vertebral2C,GHS,3,CV,0,22112
28,0.1333333333333332,0.81,9830.0,1,1,Vertebral2C,GHS,3,CV,0,22113
29,0.14285714285714268,0.8200000000000001,9797.0,1,1,Vertebral2C,GHS,3,CV,0,22114
30,0.14285714285714268,0.81,8390.0,1,1,Vertebral2C,GHS,3,CV,0,22115
31,0.1333333333333332,0.79,8390.0,1,1,Vertebral2C,GHS,3,CV,0,22116
32,0.14285714285714268,0.8,8734.0,1,1,Vertebral2C,GHS,3,CV,0,22117
33,0.1333333333333332,0.8,8719.0,1,1,Vertebral2C,GHS,3,CV,0,22118
34,0.12857142857142834,0.8,8843.0,1,1,Vertebral2C,GHS,3,CV,0,22119