
0,1.1984088789104033,1.6018548798069443,8041.0,1,1,BodyFat,GHS,6,CV,0,27895
1,1.2004981625044628,1.3072007469281912,7512.0,1,1,BodyFat,GHS,6,CV,0,27896
2,1.097980346530895,1.2395378382967024,7550.0,1,1,BodyFat,GHS,6,CV,0,27897
3,1.1443746788551672,0.9772301134986678,7551.0,1,1,BodyFat,GHS,6,CV,0,27898
4,1.1754068197487038,1.7422859704067848,7531.0,1,1,BodyFat,GHS,6,CV,0,27899
5,1.1882226778649612,1.3913004523703214,7516.0,1,1,BodyFat,GHS,6,CV,0,27900
6,1.211081948019864,1.2202324052201337,7611.0,1,1,BodyFat,GHS,6,CV,0,27901
7,1.094377396900543,1.530322397897492,8224.0,1,1,BodyFat,GHS,6,CV,0,27902
8,1.1874314480612425,0.9777089622536298,7438.0,1,1,BodyFat,GHS,6,CV,0,27903
9,1.1310860076709464,1.005291876963654,9572.0,1,1,BodyFat,GHS,6,CV,0,27904
10,1.1943618462587078,1.2627204286768356,7438.0,1,1,BodyFat,GHS,6,CV,0,27905
11,1.09512736560516,1.6671628937248075,7484.0,1,1,BodyFat,GHS,6,CV,0,27906
12,1.2271297391244853,1.1492032626428739,9512.0,1,1,BodyFat,GHS,6,CV,0,27907
13,1.1980163667735089,1.1667862499551498,8244.0,1,1,BodyFat,GHS,6,CV,0,27908
14,1.1767175244797095,0.9740992801206265,9523.0,1,1,BodyFat,GHS,6,CV,0,27909
15,1.2342615123265088,1.2123599086036316,9766.0,1,1,BodyFat,GHS,6,CV,0,27910
16,1.1141928442984574,1.5391776299194526,9927.0,1,1,BodyFat,GHS,6,CV,0,27911
17,1.0942386500169405,0.9778865272749824,8278.0,1,1,BodyFat,GHS,6,CV,0,27912
18,1.200130308780802,1.311826156028466,8347.0,1,1,BodyFat,GHS,6,CV,0,27913
19,1.164070939893343,1.2824634581845356,10139.0,1,1,BodyFat,GHS,6,CV,0,27914
20,1.2182033162844659,2.4280834438726977,8336.0,1,1,BodyFat,GHS,6,CV,0,27915
21,1.150511410423812,1.1045743016142735,9549.0,1,1,BodyFat,GHS,6,CV,0,27916
22,1.1444289963995138,1.6684311824666356,10134.0,1,1,BodyFat,GHS,6,CV,0,27917
23,1.021425493051338,1.524153040895181,9562.0,1,1,BodyFat,GHS,6,CV,0,27918
24,1.1918731864135315,1.4728517548664002,10323.0,1,1,BodyFat,GHS,6,CV,0,27919
25,1.161678792192872,1.1374766138481986,10562.0,1,1,BodyFat,GHS,6,CV,0,27920
26,1.1138818460923945,2.6250992210195325,9891.0,1,1,BodyFat,GHS,6,CV,0,27921
27,1.1575948218042833,2.2402773530120985,7554.0,1,1,BodyFat,GHS,6,CV,0,27922
28,1.1892167443888844,1.4371991087098894,7545.0,1,1,BodyFat,GHS,6,CV,0,27923
29,1.212017620501253,1.3026462994112287,7588.0,1,1,BodyFat,GHS,6,CV,0,27924
30,1.1814909890965248,1.2480841620723635,7553.0,1,1,BodyFat,GHS,6,CV,0,27925
31,1.0119218710553801,1.0741829877874516,8188.0,1,1,BodyFat,GHS,6,CV,0,27926
32,1.0130226143309653,1.4095470931398657,7480.0,1,1,BodyFat,GHS,6,CV,0,27927
33,1.1652227259667447,1.0366052064960398,7129.0,1,1,BodyFat,GHS,6,CV,0,27928
34,1.1456967025087355,1.3499209827764178,7601.0,1,1,BodyFat,GHS,6,CV,0,27929