
0,10.456096433369922,13.220563546143083,6078.0,1,1,Cpu,GHS,7,CV,0,29190
1,9.320895538069937,31.147836506571497,6156.0,1,1,Cpu,GHS,7,CV,0,29191
2,10.278733360825608,78.0166042023919,6187.0,1,1,Cpu,GHS,7,CV,0,29192
3,9.737117295274201,75.5804471499343,6234.0,1,1,Cpu,GHS,7,CV,0,29193
4,9.179733155457901,48.54879305280496,7900.0,1,1,Cpu,GHS,7,CV,0,29194
5,10.420791611936192,37.50991035016799,6211.0,1,1,Cpu,GHS,7,CV,0,29195
6,9.59912153002118,81.69775958880136,6172.0,1,1,Cpu,GHS,7,CV,0,29196
7,6.486192789267845,7.654921259583044,6213.0,1,1,Cpu,GHS,7,CV,0,29197
8,7.652803070065239,33.659009127116384,6263.0,1,1,Cpu,GHS,7,CV,0,29198
9,11.276747455496153,51.922105913243705,6125.0,1,1,Cpu,GHS,7,CV,0,29199
10,9.357127973454727,25.663607270170388,5865.0,1,1,Cpu,GHS,7,CV,0,29200
11,8.40635968992422,14.672276563551371,8242.0,1,1,Cpu,GHS,7,CV,0,29201
12,7.138876233986021,73.21789617083608,6217.0,1,1,Cpu,GHS,7,CV,0,29202
13,10.344395185630363,49.482857670271294,5911.0,1,1,Cpu,GHS,7,CV,0,29203
14,7.863725163236784,57.278482062936966,8203.0,1,1,Cpu,GHS,7,CV,0,29204
15,8.856092854889043,52.6325744204102,6313.0,1,1,Cpu,GHS,7,CV,0,29205
16,8.336558777625216,39.718589729758506,6206.0,1,1,Cpu,GHS,7,CV,0,29206
17,9.325647277689555,42.82226806869267,8285.0,1,1,Cpu,GHS,7,CV,0,29207
18,7.442857602355035,29.967610974156507,6188.0,1,1,Cpu,GHS,7,CV,0,29208
19,7.317610229208176,72.5921835843757,6668.0,1,1,Cpu,GHS,7,CV,0,29209
20,9.68552384842242,58.68399895316319,6288.0,1,1,Cpu,GHS,7,CV,0,29210
21,5.911304991467986,15.587426450442122,8399.0,1,1,Cpu,GHS,7,CV,0,29211
22,9.466916432113322,71.84621178242526,6642.0,1,1,Cpu,GHS,7,CV,0,29212
23,6.709696416251363,114.19125607352447,7733.0,1,1,Cpu,GHS,7,CV,0,29213
24,9.204648192955137,23.93582512275203,6232.0,1,1,Cpu,GHS,7,CV,0,29214
25,8.119018926381669,36.73916620351347,8225.0,1,1,Cpu,GHS,7,CV,0,29215
26,10.653301629360099,61.46564018014867,7891.0,1,1,Cpu,GHS,7,CV,0,29216
27,9.802040836457294,15.665399557061553,8378.0,1,1,Cpu,GHS,7,CV,0,29217
28,9.286541931430792,52.90377118361911,6225.0,1,1,Cpu,GHS,7,CV,0,29218
29,11.16906556072436,16.628777250051282,5824.0,1,1,Cpu,GHS,7,CV,0,29219
30,8.13693595567,46.65440698887469,7888.0,1,1,Cpu,GHS,7,CV,0,29220
31,9.812134564959251,48.44613212876599,6125.0,1,1,Cpu,GHS,7,CV,0,29221
32,8.48657299600438,59.06100322791996,5852.0,1,1,Cpu,GHS,7,CV,0,29222
33,9.876706071815537,10.367275621461115,6157.0,1,1,Cpu,GHS,7,CV,0,29223
34,7.747233880933632,51.41827969025907,6156.0,1,1,Cpu,GHS,7,CV,0,29224