
0,0.13809523809523794,0.77,11854.0,1,1,Vertebral2C,GHS,9,CV,0,30905
1,0.13333333333333308,0.78,11045.0,1,1,Vertebral2C,GHS,9,CV,0,30906
2,0.13333333333333341,0.8,8672.0,1,1,Vertebral2C,GHS,9,CV,0,30907
3,0.1142857142857141,0.8,9561.0,1,1,Vertebral2C,GHS,9,CV,0,31783
4,0.14761904761904743,0.78,8672.0,1,1,Vertebral2C,GHS,9,CV,0,30909
5,0.13809523809523794,0.8200000000000001,8640.0,1,1,Vertebral2C,GHS,9,CV,0,30910
6,0.13809523809523794,0.8200000000000001,8656.0,1,1,Vertebral2C,GHS,9,CV,0,30911
7,0.13333333333333341,0.8,9593.0,1,1,Vertebral2C,GHS,9,CV,0,30912
8,0.1333333333333332,0.85,8656.0,1,1,Vertebral2C,GHS,9,CV,0,30913
9,0.13809523809523783,0.8,8344.0,1,1,Vertebral2C,GHS,9,CV,0,30914
10,0.14285714285714268,0.83,9275.0,1,1,Vertebral2C,GHS,9,CV,0,30915
11,0.12857142857142845,0.83,9485.0,1,1,Vertebral2C,GHS,9,CV,0,30916
12,0.12857142857142845,0.8200000000000001,8610.0,1,1,Vertebral2C,GHS,9,CV,0,30917
13,0.1333333333333332,0.78,9267.0,1,1,Vertebral2C,GHS,9,CV,0,30918
14,0.13809523809523794,0.8,9578.0,1,1,Vertebral2C,GHS,9,CV,0,30919
15,0.14285714285714257,0.84,8640.0,1,1,Vertebral2C,GHS,9,CV,0,30920
16,0.1333333333333332,0.8200000000000001,9265.0,1,1,Vertebral2C,GHS,9,CV,0,30921
17,0.13333333333333308,0.79,8453.0,1,1,Vertebral2C,GHS,9,CV,0,30922
18,0.13333333333333308,0.81,9340.0,1,1,Vertebral2C,GHS,9,CV,0,30923
19,0.1333333333333332,0.8200000000000001,8870.0,1,1,Vertebral2C,GHS,9,CV,0,30924
20,0.13809523809523794,0.8200000000000001,10887.0,1,1,Vertebral2C,GHS,9,CV,0,30925
21,0.12857142857142867,0.81,8578.0,1,1,Vertebral2C,GHS,9,CV,0,30926
22,0.14285714285714268,0.81,8515.0,1,1,Vertebral2C,GHS,9,CV,0,30927
23,0.13809523809523794,0.83,11516.0,1,1,Vertebral2C,GHS,9,CV,0,30928
24,0.13809523809523794,0.8,9568.0,1,1,Vertebral2C,GHS,9,CV,0,30929
25,0.13809523809523816,0.8,11266.0,1,1,Vertebral2C,GHS,9,CV,0,30930
26,0.13809523809523794,0.83,14037.0,1,1,Vertebral2C,GHS,9,CV,0,30931
27,0.13809523809523794,0.8,11203.0,1,1,Vertebral2C,GHS,9,CV,0,30932
28,0.1333333333333332,0.84,8672.0,1,1,Vertebral2C,GHS,9,CV,0,30933
29,0.13809523809523783,0.83,8656.0,1,1,Vertebral2C,GHS,9,CV,0,30934
30,0.1238095238095237,0.84,8783.0,1,1,Vertebral2C,GHS,9,CV,0,30935
31,0.1333333333333332,0.79,8641.0,1,1,Vertebral2C,GHS,9,CV,0,30936
32,0.11904761904761885,0.83,8609.0,1,1,Vertebral2C,GHS,9,CV,0,30937
33,0.13809523809523794,0.8200000000000001,8375.0,1,1,Vertebral2C,GHS,9,CV,0,30938
34,0.13809523809523794,0.8200000000000001,8734.0,1,1,Vertebral2C,GHS,9,CV,0,30939