
0,0.03282626100880705,0.9339622641509434,674220.0,1,1,Pen,DEExp,1,TT,1,363180
1,0.03162530024019215,0.9113779302458548,510656.0,1,1,Pen,DEExp,1,TT,1,363181
2,0.030157459300773952,0.9305317324185248,357651.0,1,1,Pen,DEExp,1,TT,1,363182
3,0.03069121964238057,0.9356775300171527,672917.0,1,1,Pen,DEExp,1,TT,1,363183
4,0.03175874032559381,0.9259576901086335,459252.0,1,1,Pen,DEExp,1,TT,1,363184
5,0.03482786228983187,0.9199542595769011,511266.0,1,1,Pen,DEExp,1,TT,1,363185
6,0.03429410194822525,0.9116638078902229,656127.0,1,1,Pen,DEExp,1,TT,1,363186
7,0.03242594075260208,0.9222412807318467,556899.0,1,1,Pen,DEExp,1,TT,1,363187
8,0.03162530024019215,0.9188107489994283,646424.0,1,1,Pen,DEExp,1,TT,1,363188
9,0.033093141179610354,0.9233847913093196,640540.0,1,1,Pen,DEExp,1,TT,1,363189
10,0.030557779556978918,0.9468267581475128,898354.0,1,1,Pen,DEExp,1,TT,1,363190
11,0.0329597010942087,0.9153802172670097,1463318.0,1,1,Pen,DEExp,1,TT,1,363191
12,0.031892180410995466,0.9282447112635792,581951.0,1,1,Pen,DEExp,1,TT,1,363192
13,0.03162530024019215,0.933390508862207,607768.0,1,1,Pen,DEExp,1,TT,1,363193
14,0.03122497998398719,0.9288164665523156,605618.0,1,1,Pen,DEExp,1,TT,1,363194
15,0.03376034160661863,0.9331046312178388,647975.0,1,1,Pen,DEExp,1,TT,1,363195
16,0.030157459300773952,0.9210977701543739,604009.0,1,1,Pen,DEExp,1,TT,1,363196
17,0.03242594075260208,0.9419668381932533,607064.0,1,1,Pen,DEExp,1,TT,1,363197
18,0.032559380838003735,0.9331046312178388,605414.0,1,1,Pen,DEExp,1,TT,1,363198
19,0.03362690152121697,0.9202401372212693,604914.0,1,1,Pen,DEExp,1,TT,1,363199
20,0.034027221777421936,0.9216695254431103,607472.0,1,1,Pen,DEExp,1,TT,1,363200
21,0.03429410194822525,0.9133790737564322,602025.0,1,1,Pen,DEExp,1,TT,1,363201
22,0.03215906058179877,0.9233847913093196,606300.0,1,1,Pen,DEExp,1,TT,1,363202
23,0.03175874032559381,0.9188107489994283,358287.0,1,1,Pen,DEExp,1,TT,1,363203
24,0.03496130237523352,0.9148084619782733,616921.0,1,1,Pen,DEExp,1,TT,1,363204
25,0.03135842006938885,0.9279588336192109,616173.0,1,1,Pen,DEExp,1,TT,1,363205
26,0.03362690152121697,0.9222412807318467,615222.0,1,1,Pen,DEExp,1,TT,1,363206
27,0.03416066186282359,0.9193825042881647,610428.0,1,1,Pen,DEExp,1,TT,1,363207
28,0.03215906058179877,0.9176672384219554,609134.0,1,1,Pen,DEExp,1,TT,1,363208
29,0.03242594075260208,0.9353916523727844,517795.0,1,1,Pen,DEExp,1,TT,1,363209
30,0.03215906058179877,0.9136649514008004,499639.0,1,1,Pen,DEExp,1,TT,1,375706
31,0.03496130237523352,0.9359634076615209,788875.0,1,1,Pen,DEExp,1,TT,1,363026
33,0.03229250066720043,0.9242424242424242,635231.0,1,1,Pen,DEExp,1,TT,1,363106
32,0.03282626100880705,0.9262435677530018,772419.0,1,1,Pen,DEExp,1,TT,1,363066