
0,0.15805461111638544,1.410005961993496,5453.0,1,1,Servo,DEExp,1,TT,1,363480
1,0.1633695441394249,1.1996675663568073,5987.0,1,1,Servo,DEExp,1,TT,1,363481
2,0.15878510873264728,1.1582017142984762,5000.0,1,1,Servo,DEExp,1,TT,1,363482
3,0.1655529007509808,1.078206893026094,5411.0,1,1,Servo,DEExp,1,TT,1,363483
4,0.15969518314430134,1.1501893997578068,5940.0,1,1,Servo,DEExp,1,TT,1,363484
5,0.16446549099380878,1.121073255047954,5486.0,1,1,Servo,DEExp,1,TT,1,363485
6,0.15876080706621393,1.1275001008960284,6130.0,1,1,Servo,DEExp,1,TT,1,363486
7,0.16201259509060423,1.082210142907988,6232.0,1,1,Servo,DEExp,1,TT,1,363487
8,0.15822401290862353,1.2621298620907275,6610.0,1,1,Servo,DEExp,1,TT,1,363488
9,0.15988757377728002,1.101689461453202,5500.0,1,1,Servo,DEExp,1,TT,1,363489
10,0.15630782182674882,1.1046037498179049,5016.0,1,1,Servo,DEExp,1,TT,1,363490
11,0.15707927739238778,1.1392816676377955,5367.0,1,1,Servo,DEExp,1,TT,1,363491
12,0.16308032309038606,1.134069265902114,6015.0,1,1,Servo,DEExp,1,TT,1,363492
13,0.16060455921808636,1.121008013909716,4366.0,1,1,Servo,DEExp,1,TT,1,363493
14,0.16493529617240016,1.124539075074215,5961.0,1,1,Servo,DEExp,1,TT,1,363494
15,0.16144032029675537,1.05619532486365,5566.0,1,1,Servo,DEExp,1,TT,1,363495
16,0.1645567248527844,1.176402755405286,6106.0,1,1,Servo,DEExp,1,TT,1,363496
17,0.16543392549502706,1.0623276671705622,5000.0,1,1,Servo,DEExp,1,TT,1,363497
18,0.15872380864185653,1.1096993603155432,6288.0,1,1,Servo,DEExp,1,TT,1,363498
19,0.1532535907004002,1.1238993471087602,5485.0,1,1,Servo,DEExp,1,TT,1,363499
20,0.16027497344383485,1.227207024397181,5398.0,1,1,Servo,DEExp,1,TT,1,363500
21,0.16367789007664257,1.2731985414548972,4372.0,1,1,Servo,DEExp,1,TT,1,363501
22,0.15887677059316316,1.0743628099973586,6525.0,1,1,Servo,DEExp,1,TT,1,363502
23,0.1632852152915336,1.0666212809750097,4969.0,1,1,Servo,DEExp,1,TT,1,363503
24,0.1638136814805622,1.1185171881525988,5996.0,1,1,Servo,DEExp,1,TT,1,363504
25,0.15703772485984546,1.02965470957573,4734.0,1,1,Servo,DEExp,1,TT,1,363505
26,0.16088858092410901,1.141337049035405,5406.0,1,1,Servo,DEExp,1,TT,1,363506
27,0.1601979285696968,1.372176283949016,5481.0,1,1,Servo,DEExp,1,TT,1,363507
28,0.16326770144819014,1.0689944613913658,5980.0,1,1,Servo,DEExp,1,TT,1,363508
29,0.15589405659675992,1.3834667360767903,5686.0,1,1,Servo,DEExp,1,TT,1,363509
30,0.16022686737935674,1.5336391274317585,5656.0,1,1,Servo,DEExp,1,TT,1,375716
31,0.16143325500996986,1.1456140067391922,6703.0,1,1,Servo,DEExp,1,TT,1,363036
32,0.1622596555382743,1.1119650658528695,6954.0,1,1,Servo,DEExp,1,TT,1,363076
33,0.16290260192528142,1.1294624458620546,7250.0,1,1,Servo,DEExp,1,TT,1,363116