
0,1.238974249131949,54.30095226553601,6593.0,1,1,Cpu,DEExp,2,TT,1,364620
1,1.224168621351089,13.060935780292635,6681.0,1,1,Cpu,DEExp,2,TT,1,364621
2,1.2204785807835796,163.40142994032504,6828.0,1,1,Cpu,DEExp,2,TT,1,364622
3,1.2530217533303478,92.74705907662835,6485.0,1,1,Cpu,DEExp,2,TT,1,364623
4,1.1474757483160272,122.12952586623433,5366.0,1,1,Cpu,DEExp,2,TT,1,364624
5,1.2353426588097693,63.49699230322941,6484.0,1,1,Cpu,DEExp,2,TT,1,364625
6,1.1646193833691347,54.214616363256546,6094.0,1,1,Cpu,DEExp,2,TT,1,364626
7,1.1527786105537394,60.246904197572036,8717.0,1,1,Cpu,DEExp,2,TT,1,364627
8,1.221653570680405,94.36859510466509,6078.0,1,1,Cpu,DEExp,2,TT,1,364628
9,1.195769838421052,23.950844686022098,7300.0,1,1,Cpu,DEExp,2,TT,1,364629
10,1.1591369032577488,90.45488615433358,7849.0,1,1,Cpu,DEExp,2,TT,1,364630
11,1.1999198810458218,19.21482885249984,6391.0,1,1,Cpu,DEExp,2,TT,1,364631
12,1.2310067180255433,45.04695145507355,6438.0,1,1,Cpu,DEExp,2,TT,1,364632
13,1.2295358285519047,51.626222132717764,6756.0,1,1,Cpu,DEExp,2,TT,1,364633
14,1.1484954042623499,67.76591127324379,7589.0,1,1,Cpu,DEExp,2,TT,1,364634
15,1.1964283299649143,68.2985028895482,7749.0,1,1,Cpu,DEExp,2,TT,1,364635
16,1.171151633463471,19.921308130945118,6625.0,1,1,Cpu,DEExp,2,TT,1,364636
17,1.1968786324755694,117.82972556724897,6696.0,1,1,Cpu,DEExp,2,TT,1,364637
18,1.1992947247054353,24.904698406494433,6840.0,1,1,Cpu,DEExp,2,TT,1,364638
19,1.1819639699486937,91.2383683122054,5372.0,1,1,Cpu,DEExp,2,TT,1,364639
20,1.263871365778469,64.43072153661893,6453.0,1,1,Cpu,DEExp,2,TT,1,364640
21,1.079509592265082,60.101722932202286,6500.0,1,1,Cpu,DEExp,2,TT,1,364641
22,1.2840533132202374,38.25796504784404,6172.0,1,1,Cpu,DEExp,2,TT,1,364642
23,1.2292607164939828,64.4461794072513,6156.0,1,1,Cpu,DEExp,2,TT,1,364643
24,1.1239287682996582,57.455807922549376,8085.0,1,1,Cpu,DEExp,2,TT,1,364644
25,1.1550103927125293,54.55201247563299,6453.0,1,1,Cpu,DEExp,2,TT,1,364645
26,1.242597058712203,45.995560975028965,6453.0,1,1,Cpu,DEExp,2,TT,1,364646
27,1.2195992788922383,39.09863055038855,7354.0,1,1,Cpu,DEExp,2,TT,1,364647
28,1.2406768290853216,28.41725748181301,7132.0,1,1,Cpu,DEExp,2,TT,1,364648
29,1.1786113545629209,49.03332462639115,8807.0,1,1,Cpu,DEExp,2,TT,1,364649
30,1.0959821272788226,68.65350303487897,6515.0,1,1,Cpu,DEExp,2,TT,1,376954
31,1.154765106661722,29.62134161976931,7234.0,1,1,Cpu,DEExp,2,TT,1,364394
32,1.2236284761508505,46.32270827388256,9110.0,1,1,Cpu,DEExp,2,TT,1,364434
33,1.1821067111667523,45.69074764653733,8968.0,1,1,Cpu,DEExp,2,TT,1,364474