
0,0.017094017094017096,0.8717948717948718,9985.0,1,1,Ionosphere,DEExp,2,TT,1,364110
1,0.017094017094017096,0.8888888888888888,11078.0,1,1,Ionosphere,DEExp,2,TT,1,364111
2,0.008547008547008548,0.8974358974358975,11172.0,1,1,Ionosphere,DEExp,2,TT,1,364112
3,0.01282051282051282,0.8888888888888888,11000.0,1,1,Ionosphere,DEExp,2,TT,1,364113
4,0.021367521367521368,0.8803418803418803,11140.0,1,1,Ionosphere,DEExp,2,TT,1,364114
5,0.017094017094017096,0.8974358974358975,12372.0,1,1,Ionosphere,DEExp,2,TT,1,364115
6,0.021367521367521368,0.9145299145299145,12482.0,1,1,Ionosphere,DEExp,2,TT,1,364116
7,0.01282051282051282,0.8717948717948718,12458.0,1,1,Ionosphere,DEExp,2,TT,1,364117
8,0.01282051282051282,0.8974358974358975,10783.0,1,1,Ionosphere,DEExp,2,TT,1,364118
9,0.021367521367521368,0.8717948717948718,12407.0,1,1,Ionosphere,DEExp,2,TT,1,364119
10,0.01282051282051282,0.8461538461538461,12712.0,1,1,Ionosphere,DEExp,2,TT,1,364120
11,0.01282051282051282,0.8717948717948718,12877.0,1,1,Ionosphere,DEExp,2,TT,1,364121
12,0.017094017094017096,0.8974358974358975,13778.0,1,1,Ionosphere,DEExp,2,TT,1,364122
13,0.021367521367521368,0.905982905982906,13070.0,1,1,Ionosphere,DEExp,2,TT,1,364123
14,0.021367521367521368,0.9230769230769231,9166.0,1,1,Ionosphere,DEExp,2,TT,1,364124
15,0.017094017094017096,0.8632478632478633,11169.0,1,1,Ionosphere,DEExp,2,TT,1,364125
16,0.017094017094017096,0.8803418803418803,11156.0,1,1,Ionosphere,DEExp,2,TT,1,364126
17,0.017094017094017096,0.8547008547008547,11088.0,1,1,Ionosphere,DEExp,2,TT,1,364127
18,0.021367521367521368,0.8803418803418803,11531.0,1,1,Ionosphere,DEExp,2,TT,1,364128
19,0.017094017094017096,0.905982905982906,10500.0,1,1,Ionosphere,DEExp,2,TT,1,364129
20,0.021367521367521368,0.8717948717948718,10438.0,1,1,Ionosphere,DEExp,2,TT,1,364130
21,0.01282051282051282,0.8717948717948718,11141.0,1,1,Ionosphere,DEExp,2,TT,1,364131
22,0.021367521367521368,0.8888888888888888,11492.0,1,1,Ionosphere,DEExp,2,TT,1,364132
23,0.017094017094017096,0.8974358974358975,11047.0,1,1,Ionosphere,DEExp,2,TT,1,364133
24,0.01282051282051282,0.8888888888888888,10969.0,1,1,Ionosphere,DEExp,2,TT,1,364134
25,0.017094017094017096,0.905982905982906,11062.0,1,1,Ionosphere,DEExp,2,TT,1,364135
26,0.017094017094017096,0.8888888888888888,10407.0,1,1,Ionosphere,DEExp,2,TT,1,364136
27,0.021367521367521368,0.8632478632478633,11040.0,1,1,Ionosphere,DEExp,2,TT,1,364137
28,0.01282051282051282,0.8803418803418803,10968.0,1,1,Ionosphere,DEExp,2,TT,1,364138
29,0.01282051282051282,0.8974358974358975,11171.0,1,1,Ionosphere,DEExp,2,TT,1,364139
30,0.021367521367521368,0.905982905982906,11234.0,1,1,Ionosphere,DEExp,2,TT,1,376937
31,0.01282051282051282,0.8974358974358975,14328.0,1,1,Ionosphere,DEExp,2,TT,1,364377
32,0.021367521367521368,0.8974358974358975,14719.0,1,1,Ionosphere,DEExp,2,TT,1,364417
33,0.017094017094017096,0.8717948717948718,13453.0,1,1,Ionosphere,DEExp,2,TT,1,364457