
0,0.014285714285714285,0.8333333333333334,3703.0,1,1,Fertility,DEExp,3,TT,1,365130
1,0.014285714285714285,0.9,4213.0,1,1,Fertility,DEExp,3,TT,1,365131
2,0.014285714285714285,0.8,3672.0,1,1,Fertility,DEExp,3,TT,1,365132
3,0.014285714285714285,0.8666666666666667,3719.0,1,1,Fertility,DEExp,3,TT,1,365133
4,0.014285714285714285,0.8333333333333334,3645.0,1,1,Fertility,DEExp,3,TT,1,365134
6,0.014285714285714285,0.7666666666666666,3920.0,1,1,Fertility,DEExp,3,TT,1,365136
7,0.014285714285714285,0.8666666666666667,4237.0,1,1,Fertility,DEExp,3,TT,1,365137
8,0.014285714285714285,0.7,3640.0,1,1,Fertility,DEExp,3,TT,1,365138
9,0.014285714285714285,0.7666666666666666,4165.0,1,1,Fertility,DEExp,3,TT,1,365139
10,0.014285714285714285,0.8333333333333334,3703.0,1,1,Fertility,DEExp,3,TT,1,365140
11,0.014285714285714285,0.8333333333333334,3789.0,1,1,Fertility,DEExp,3,TT,1,365141
12,0.014285714285714285,0.8666666666666667,3673.0,1,1,Fertility,DEExp,3,TT,1,365142
13,0.014285714285714285,0.8333333333333334,3703.0,1,1,Fertility,DEExp,3,TT,1,365143
14,0.014285714285714285,0.8333333333333334,3694.0,1,1,Fertility,DEExp,3,TT,1,365144
15,0.014285714285714285,0.9,3734.0,1,1,Fertility,DEExp,3,TT,1,365145
16,0.014285714285714285,0.8,3836.0,1,1,Fertility,DEExp,3,TT,1,365146
17,0.014285714285714285,0.8333333333333334,3763.0,1,1,Fertility,DEExp,3,TT,1,365147
18,0.014285714285714285,0.8666666666666667,3704.0,1,1,Fertility,DEExp,3,TT,1,365148
19,0.014285714285714285,0.9,3833.0,1,1,Fertility,DEExp,3,TT,1,365149
20,0.014285714285714285,0.7333333333333334,3688.0,1,1,Fertility,DEExp,3,TT,1,365150
22,0.014285714285714285,0.8666666666666667,3739.0,1,1,Fertility,DEExp,3,TT,1,365152
23,0.014285714285714285,0.8333333333333334,3734.0,1,1,Fertility,DEExp,3,TT,1,365153
24,0.014285714285714285,0.8333333333333334,3647.0,1,1,Fertility,DEExp,3,TT,1,365154
25,0.014285714285714285,0.9,3708.0,1,1,Fertility,DEExp,3,TT,1,365155
26,0.014285714285714285,0.8,3688.0,1,1,Fertility,DEExp,3,TT,1,365156
27,0.014285714285714285,0.8333333333333334,3950.0,1,1,Fertility,DEExp,3,TT,1,365157
28,0.014285714285714285,0.9,3671.0,1,1,Fertility,DEExp,3,TT,1,365158
29,0.014285714285714285,0.9,4632.0,1,1,Fertility,DEExp,3,TT,1,365159
5,0.014285714285714285,0.8,4259.0,1,1,Fertility,DEExp,3,TT,1,377171
21,0.014285714285714285,0.9,3937.0,1,1,Fertility,DEExp,3,TT,1,377811
30,0.014285714285714285,0.8666666666666667,4047.0,1,1,Fertility,DEExp,3,TT,1,378171
31,0.014285714285714285,0.7666666666666666,5188.0,1,1,Fertility,DEExp,3,TT,1,365731
32,0.014285714285714285,0.8666666666666667,4125.0,1,1,Fertility,DEExp,3,TT,1,365771
33,0.014285714285714285,0.8,5594.0,1,1,Fertility,DEExp,3,TT,1,365811