
0,0.021367521367521368,0.8803418803418803,11416.0,1,1,Ionosphere,DEExp,4,TT,1,366510
1,0.021367521367521368,0.9401709401709402,11148.0,1,1,Ionosphere,DEExp,4,TT,1,366511
2,0.017094017094017096,0.8803418803418803,12103.0,1,1,Ionosphere,DEExp,4,TT,1,366512
3,0.01282051282051282,0.8547008547008547,11300.0,1,1,Ionosphere,DEExp,4,TT,1,366513
4,0.01282051282051282,0.9145299145299145,12718.0,1,1,Ionosphere,DEExp,4,TT,1,366514
5,0.021367521367521368,0.8803418803418803,12478.0,1,1,Ionosphere,DEExp,4,TT,1,366515
6,0.017094017094017096,0.8888888888888888,12936.0,1,1,Ionosphere,DEExp,4,TT,1,366516
7,0.02564102564102564,0.8803418803418803,9179.0,1,1,Ionosphere,DEExp,4,TT,1,366517
8,0.021367521367521368,0.8547008547008547,14196.0,1,1,Ionosphere,DEExp,4,TT,1,366518
9,0.021367521367521368,0.8717948717948718,11101.0,1,1,Ionosphere,DEExp,4,TT,1,366519
10,0.021367521367521368,0.8974358974358975,11318.0,1,1,Ionosphere,DEExp,4,TT,1,366520
11,0.017094017094017096,0.8888888888888888,11463.0,1,1,Ionosphere,DEExp,4,TT,1,366521
12,0.017094017094017096,0.9145299145299145,10641.0,1,1,Ionosphere,DEExp,4,TT,1,366522
13,0.021367521367521368,0.8974358974358975,10703.0,1,1,Ionosphere,DEExp,4,TT,1,366523
14,0.01282051282051282,0.9316239316239316,11426.0,1,1,Ionosphere,DEExp,4,TT,1,366524
15,0.017094017094017096,0.905982905982906,11000.0,1,1,Ionosphere,DEExp,4,TT,1,366525
16,0.021367521367521368,0.905982905982906,11205.0,1,1,Ionosphere,DEExp,4,TT,1,366526
17,0.017094017094017096,0.9230769230769231,11202.0,1,1,Ionosphere,DEExp,4,TT,1,366527
18,0.017094017094017096,0.8717948717948718,12782.0,1,1,Ionosphere,DEExp,4,TT,1,366528
19,0.017094017094017096,0.8803418803418803,11320.0,1,1,Ionosphere,DEExp,4,TT,1,366529
20,0.017094017094017096,0.8803418803418803,12488.0,1,1,Ionosphere,DEExp,4,TT,1,366530
21,0.004273504273504274,0.8632478632478633,11047.0,1,1,Ionosphere,DEExp,4,TT,1,366531
22,0.017094017094017096,0.905982905982906,10984.0,1,1,Ionosphere,DEExp,4,TT,1,366532
23,0.01282051282051282,0.8717948717948718,11103.0,1,1,Ionosphere,DEExp,4,TT,1,366533
24,0.017094017094017096,0.8888888888888888,12584.0,1,1,Ionosphere,DEExp,4,TT,1,366534
25,0.017094017094017096,0.9230769230769231,11078.0,1,1,Ionosphere,DEExp,4,TT,1,366535
26,0.017094017094017096,0.9230769230769231,11094.0,1,1,Ionosphere,DEExp,4,TT,1,366536
27,0.017094017094017096,0.9316239316239316,11078.0,1,1,Ionosphere,DEExp,4,TT,1,366537
28,0.01282051282051282,0.8974358974358975,13086.0,1,1,Ionosphere,DEExp,4,TT,1,366538
29,0.021367521367521368,0.905982905982906,11078.0,1,1,Ionosphere,DEExp,4,TT,1,366539
30,0.017094017094017096,0.9487179487179487,11188.0,1,1,Ionosphere,DEExp,4,TT,1,379417
31,0.017094017094017096,0.8803418803418803,15078.0,1,1,Ionosphere,DEExp,4,TT,1,367097
33,0.017094017094017096,0.8632478632478633,17063.0,1,1,Ionosphere,DEExp,4,TT,1,367177
32,0.017094017094017096,0.8717948717948718,11708.0,1,1,Ionosphere,DEExp,4,TT,1,367137