
0,1.658019790341093,3.452465876921763,12896.0,1,1,AutoMpg,DEExp,5,TT,1,368160
1,1.6516891216444984,3.6699604735766678,13680.0,1,1,AutoMpg,DEExp,5,TT,1,368161
2,1.6677048730355089,3.8101286432437056,9558.0,1,1,AutoMpg,DEExp,5,TT,1,368162
3,1.6393280313521978,3.228026458268525,11745.0,1,1,AutoMpg,DEExp,5,TT,1,368163
4,1.666276531422285,3.404690273255564,10485.0,1,1,AutoMpg,DEExp,5,TT,1,368164
5,1.6593570004749387,3.2025178816642628,13391.0,1,1,AutoMpg,DEExp,5,TT,1,368165
6,1.632279060607968,3.5588632299702447,12317.0,1,1,AutoMpg,DEExp,5,TT,1,368166
7,1.6281398203041586,3.7814290636233543,11864.0,1,1,AutoMpg,DEExp,5,TT,1,368167
8,1.6446121325719851,3.8319840518289827,13019.0,1,1,AutoMpg,DEExp,5,TT,1,368168
9,1.660075956072972,3.910399835975157,12834.0,1,1,AutoMpg,DEExp,5,TT,1,368169
10,1.6584588429820746,3.404828684806772,12192.0,1,1,AutoMpg,DEExp,5,TT,1,368170
11,1.61468839742593,3.307591467316876,13825.0,1,1,AutoMpg,DEExp,5,TT,1,368171
12,1.6557340999362202,3.7737763542203275,15468.0,1,1,AutoMpg,DEExp,5,TT,1,368172
13,1.6422115586269221,3.5749580512146952,11859.0,1,1,AutoMpg,DEExp,5,TT,1,368173
14,1.6537209703650728,3.9412153404396033,13022.0,1,1,AutoMpg,DEExp,5,TT,1,368174
15,1.6318911680676413,3.52252742752779,13255.0,1,1,AutoMpg,DEExp,5,TT,1,368175
16,1.6492053355630287,3.5992953383698794,20413.0,1,1,AutoMpg,DEExp,5,TT,1,368176
17,1.6684427196156695,3.6537939165960975,9610.0,1,1,AutoMpg,DEExp,5,TT,1,368177
18,1.6394177310788425,3.8349090808048336,10406.0,1,1,AutoMpg,DEExp,5,TT,1,368178
19,1.6562926695126095,3.5907743386954807,11761.0,1,1,AutoMpg,DEExp,5,TT,1,368179
20,1.6338955995161832,3.5726475237291515,12952.0,1,1,AutoMpg,DEExp,5,TT,1,368180
21,1.6702004205453795,3.365455292948314,11905.0,1,1,AutoMpg,DEExp,5,TT,1,368181
22,1.6326442094359,3.384864619169226,12353.0,1,1,AutoMpg,DEExp,5,TT,1,368182
23,1.6187452981470762,3.727481035015528,13725.0,1,1,AutoMpg,DEExp,5,TT,1,368183
24,1.6424840787594652,3.635411456674446,13429.0,1,1,AutoMpg,DEExp,5,TT,1,368184
25,1.6305745243093506,3.810409415696048,11906.0,1,1,AutoMpg,DEExp,5,TT,1,368185
26,1.6809272192205116,3.519843677124089,12214.0,1,1,AutoMpg,DEExp,5,TT,1,368186
27,1.6400157720605735,3.8316259202642846,13061.0,1,1,AutoMpg,DEExp,5,TT,1,368187
28,1.636475628070972,3.639647270894921,12937.0,1,1,AutoMpg,DEExp,5,TT,1,368188
29,1.645375383790956,3.5017882968251755,13940.0,1,1,AutoMpg,DEExp,5,TT,1,368189
30,1.6620924040055507,3.3638053271775634,12032.0,1,1,AutoMpg,DEExp,5,TT,1,380672
31,1.6354093162314496,3.6700649299606716,13500.0,1,1,AutoMpg,DEExp,5,TT,1,368472
32,1.6397356967149312,3.631568934547482,16265.0,1,1,AutoMpg,DEExp,5,TT,1,368512
33,1.6789976737654013,3.5644339390287594,17890.0,1,1,AutoMpg,DEExp,5,TT,1,368552