
0,758.6864073252635,3148.1101222734787,6099.0,1,1,AutoPrice,DEExp,5,TT,1,368190
1,813.6874940026313,4373.50143568618,6187.0,1,1,AutoPrice,DEExp,5,TT,1,368191
2,751.7367631616681,2954.03509984557,7348.0,1,1,AutoPrice,DEExp,5,TT,1,368192
3,804.9308670511692,5453.377403979009,4476.0,1,1,AutoPrice,DEExp,5,TT,1,368193
4,782.2675791201791,4001.6199623462044,4797.0,1,1,AutoPrice,DEExp,5,TT,1,368194
5,818.4531788688275,3331.8990973911145,6122.0,1,1,AutoPrice,DEExp,5,TT,1,368195
6,788.2080121757924,5946.750689373174,4488.0,1,1,AutoPrice,DEExp,5,TT,1,368196
7,802.1954519544031,5174.2360676243525,5537.0,1,1,AutoPrice,DEExp,5,TT,1,368197
8,783.4369876612747,5459.822895077273,5561.0,1,1,AutoPrice,DEExp,5,TT,1,368198
9,779.7877065318318,3905.6027939839814,7277.0,1,1,AutoPrice,DEExp,5,TT,1,368199
10,787.9130272017333,5305.449499152006,6106.0,1,1,AutoPrice,DEExp,5,TT,1,368200
11,753.4435721530323,2652.8969802658344,5765.0,1,1,AutoPrice,DEExp,5,TT,1,368201
12,756.6105252064591,5321.566979226673,5562.0,1,1,AutoPrice,DEExp,5,TT,1,368202
13,714.7704889647327,2923.1840432941913,5786.0,1,1,AutoPrice,DEExp,5,TT,1,368203
14,767.8364953344305,4950.381783879514,6391.0,1,1,AutoPrice,DEExp,5,TT,1,368204
15,810.1408594131666,3881.298410376955,6249.0,1,1,AutoPrice,DEExp,5,TT,1,368205
16,736.3615946094033,4547.039228713663,6175.0,1,1,AutoPrice,DEExp,5,TT,1,368206
17,746.1579001098305,3587.296911772911,4860.0,1,1,AutoPrice,DEExp,5,TT,1,368207
18,797.0878263138538,3144.8657935013916,6095.0,1,1,AutoPrice,DEExp,5,TT,1,368208
19,770.5524223871312,6805.654388930765,4478.0,1,1,AutoPrice,DEExp,5,TT,1,368209
20,755.5732009213831,3295.2587276546756,6116.0,1,1,AutoPrice,DEExp,5,TT,1,368210
21,756.4977401915744,4035.9870369215923,5533.0,1,1,AutoPrice,DEExp,5,TT,1,368211
22,776.7696526554998,5194.998638808384,6196.0,1,1,AutoPrice,DEExp,5,TT,1,368212
23,755.5021471377471,7544.211176242278,6433.0,1,1,AutoPrice,DEExp,5,TT,1,368213
24,731.103932468353,4399.532178548231,5531.0,1,1,AutoPrice,DEExp,5,TT,1,368214
25,740.8083748866505,5797.483833334397,5834.0,1,1,AutoPrice,DEExp,5,TT,1,368215
26,739.9579501226722,5013.399828729661,6087.0,1,1,AutoPrice,DEExp,5,TT,1,368216
27,756.5989346615763,4789.0877465296235,5547.0,1,1,AutoPrice,DEExp,5,TT,1,368217
28,818.4477384059719,4568.069955323058,5764.0,1,1,AutoPrice,DEExp,5,TT,1,368218
29,755.7220044844929,3287.436905851259,4922.0,1,1,AutoPrice,DEExp,5,TT,1,368219
30,778.6415592148808,7022.28436945828,5672.0,1,1,AutoPrice,DEExp,5,TT,1,380673
31,802.2255463412312,6582.757988991014,7187.0,1,1,AutoPrice,DEExp,5,TT,1,368473
32,797.2145103977085,6044.063754031624,7578.0,1,1,AutoPrice,DEExp,5,TT,1,368513
33,781.1991489573923,3968.41072915094,7016.0,1,1,AutoPrice,DEExp,5,TT,1,368553