
0,0.10780141843971631,0.8314285714285714,33671.0,1,1,QSARBiodegradation,DEExp,5,TT,1,368010
1,0.10780141843971631,0.84,33904.0,1,1,QSARBiodegradation,DEExp,5,TT,1,368011
2,0.09787234042553192,0.84,65225.0,1,1,QSARBiodegradation,DEExp,5,TT,1,368012
3,0.10921985815602837,0.8285714285714285,39245.0,1,1,QSARBiodegradation,DEExp,5,TT,1,368013
4,0.1049645390070922,0.8571428571428572,37781.0,1,1,QSARBiodegradation,DEExp,5,TT,1,368014
5,0.11205673758865248,0.8514285714285714,37737.0,1,1,QSARBiodegradation,DEExp,5,TT,1,368015
6,0.10638297872340426,0.8171428571428572,33624.0,1,1,QSARBiodegradation,DEExp,5,TT,1,368016
7,0.10354609929078014,0.8428571428571429,37590.0,1,1,QSARBiodegradation,DEExp,5,TT,1,368017
8,0.10638297872340426,0.86,37376.0,1,1,QSARBiodegradation,DEExp,5,TT,1,368018
9,0.10780141843971631,0.8285714285714285,34056.0,1,1,QSARBiodegradation,DEExp,5,TT,1,368019
10,0.10921985815602837,0.84,38727.0,1,1,QSARBiodegradation,DEExp,5,TT,1,368020
11,0.11063829787234042,0.8171428571428572,30547.0,1,1,QSARBiodegradation,DEExp,5,TT,1,368021
12,0.10638297872340426,0.8485714285714285,39240.0,1,1,QSARBiodegradation,DEExp,5,TT,1,368022
13,0.10921985815602837,0.8285714285714285,36628.0,1,1,QSARBiodegradation,DEExp,5,TT,1,368023
14,0.10638297872340426,0.8457142857142858,37703.0,1,1,QSARBiodegradation,DEExp,5,TT,1,368024
15,0.1049645390070922,0.8257142857142857,39127.0,1,1,QSARBiodegradation,DEExp,5,TT,1,368025
16,0.09929078014184398,0.8257142857142857,37009.0,1,1,QSARBiodegradation,DEExp,5,TT,1,368026
17,0.11347517730496454,0.8371428571428572,33532.0,1,1,QSARBiodegradation,DEExp,5,TT,1,368027
18,0.11205673758865248,0.8371428571428572,37016.0,1,1,QSARBiodegradation,DEExp,5,TT,1,368028
19,0.11063829787234042,0.8371428571428572,34038.0,1,1,QSARBiodegradation,DEExp,5,TT,1,368029
20,0.11631205673758865,0.8257142857142857,36682.0,1,1,QSARBiodegradation,DEExp,5,TT,1,368030
21,0.1049645390070922,0.8428571428571429,28828.0,1,1,QSARBiodegradation,DEExp,5,TT,1,368031
23,0.10212765957446808,0.8457142857142858,38109.0,1,1,QSARBiodegradation,DEExp,5,TT,1,368033
24,0.10212765957446808,0.84,34031.0,1,1,QSARBiodegradation,DEExp,5,TT,1,368034
25,0.1049645390070922,0.8428571428571429,39225.0,1,1,QSARBiodegradation,DEExp,5,TT,1,368035
26,0.11063829787234042,0.8571428571428572,36681.0,1,1,QSARBiodegradation,DEExp,5,TT,1,368036
27,0.10921985815602837,0.84,37388.0,1,1,QSARBiodegradation,DEExp,5,TT,1,368037
28,0.10780141843971631,0.84,33568.0,1,1,QSARBiodegradation,DEExp,5,TT,1,368038
29,0.10638297872340426,0.8428571428571429,36945.0,1,1,QSARBiodegradation,DEExp,5,TT,1,368039
22,0.10921985815602837,0.8171428571428572,34531.0,1,1,QSARBiodegradation,DEExp,5,TT,1,380347
30,0.10354609929078014,0.8628571428571429,33749.0,1,1,QSARBiodegradation,DEExp,5,TT,1,380667
31,0.1049645390070922,0.8628571428571429,42453.0,1,1,QSARBiodegradation,DEExp,5,TT,1,368467
32,0.10354609929078014,0.8657142857142857,44078.0,1,1,QSARBiodegradation,DEExp,5,TT,1,368507
33,0.11063829787234042,0.8342857142857143,44578.0,1,1,QSARBiodegradation,DEExp,5,TT,1,368547