
0,0.0,0.9666666666666667,6207.0,1,1,Wine,DEExp,7,TT,1,370500
1,0.0,0.95,6559.0,1,1,Wine,DEExp,7,TT,1,370501
3,0.0,0.95,6664.0,1,1,Wine,DEExp,7,TT,1,370503
4,0.0,0.9333333333333333,5814.0,1,1,Wine,DEExp,7,TT,1,370504
5,0.0,0.9833333333333333,6513.0,1,1,Wine,DEExp,7,TT,1,370505
6,0.0,0.9833333333333333,7722.0,1,1,Wine,DEExp,7,TT,1,370506
7,0.0,1.0,6575.0,1,1,Wine,DEExp,7,TT,1,370507
8,0.0,0.95,6667.0,1,1,Wine,DEExp,7,TT,1,370508
9,0.0,0.9666666666666667,5764.0,1,1,Wine,DEExp,7,TT,1,370509
10,0.0,0.95,6507.0,1,1,Wine,DEExp,7,TT,1,370510
11,0.0,0.9666666666666667,7956.0,1,1,Wine,DEExp,7,TT,1,370511
12,0.0,0.95,6496.0,1,1,Wine,DEExp,7,TT,1,370512
13,0.0,0.9833333333333333,5797.0,1,1,Wine,DEExp,7,TT,1,370513
14,0.0,0.9833333333333333,6687.0,1,1,Wine,DEExp,7,TT,1,370514
15,0.0,0.9666666666666667,6783.0,1,1,Wine,DEExp,7,TT,1,370515
16,0.0,0.9666666666666667,5797.0,1,1,Wine,DEExp,7,TT,1,370516
17,0.0,1.0,5796.0,1,1,Wine,DEExp,7,TT,1,370517
18,0.0,0.9666666666666667,5781.0,1,1,Wine,DEExp,7,TT,1,370518
19,0.0,0.9833333333333333,5781.0,1,1,Wine,DEExp,7,TT,1,370519
20,0.0,0.9833333333333333,5719.0,1,1,Wine,DEExp,7,TT,1,370520
21,0.0,0.9333333333333333,5805.0,1,1,Wine,DEExp,7,TT,1,370521
22,0.0,0.9666666666666667,5730.0,1,1,Wine,DEExp,7,TT,1,370522
23,0.0,0.9166666666666666,6461.0,1,1,Wine,DEExp,7,TT,1,370523
24,0.0,1.0,5750.0,1,1,Wine,DEExp,7,TT,1,370524
25,0.0,0.9166666666666666,6555.0,1,1,Wine,DEExp,7,TT,1,370525
26,0.0,0.9666666666666667,7790.0,1,1,Wine,DEExp,7,TT,1,370526
27,0.0,0.9833333333333333,5875.0,1,1,Wine,DEExp,7,TT,1,370527
28,0.0,0.9833333333333333,5797.0,1,1,Wine,DEExp,7,TT,1,370528
29,0.0,0.95,7884.0,1,1,Wine,DEExp,7,TT,1,370529
2,0.0,0.9833333333333333,6125.0,1,1,Wine,DEExp,7,TT,1,382030
30,0.0,0.9833333333333333,5938.0,1,1,Wine,DEExp,7,TT,1,383150
31,0.0,0.9833333333333333,7734.0,1,1,Wine,DEExp,7,TT,1,371190
32,0.0,0.9666666666666667,7640.0,1,1,Wine,DEExp,7,TT,1,371230
33,0.0,0.9166666666666666,7828.0,1,1,Wine,DEExp,7,TT,1,371270