
0,0.687111129641044,0.8148433372564662,16688.0,1,1,Sensory,DEExp,8,TT,1,371850
1,0.6887139822352304,0.750540311732924,13797.0,1,1,Sensory,DEExp,8,TT,1,371851
2,0.6915451044788952,0.8777344187672049,18899.0,1,1,Sensory,DEExp,8,TT,1,371852
3,0.6896207759702643,0.8035666374211544,17504.0,1,1,Sensory,DEExp,8,TT,1,371853
4,0.6961572538034614,0.8125827994799557,19195.0,1,1,Sensory,DEExp,8,TT,1,371854
6,0.6893798095549137,0.7899824717055355,18805.0,1,1,Sensory,DEExp,8,TT,1,371856
7,0.6901116575687929,0.7586259706191294,17719.0,1,1,Sensory,DEExp,8,TT,1,371857
8,0.6804755607558501,0.7908184670353524,16812.0,1,1,Sensory,DEExp,8,TT,1,371858
9,0.6952338140593745,0.7932287573004595,16047.0,1,1,Sensory,DEExp,8,TT,1,371859
10,0.6977372728701025,0.8006794596512612,19697.0,1,1,Sensory,DEExp,8,TT,1,371860
11,0.6973966005023357,0.8326317364013156,16125.0,1,1,Sensory,DEExp,8,TT,1,371861
12,0.6961949129967565,0.8190674972370294,16735.0,1,1,Sensory,DEExp,8,TT,1,371862
13,0.6919711572324773,0.8275601715222125,20282.0,1,1,Sensory,DEExp,8,TT,1,371863
14,0.6925833534497111,0.8228681349717741,16844.0,1,1,Sensory,DEExp,8,TT,1,371864
15,0.6943739788675716,0.7849378724435319,20266.0,1,1,Sensory,DEExp,8,TT,1,371865
16,0.6911882466042866,0.7840402377213298,20266.0,1,1,Sensory,DEExp,8,TT,1,371866
17,0.6908523512077503,0.7980257348353657,18346.0,1,1,Sensory,DEExp,8,TT,1,371867
18,0.6921629860845306,0.8293882903322907,16844.0,1,1,Sensory,DEExp,8,TT,1,371868
19,0.6885872998990072,0.7909867853873478,19164.0,1,1,Sensory,DEExp,8,TT,1,371869
20,0.6881625643976975,0.8494177276552425,18980.0,1,1,Sensory,DEExp,8,TT,1,371870
21,0.6854793788692569,0.7675447260894499,22815.0,1,1,Sensory,DEExp,8,TT,1,371871
22,0.6957659936843655,0.8318215288705063,20344.0,1,1,Sensory,DEExp,8,TT,1,371872
23,0.6990980039023332,0.8161949649053011,13842.0,1,1,Sensory,DEExp,8,TT,1,371873
24,0.6909310833644858,0.7629048713432689,16687.0,1,1,Sensory,DEExp,8,TT,1,371874
25,0.6957187838894556,0.8520392261932781,16063.0,1,1,Sensory,DEExp,8,TT,1,371875
26,0.6951303408708988,0.8645420005088531,17385.0,1,1,Sensory,DEExp,8,TT,1,371876
27,0.690228608874343,0.8487549071233473,16781.0,1,1,Sensory,DEExp,8,TT,1,371877
28,0.6852982270920981,0.8415079749748074,18518.0,1,1,Sensory,DEExp,8,TT,1,371878
29,0.6975088862648268,0.8143520025763873,18865.0,1,1,Sensory,DEExp,8,TT,1,371879
5,0.689928716077868,0.7995964914172229,17031.0,1,1,Sensory,DEExp,8,TT,1,383395
30,0.6993798512746946,0.8201992965406226,18453.0,1,1,Sensory,DEExp,8,TT,1,384395
31,0.6955157511592023,0.7628285852081736,21922.0,1,1,Sensory,DEExp,8,TT,1,372555
32,0.6951263987467919,0.7986224391538012,21094.0,1,1,Sensory,DEExp,8,TT,1,372595
33,0.7024510469717622,0.81287521203975,20812.0,1,1,Sensory,DEExp,8,TT,1,372635