
0,12.262496724647473,98.25044426241087,10268.0,1,1,Cpu,cmaes,0,CV,0,71820
1,9.436609910757195,85.28936384441477,10612.0,1,1,Cpu,cmaes,0,CV,0,71821
2,11.722363139878716,121.7200850162073,10797.0,1,1,Cpu,cmaes,0,CV,0,71822
3,11.173424626384335,26.39437736497877,11330.0,1,1,Cpu,cmaes,0,CV,0,71823
4,12.151249566521303,49.74898457198609,7775.0,1,1,Cpu,cmaes,0,CV,0,71824
5,11.387440886562345,43.7403503008246,7678.0,1,1,Cpu,cmaes,0,CV,0,71825
6,12.948800816110122,71.77908806294731,8993.0,1,1,Cpu,cmaes,0,CV,0,71826
7,12.150186307609305,78.25529573670991,8266.0,1,1,Cpu,cmaes,0,CV,0,71827
8,12.929656426655233,42.34209914824943,8250.0,1,1,Cpu,cmaes,0,CV,0,71828
9,12.785283289871833,34.52617624045287,8188.0,1,1,Cpu,cmaes,0,CV,0,71829
10,11.869127359317018,90.50216680819688,8451.0,1,1,Cpu,cmaes,0,CV,0,71830
11,12.877500459643617,130.81257863981827,8172.0,1,1,Cpu,cmaes,0,CV,0,71831
12,12.186397099939516,61.617366479209956,8426.0,1,1,Cpu,cmaes,0,CV,0,71832
13,10.556310860061597,20.98137707107959,8566.0,1,1,Cpu,cmaes,0,CV,0,71833
14,14.881926485363698,83.82949491823159,8016.0,1,1,Cpu,cmaes,0,CV,0,71834
15,10.555721995343818,18.169091569011695,8426.0,1,1,Cpu,cmaes,0,CV,0,71835
16,13.701404771929072,198.45662448608,7875.0,1,1,Cpu,cmaes,0,CV,0,71836
17,12.526750915488082,23.040980378714938,8467.0,1,1,Cpu,cmaes,0,CV,0,71837
18,11.777754773283036,7.120705397213851,8406.0,1,1,Cpu,cmaes,0,CV,0,71838
19,14.565234518682425,100.65564408052079,7906.0,1,1,Cpu,cmaes,0,CV,0,71839
20,13.924095575249769,29.383167222285334,8438.0,1,1,Cpu,cmaes,0,CV,0,71840
21,15.953734061212504,29.0670690927889,8422.0,1,1,Cpu,cmaes,0,CV,0,71841
22,12.101763413609437,105.66808218899293,8479.0,1,1,Cpu,cmaes,0,CV,0,71842
23,11.908839426012198,6.645065233745938,8331.0,1,1,Cpu,cmaes,0,CV,0,71843
24,14.12322712061337,55.20328362913043,8464.0,1,1,Cpu,cmaes,0,CV,0,71844
25,11.804942806317376,69.55635829838393,8524.0,1,1,Cpu,cmaes,0,CV,0,71845
26,15.757186762908598,116.6997319661526,8368.0,1,1,Cpu,cmaes,0,CV,0,71846
27,11.222214349854458,39.610540943894144,11980.0,1,1,Cpu,cmaes,0,CV,0,58647
28,9.02613835884496,84.96735376663749,8234.0,1,1,Cpu,cmaes,0,CV,0,71848
29,11.59989973394946,23.96369025201593,8406.0,1,1,Cpu,cmaes,0,CV,0,71849
30,11.802588419220578,54.410110356928676,8442.0,1,1,Cpu,cmaes,0,CV,0,71850
31,14.338753729538197,114.84945180072042,8187.0,1,1,Cpu,cmaes,0,CV,0,71851
33,14.30907058739209,40.89734756799454,8171.0,1,1,Cpu,cmaes,0,CV,0,71853
34,11.774132089946344,31.303324347439634,8107.0,1,1,Cpu,cmaes,0,CV,0,71854