
0,211.16668986629765,223.80255113144287,6896.0,1,1,Veteran,cmaes,0,CV,0,71925
1,212.1559341345547,167.31320250210265,9846.0,1,1,Veteran,cmaes,0,CV,0,71926
2,198.98706942304915,196.23996163643986,6946.0,1,1,Veteran,cmaes,0,CV,0,71927
3,209.00308289335317,284.22106630931717,7578.0,1,1,Veteran,cmaes,0,CV,0,71928
4,213.4368636696111,195.66530928355456,7224.0,1,1,Veteran,cmaes,0,CV,0,71929
5,205.66406044409183,460.88526832118026,7267.0,1,1,Veteran,cmaes,0,CV,0,71930
6,207.80159235109062,222.9323687742888,6875.0,1,1,Veteran,cmaes,0,CV,0,71931
7,191.6688391374956,198.63850049412608,9049.0,1,1,Veteran,cmaes,0,CV,0,71932
8,197.33881197116074,174.41898561032266,7083.0,1,1,Veteran,cmaes,0,CV,0,71933
9,195.08221267148036,207.94662286591264,6656.0,1,1,Veteran,cmaes,0,CV,0,71934
10,173.1202300985648,293.4836985615261,9927.0,1,1,Veteran,cmaes,0,CV,0,71935
11,223.17345292436275,268.0672356883964,7208.0,1,1,Veteran,cmaes,0,CV,0,71936
12,209.1216427443767,168.43269314019872,6990.0,1,1,Veteran,cmaes,0,CV,0,71937
13,202.48051003730512,216.59968717894637,8162.0,1,1,Veteran,cmaes,0,CV,0,71938
14,224.42788803031084,297.6277748972615,8108.0,1,1,Veteran,cmaes,0,CV,0,71939
15,200.54774932423103,438.187846019625,8026.0,1,1,Veteran,cmaes,0,CV,0,71940
16,184.54405716853694,264.7106285391927,9688.0,1,1,Veteran,cmaes,0,CV,0,71941
17,183.281574800446,253.9757223494441,7696.0,1,1,Veteran,cmaes,0,CV,0,71942
18,219.32531434512256,208.97682631400417,7563.0,1,1,Veteran,cmaes,0,CV,0,71943
19,167.20874456477378,188.31216881655664,7108.0,1,1,Veteran,cmaes,0,CV,0,71944
20,212.3780467647911,233.1749418702866,6889.0,1,1,Veteran,cmaes,0,CV,0,71945
21,189.94743498917958,168.05599553487298,6812.0,1,1,Veteran,cmaes,0,CV,0,71946
22,213.39451653754358,240.11940928061122,6859.0,1,1,Veteran,cmaes,0,CV,0,71947
23,225.291886794081,173.3316552236821,8012.0,1,1,Veteran,cmaes,0,CV,0,71948
24,205.92313226851292,183.88184620669503,7313.0,1,1,Veteran,cmaes,0,CV,0,71949
25,203.1163422826211,206.33922973041498,9442.0,1,1,Veteran,cmaes,0,CV,0,71950
26,194.827924565874,124.51076745630078,6802.0,1,1,Veteran,cmaes,0,CV,0,71951
27,196.4747332274249,178.22368607694176,7071.0,1,1,Veteran,cmaes,0,CV,0,71952
28,214.86203593576838,205.70638126761938,6735.0,1,1,Veteran,cmaes,0,CV,0,71953
29,213.50753681428267,249.51652615833837,6721.0,1,1,Veteran,cmaes,0,CV,0,71954
30,205.80782502860976,202.5278007677285,6902.0,1,1,Veteran,cmaes,0,CV,0,71955
31,196.71145034671127,232.15596527505107,9642.0,1,1,Veteran,cmaes,0,CV,0,71956
32,206.22659004520696,176.55331745940265,8709.0,1,1,Veteran,cmaes,0,CV,0,71957
34,199.7636239477236,425.7705418527888,6905.0,1,1,Veteran,cmaes,0,CV,0,71959