
0,0.10633333333333335,0.860655737704918,22092.0,1,1,Dermatology,cmaes,1,CV,0,72100
1,0.10166666666666668,0.8688524590163934,19115.0,1,1,Dermatology,cmaes,1,CV,0,72101
2,0.1183333333333334,0.8770491803278688,18672.0,1,1,Dermatology,cmaes,1,CV,0,72102
3,0.08600000000000001,0.9098360655737705,22715.0,1,1,Dermatology,cmaes,1,CV,0,72103
4,0.10566666666666666,0.8688524590163934,23390.0,1,1,Dermatology,cmaes,1,CV,0,72104
5,0.13133333333333333,0.8770491803278688,21171.0,1,1,Dermatology,cmaes,1,CV,0,72105
6,0.09833333333333333,0.8770491803278688,22409.0,1,1,Dermatology,cmaes,1,CV,0,72106
7,0.11016666666666668,0.9180327868852459,22743.0,1,1,Dermatology,cmaes,1,CV,0,72107
8,0.21316666666666664,0.7868852459016393,22187.0,1,1,Dermatology,cmaes,1,CV,0,72108
9,0.10216666666666666,0.8688524590163934,25921.0,1,1,Dermatology,cmaes,1,CV,0,72109
10,0.12266666666666666,0.9098360655737705,22416.0,1,1,Dermatology,cmaes,1,CV,0,72110
11,0.15183333333333335,0.8852459016393442,18367.0,1,1,Dermatology,cmaes,1,CV,0,72111
12,0.09416666666666666,0.9016393442622951,18660.0,1,1,Dermatology,cmaes,1,CV,0,72112
13,0.10583333333333336,0.8852459016393442,18619.0,1,1,Dermatology,cmaes,1,CV,0,72113
14,0.11450000000000002,0.9098360655737705,17016.0,1,1,Dermatology,cmaes,1,CV,0,72114
15,0.15133333333333335,0.8688524590163934,18578.0,1,1,Dermatology,cmaes,1,CV,0,72115
16,0.0895,0.8770491803278688,18863.0,1,1,Dermatology,cmaes,1,CV,0,72116
17,0.09733333333333334,0.8524590163934427,18578.0,1,1,Dermatology,cmaes,1,CV,0,72117
18,0.10166666666666666,0.9016393442622951,17640.0,1,1,Dermatology,cmaes,1,CV,0,72118
19,0.12266666666666666,0.8524590163934427,17938.0,1,1,Dermatology,cmaes,1,CV,0,72119
20,0.11833333333333333,0.860655737704918,19194.0,1,1,Dermatology,cmaes,1,CV,0,72120
21,0.10583333333333333,0.9016393442622951,22422.0,1,1,Dermatology,cmaes,1,CV,0,72121
22,0.12216666666666667,0.860655737704918,22180.0,1,1,Dermatology,cmaes,1,CV,0,72122
23,0.11016666666666668,0.8524590163934427,18406.0,1,1,Dermatology,cmaes,1,CV,0,72123
24,0.08533333333333333,0.9098360655737705,17859.0,1,1,Dermatology,cmaes,1,CV,0,72124
25,0.11383333333333334,0.8934426229508197,18817.0,1,1,Dermatology,cmaes,1,CV,0,72125
26,0.12566666666666665,0.8852459016393442,22133.0,1,1,Dermatology,cmaes,1,CV,0,72126
27,0.1265,0.8934426229508197,22063.0,1,1,Dermatology,cmaes,1,CV,0,72127
28,0.119,0.8770491803278688,18755.0,1,1,Dermatology,cmaes,1,CV,0,72128
29,0.10583333333333322,0.8360655737704918,18484.0,1,1,Dermatology,cmaes,1,CV,0,72129
30,0.11850000000000001,0.9180327868852459,18478.0,1,1,Dermatology,cmaes,1,CV,0,72130
31,0.07766666666666666,0.860655737704918,18375.0,1,1,Dermatology,cmaes,1,CV,0,72131
32,0.10616666666666667,0.8360655737704918,17687.0,1,1,Dermatology,cmaes,1,CV,0,72132
33,0.09783333333333334,0.8934426229508197,18791.0,1,1,Dermatology,cmaes,1,CV,0,72133
34,0.098,0.9426229508196722,21837.0,1,1,Dermatology,cmaes,1,CV,0,72134