
0,2.3015453343757457,3.4922918088145396,18918.0,1,1,AutoMpg,cmaes,2,CV,0,74690
1,2.3013466978889534,3.706921797572961,13938.0,1,1,AutoMpg,cmaes,2,CV,0,74691
2,2.3587940519142387,3.6838007582330405,12432.0,1,1,AutoMpg,cmaes,2,CV,0,74692
3,2.3213303875164515,3.5663534272196618,21519.0,1,1,AutoMpg,cmaes,2,CV,0,60963
4,2.28633945193954,3.705931236941822,13812.0,1,1,AutoMpg,cmaes,2,CV,0,74694
5,2.3561238584563404,3.5942131275948914,14733.0,1,1,AutoMpg,cmaes,2,CV,0,74695
6,2.3711218364091744,3.655107515210804,13078.0,1,1,AutoMpg,cmaes,2,CV,0,74696
7,2.3648080803366467,3.6485365859736323,13466.0,1,1,AutoMpg,cmaes,2,CV,0,74697
8,2.3787487917574546,3.7763972480453623,13671.0,1,1,AutoMpg,cmaes,2,CV,0,74698
9,2.233370328114181,4.173048982027816,13621.0,1,1,AutoMpg,cmaes,2,CV,0,74699
10,2.3092692304163362,3.5960615550509014,13484.0,1,1,AutoMpg,cmaes,2,CV,0,74700
11,2.3480499005188964,3.5865402886427455,13422.0,1,1,AutoMpg,cmaes,2,CV,0,74701
12,2.3368184526448346,3.6009439697558014,13970.0,1,1,AutoMpg,cmaes,2,CV,0,74702
13,2.2905712691029234,3.647063352061318,13591.0,1,1,AutoMpg,cmaes,2,CV,0,74703
14,2.2574669836300494,3.7905551014878722,13649.0,1,1,AutoMpg,cmaes,2,CV,0,74704
15,2.40275236712719,3.616880911083392,14087.0,1,1,AutoMpg,cmaes,2,CV,0,74705
16,2.358426492814034,3.6700714785561095,13808.0,1,1,AutoMpg,cmaes,2,CV,0,74706
17,2.340256214922597,3.8564322962305124,18988.0,1,1,AutoMpg,cmaes,2,CV,0,60977
18,2.3489739877632703,3.9006656249019165,13834.0,1,1,AutoMpg,cmaes,2,CV,0,74708
19,2.2509866271888184,3.834409126317329,13297.0,1,1,AutoMpg,cmaes,2,CV,0,74709
20,2.3317743847365286,3.6041716205604986,13481.0,1,1,AutoMpg,cmaes,2,CV,0,74710
21,2.3926029343659483,3.462878799039403,13756.0,1,1,AutoMpg,cmaes,2,CV,0,74711
22,2.353231108515884,3.786731540546629,13820.0,1,1,AutoMpg,cmaes,2,CV,0,74712
23,2.3739128828283933,3.7032172220731248,13375.0,1,1,AutoMpg,cmaes,2,CV,0,74713
24,2.3056943740535103,3.433976843743521,18921.0,1,1,AutoMpg,cmaes,2,CV,0,60984
25,2.2859492574218105,3.5718099769966924,14151.0,1,1,AutoMpg,cmaes,2,CV,0,74715
26,2.3440863228283755,3.679154819484289,12595.0,1,1,AutoMpg,cmaes,2,CV,0,74716
27,2.378538156655293,3.4136964063907316,14037.0,1,1,AutoMpg,cmaes,2,CV,0,74717
28,2.37640060476878,3.7038131929276115,12583.0,1,1,AutoMpg,cmaes,2,CV,0,74718
29,2.334457163463142,3.8501052954191355,19123.0,1,1,AutoMpg,cmaes,2,CV,0,60989
30,2.2850998640379667,3.5326983308347537,13606.0,1,1,AutoMpg,cmaes,2,CV,0,74720
31,2.305130045968499,3.730414113449971,13299.0,1,1,AutoMpg,cmaes,2,CV,0,74721
32,2.3257492833258544,3.578012963100809,14803.0,1,1,AutoMpg,cmaes,2,CV,0,74722
33,2.4107330130228726,3.7035763179665917,13562.0,1,1,AutoMpg,cmaes,2,CV,0,74723
34,2.3827947484701353,3.5561741319674938,13632.0,1,1,AutoMpg,cmaes,2,CV,0,74724