
0,0.3393868594608592,1.0274316578898124,8891.0,1,1,Servo,cmaes,5,CV,0,79240
1,0.34908057994162467,1.1886576031532239,7171.0,1,1,Servo,cmaes,5,CV,0,79241
2,0.3546121129706275,1.1007463062741891,8894.0,1,1,Servo,cmaes,5,CV,0,79242
3,0.3401698230360314,1.1335025687627878,5860.0,1,1,Servo,cmaes,5,CV,0,79243
4,0.35521548362900185,1.1173671086553316,8914.0,1,1,Servo,cmaes,5,CV,0,79244
5,0.35952249277167514,1.2099658119098569,5765.0,1,1,Servo,cmaes,5,CV,0,79245
6,0.3512561957542728,1.0690594625214058,5887.0,1,1,Servo,cmaes,5,CV,0,79246
7,0.35437473978628314,1.0768442324278464,5873.0,1,1,Servo,cmaes,5,CV,0,79247
8,0.35704424724553535,1.0580058610645258,5927.0,1,1,Servo,cmaes,5,CV,0,79248
9,0.34853046569831764,1.1040508634262065,5907.0,1,1,Servo,cmaes,5,CV,0,79249
10,0.3542226274963939,1.069534502702236,5886.0,1,1,Servo,cmaes,5,CV,0,79250
11,0.33604737236816046,1.070727985886925,5856.0,1,1,Servo,cmaes,5,CV,0,79251
12,0.32687876706121954,1.064592802143475,6548.0,1,1,Servo,cmaes,5,CV,0,79252
13,0.3443526022356518,1.1012880705195311,8179.0,1,1,Servo,cmaes,5,CV,0,79253
14,0.35407598258193446,1.2057554844133214,6600.0,1,1,Servo,cmaes,5,CV,0,79254
15,0.3308102355294203,1.1293945230693496,6065.0,1,1,Servo,cmaes,5,CV,0,79255
16,0.32251748777855627,1.073603896759361,6590.0,1,1,Servo,cmaes,5,CV,0,79256
17,0.350135449280572,1.129168539115848,6613.0,1,1,Servo,cmaes,5,CV,0,79257
18,0.34922789757056505,1.0568265602339357,8313.0,1,1,Servo,cmaes,5,CV,0,79258
19,0.35067889612809633,1.16258279698912,8153.0,1,1,Servo,cmaes,5,CV,0,79259
20,0.3647649817522206,1.155942721454325,7184.0,1,1,Servo,cmaes,5,CV,0,79260
21,0.350766196007671,1.1279157570196692,6062.0,1,1,Servo,cmaes,5,CV,0,79261
22,0.33926748217913827,1.1561314076526634,6188.0,1,1,Servo,cmaes,5,CV,0,79262
23,0.35191848448659535,1.3244935762994863,7328.0,1,1,Servo,cmaes,5,CV,0,79263
24,0.3595221134065345,1.185217312882946,6157.0,1,1,Servo,cmaes,5,CV,0,79264
25,0.33390992851608703,1.159050583934,6118.0,1,1,Servo,cmaes,5,CV,0,79265
26,0.36931359938365704,1.104803357976289,7781.0,1,1,Servo,cmaes,5,CV,0,79266
27,0.34023011650029134,1.0486904957870709,6011.0,1,1,Servo,cmaes,5,CV,0,79267
28,0.36571485667378434,1.0872802825462524,8084.0,1,1,Servo,cmaes,5,CV,0,64708
29,0.3456417979105608,1.1385637174140177,8212.0,1,1,Servo,cmaes,5,CV,0,79269
30,0.3497501225000191,1.0854288574322761,7363.0,1,1,Servo,cmaes,5,CV,0,79270
31,0.3465823803493251,1.191001971920981,8293.0,1,1,Servo,cmaes,5,CV,0,79271
32,0.3585610583404478,1.1622141077665704,6064.0,1,1,Servo,cmaes,5,CV,0,79272
33,0.3429613084746857,1.1613941648630992,6029.0,1,1,Servo,cmaes,5,CV,0,79273
34,0.36195752128586484,1.2496404376337928,7438.0,1,1,Servo,cmaes,5,CV,0,79274