
0,0.34980420145053726,1.145272734286805,5897.0,1,1,Servo,cmaes,6,CV,0,80710
1,0.34633138117613754,1.256115642769681,5857.0,1,1,Servo,cmaes,6,CV,0,80711
2,0.35852933028263256,1.1219222220739136,9029.0,1,1,Servo,cmaes,6,CV,0,80712
3,0.3475620133135914,1.0197643712281281,6405.0,1,1,Servo,cmaes,6,CV,0,80713
4,0.3532782322293879,1.1239938960226756,5828.0,1,1,Servo,cmaes,6,CV,0,80714
5,0.3216098262351947,1.221869238081187,5922.0,1,1,Servo,cmaes,6,CV,0,80715
6,0.344127926802431,1.148890394856473,5782.0,1,1,Servo,cmaes,6,CV,0,80716
7,0.3445579436779676,1.0555698929096202,5891.0,1,1,Servo,cmaes,6,CV,0,80717
8,0.33127862325037294,1.1895132730554403,5875.0,1,1,Servo,cmaes,6,CV,0,80718
9,0.33204365064502,1.2027073338732304,5896.0,1,1,Servo,cmaes,6,CV,0,80719
10,0.3379218944040383,1.0953244914840694,6428.0,1,1,Servo,cmaes,6,CV,0,80720
11,0.35295476397782527,1.1396007737261862,6000.0,1,1,Servo,cmaes,6,CV,0,80721
12,0.35632218728622195,1.1295154893401804,5859.0,1,1,Servo,cmaes,6,CV,0,80722
13,0.3391088919822408,1.2180263860837532,5923.0,1,1,Servo,cmaes,6,CV,0,80723
14,0.33888134455266494,1.092418123285104,5895.0,1,1,Servo,cmaes,6,CV,0,80724
15,0.32438633585160764,1.070141337609263,6807.0,1,1,Servo,cmaes,6,CV,0,80725
16,0.3556926668220738,1.0389541210747235,7377.0,1,1,Servo,cmaes,6,CV,0,80726
17,0.35626372905458653,1.1779875321385345,8690.0,1,1,Servo,cmaes,6,CV,0,80727
18,0.31901845854889616,1.1741910260829227,8125.0,1,1,Servo,cmaes,6,CV,0,80728
19,0.3136399883348039,1.1109800613356757,8372.0,1,1,Servo,cmaes,6,CV,0,80729
20,0.3360831199959548,1.1059683054187115,8110.0,1,1,Servo,cmaes,6,CV,0,80730
21,0.33726129252433384,1.1885791321298222,7188.0,1,1,Servo,cmaes,6,CV,0,80731
22,0.3340561900639257,1.20470932017291,6159.0,1,1,Servo,cmaes,6,CV,0,80732
23,0.31899373186643804,1.097275457238566,6035.0,1,1,Servo,cmaes,6,CV,0,80733
24,0.34056185908206266,1.0269392629179612,7252.0,1,1,Servo,cmaes,6,CV,0,80734
25,0.3217141263237076,1.2080687335980582,6016.0,1,1,Servo,cmaes,6,CV,0,80735
26,0.3342925801627035,1.2084117463977433,5968.0,1,1,Servo,cmaes,6,CV,0,80736
27,0.3542063353765672,1.215077772981868,6312.0,1,1,Servo,cmaes,6,CV,0,80737
28,0.3228496575356506,1.0331026738654991,5938.0,1,1,Servo,cmaes,6,CV,0,80738
29,0.33781718591430054,1.10385269285053,5843.0,1,1,Servo,cmaes,6,CV,0,80739
30,0.35317742537757735,1.1437008241370499,7294.0,1,1,Servo,cmaes,6,CV,0,80740
31,0.3222515629890249,1.118265340147138,6631.0,1,1,Servo,cmaes,6,CV,0,80741
32,0.33285547780233904,1.0914244187989648,6105.0,1,1,Servo,cmaes,6,CV,0,80742
33,0.3441814227193908,1.0998265518792834,6062.0,1,1,Servo,cmaes,6,CV,0,80743
34,0.3335706656563144,1.1668731214180166,5812.0,1,1,Servo,cmaes,6,CV,0,80744