
0,0.3777231443627336,1.1576588292658423,6390.0,1,1,Servo,cmaes,8,CV,0,83650
1,0.34290622601937326,1.087864721669933,5828.0,1,1,Servo,cmaes,8,CV,0,83651
2,0.34755774763447894,1.1306110999333578,5919.0,1,1,Servo,cmaes,8,CV,0,83652
3,0.36232252459076586,1.1513600858443502,5914.0,1,1,Servo,cmaes,8,CV,0,83653
4,0.3439958479017706,1.1552938196667082,7306.0,1,1,Servo,cmaes,8,CV,0,83654
5,0.3720547996969444,1.1758310788976316,6656.0,1,1,Servo,cmaes,8,CV,0,83655
6,0.3459287465671378,1.1079332873387275,6006.0,1,1,Servo,cmaes,8,CV,0,83656
7,0.36946109831281326,1.3163000204309994,6438.0,1,1,Servo,cmaes,8,CV,0,83657
8,0.3558631779389527,1.140727774853374,7209.0,1,1,Servo,cmaes,8,CV,0,83658
9,0.3370984772529898,1.2445638774603252,5903.0,1,1,Servo,cmaes,8,CV,0,83659
10,0.3397571144784838,1.024427187238993,5812.0,1,1,Servo,cmaes,8,CV,0,83660
11,0.3306406772325632,1.1429450858867372,5890.0,1,1,Servo,cmaes,8,CV,0,83661
12,0.32873468464330535,1.2040582562027584,5937.0,1,1,Servo,cmaes,8,CV,0,83662
13,0.3465517832076777,1.1760364515986945,5915.0,1,1,Servo,cmaes,8,CV,0,83663
14,0.32957809660117726,1.12246649162188,6488.0,1,1,Servo,cmaes,8,CV,0,83664
15,0.3646692284976627,1.09998414335935,6626.0,1,1,Servo,cmaes,8,CV,0,83665
16,0.3632693785021638,1.068500716718739,8249.0,1,1,Servo,cmaes,8,CV,0,83666
17,0.34109360264057687,1.0638722545530537,6592.0,1,1,Servo,cmaes,8,CV,0,83667
18,0.33676870307309476,1.0899505656079798,8182.0,1,1,Servo,cmaes,8,CV,0,83668
19,0.3423070958941985,1.1103135145490346,8062.0,1,1,Servo,cmaes,8,CV,0,83669
20,0.355385976283939,1.0943980417753925,8078.0,1,1,Servo,cmaes,8,CV,0,83670
21,0.34516279967314467,1.1195174930057432,5906.0,1,1,Servo,cmaes,8,CV,0,83671
22,0.3512489574555993,1.0871205656938543,6200.0,1,1,Servo,cmaes,8,CV,0,83672
23,0.35947602112670535,1.2380338178377632,6133.0,1,1,Servo,cmaes,8,CV,0,83673
24,0.34037448832184924,1.0783854244719362,6513.0,1,1,Servo,cmaes,8,CV,0,83674
25,0.3307527869791224,1.2034323794331467,8041.0,1,1,Servo,cmaes,8,CV,0,83675
26,0.34544447770569164,1.1186897563396718,6103.0,1,1,Servo,cmaes,8,CV,0,83676
27,0.36330450413680715,1.165507032094213,6177.0,1,1,Servo,cmaes,8,CV,0,83677
28,0.3457829544945282,1.0722388260980467,6097.0,1,1,Servo,cmaes,8,CV,0,83678
29,0.34436894364453213,1.0299586609172329,5906.0,1,1,Servo,cmaes,8,CV,0,83679
30,0.33613895163808677,1.0750806714110992,7578.0,1,1,Servo,cmaes,8,CV,0,83680
31,0.33078040417627225,1.071358146773904,8162.0,1,1,Servo,cmaes,8,CV,0,83681
32,0.3488614759949328,1.144848521037007,6723.0,1,1,Servo,cmaes,8,CV,0,83682
33,0.36613379259550205,1.2516215743252206,6555.0,1,1,Servo,cmaes,8,CV,0,83683
34,0.33356758590327784,1.1384333475591033,5875.0,1,1,Servo,cmaes,8,CV,0,83684