
0,1.7079740722028784,3.885852572876518,15015.0,1,1,AutoMpg,HS,10,TT,0,132020
1,1.720846078486,3.4162220260238794,15079.0,1,1,AutoMpg,HS,10,TT,0,132021
2,1.6962841885824462,3.3609435346258625,15920.0,1,1,AutoMpg,HS,10,TT,0,132022
3,1.7222616863838331,3.6463068683452953,16027.0,1,1,AutoMpg,HS,10,TT,0,132023
4,1.7200733155208747,3.5463681605112605,16010.0,1,1,AutoMpg,HS,10,TT,0,132024
5,1.7135762725116521,3.497594785255546,11161.0,1,1,AutoMpg,HS,10,TT,0,132025
6,1.7036155573002645,3.5651134563103613,11104.0,1,1,AutoMpg,HS,10,TT,0,132026
7,1.7302620224032603,3.4177917053691225,15516.0,1,1,AutoMpg,HS,10,TT,0,132027
8,1.7225632532791832,3.4863943225892196,11203.0,1,1,AutoMpg,HS,10,TT,0,132028
9,1.71894177259949,3.4410023406868993,15864.0,1,1,AutoMpg,HS,10,TT,0,132029
10,1.7250457797521779,3.5561111550377724,12810.0,1,1,AutoMpg,HS,10,TT,0,132030
11,1.7199585973893623,3.6104232856267577,11703.0,1,1,AutoMpg,HS,10,TT,0,132031
12,1.7181749439384413,4.058265442552853,11656.0,1,1,AutoMpg,HS,10,TT,0,132032
13,1.715926370599671,3.37838771073846,11778.0,1,1,AutoMpg,HS,10,TT,0,132033
14,1.721728596583522,3.473002064535197,11806.0,1,1,AutoMpg,HS,10,TT,0,132034
15,1.6688248036110604,3.4459594656846697,11782.0,1,1,AutoMpg,HS,10,TT,0,132035
16,1.7405379544444806,3.442790714563049,16266.0,1,1,AutoMpg,HS,10,TT,0,107776
17,1.691551814441634,3.5648882570858564,11625.0,1,1,AutoMpg,HS,10,TT,0,132037
18,1.6835120988607286,3.6154472136922005,11609.0,1,1,AutoMpg,HS,10,TT,0,132038
19,1.7041559383842408,3.590870298837748,14636.0,1,1,AutoMpg,HS,10,TT,0,132039
20,1.7403117590540857,3.4982420054081365,14541.0,1,1,AutoMpg,HS,10,TT,0,132040
21,1.7078938337693599,3.409602182541319,11829.0,1,1,AutoMpg,HS,10,TT,0,132041
22,1.7167784197787568,3.4478508428917976,11712.0,1,1,AutoMpg,HS,10,TT,0,132042
23,1.7113664217626432,3.4328776197382713,16016.0,1,1,AutoMpg,HS,10,TT,0,132043
24,1.7146491067808642,3.5271038388040665,11516.0,1,1,AutoMpg,HS,10,TT,0,132044
25,1.7114542394993095,3.4436690244434045,16046.0,1,1,AutoMpg,HS,10,TT,0,132045
26,1.7256965285552612,3.6656143091156124,11641.0,1,1,AutoMpg,HS,10,TT,0,132046
27,1.6955158261597532,3.413857619837219,11927.0,1,1,AutoMpg,HS,10,TT,0,132047
28,1.704301254328089,3.6484215230359984,11850.0,1,1,AutoMpg,HS,10,TT,0,132048
29,1.721403767024816,3.437005737819732,11816.0,1,1,AutoMpg,HS,10,TT,0,132049
30,1.6966773790437113,3.582909135793666,11610.0,1,1,AutoMpg,HS,10,TT,0,132050
31,1.7013240838298276,3.401422726187778,11745.0,1,1,AutoMpg,HS,10,TT,0,132051
32,1.7326876081740956,3.549058306032649,11792.0,1,1,AutoMpg,HS,10,TT,0,132052
33,1.7085446104243145,3.7519878845944046,11811.0,1,1,AutoMpg,HS,10,TT,0,132053
34,1.7250094421719684,3.4374895695925867,11593.0,1,1,AutoMpg,HS,10,TT,0,132054