
0,0.08571428571428574,0.8,9714.0,1,1,Vertebral2C,HS,10,TT,0,130865
1,0.07619047619047614,0.85,9711.0,1,1,Vertebral2C,HS,10,TT,0,131741
2,0.08571428571428574,0.8200000000000001,11515.0,1,1,Vertebral2C,HS,10,TT,0,130867
3,0.080952380952381,0.86,10016.0,1,1,Vertebral2C,HS,10,TT,0,131743
4,0.080952380952381,0.8200000000000001,10070.0,1,1,Vertebral2C,HS,10,TT,0,130869
5,0.08571428571428574,0.79,9188.0,1,1,Vertebral2C,HS,10,TT,0,130870
6,0.07619047619047614,0.81,10390.0,1,1,Vertebral2C,HS,10,TT,0,130871
7,0.080952380952381,0.84,10203.0,1,1,Vertebral2C,HS,10,TT,0,130872
8,0.080952380952381,0.79,11703.0,1,1,Vertebral2C,HS,10,TT,0,130873
9,0.08571428571428574,0.78,9093.0,1,1,Vertebral2C,HS,10,TT,0,130874
10,0.080952380952381,0.8200000000000001,10125.0,1,1,Vertebral2C,HS,10,TT,0,131750
11,0.08571428571428574,0.81,11687.0,1,1,Vertebral2C,HS,10,TT,0,130876
12,0.08571428571428574,0.81,9172.0,1,1,Vertebral2C,HS,10,TT,0,130877
13,0.08095238095238096,0.8,9883.0,1,1,Vertebral2C,HS,10,TT,0,131753
14,0.080952380952381,0.83,9234.0,1,1,Vertebral2C,HS,10,TT,0,131754
15,0.08571428571428574,0.8,8984.0,1,1,Vertebral2C,HS,10,TT,0,130880
16,0.08571428571428574,0.79,8953.0,1,1,Vertebral2C,HS,10,TT,0,130881
17,0.080952380952381,0.8200000000000001,10284.0,1,1,Vertebral2C,HS,10,TT,0,130882
18,0.08571428571428574,0.8,9094.0,1,1,Vertebral2C,HS,10,TT,0,130883
19,0.080952380952381,0.8,12906.0,1,1,Vertebral2C,HS,10,TT,0,130884
20,0.080952380952381,0.8200000000000001,12141.0,1,1,Vertebral2C,HS,10,TT,0,130885
21,0.07619047619047614,0.8,9000.0,1,1,Vertebral2C,HS,10,TT,0,130886
22,0.080952380952381,0.8,9569.0,1,1,Vertebral2C,HS,10,TT,0,131762
23,0.080952380952381,0.8200000000000001,8953.0,1,1,Vertebral2C,HS,10,TT,0,130888
24,0.08571428571428574,0.81,11991.0,1,1,Vertebral2C,HS,10,TT,0,130889
25,0.08571428571428574,0.8,11996.0,1,1,Vertebral2C,HS,10,TT,0,130890
26,0.08571428571428574,0.8200000000000001,11453.0,1,1,Vertebral2C,HS,10,TT,0,130891
27,0.080952380952381,0.8,10157.0,1,1,Vertebral2C,HS,10,TT,0,130892
28,0.08571428571428574,0.8,12406.0,1,1,Vertebral2C,HS,10,TT,0,130893
29,0.08571428571428574,0.84,15539.0,1,1,Vertebral2C,HS,10,TT,0,130894
30,0.080952380952381,0.84,9534.0,1,1,Vertebral2C,HS,10,TT,0,131770
31,0.08571428571428574,0.8200000000000001,9156.0,1,1,Vertebral2C,HS,10,TT,0,130896
32,0.080952380952381,0.81,9791.0,1,1,Vertebral2C,HS,10,TT,0,130897
33,0.08571428571428572,0.8,12173.0,1,1,Vertebral2C,HS,10,TT,0,130898
34,0.08571428571428574,0.81,8984.0,1,1,Vertebral2C,HS,10,TT,0,130899