
0,0.26732673267326734,0.7079207920792079,35485.0,1,1,Hill,HS,10,TT,0,131425
1,0.26485148514851486,0.698019801980198,34588.0,1,1,Hill,HS,10,TT,0,131426
2,0.2524752475247525,0.6683168316831682,29619.0,1,1,Hill,HS,10,TT,0,131427
3,0.25495049504950495,0.6881188118811881,26266.0,1,1,Hill,HS,10,TT,0,131428
4,0.2623762376237624,0.6683168316831682,35498.0,1,1,Hill,HS,10,TT,0,131429
5,0.26732673267326734,0.6683168316831682,26547.0,1,1,Hill,HS,10,TT,0,131430
6,0.2277227722772277,0.7475247524752475,26406.0,1,1,Hill,HS,10,TT,0,131431
7,0.25742574257425743,0.7029702970297029,26094.0,1,1,Hill,HS,10,TT,0,131432
8,0.2623762376237624,0.6881188118811881,26312.0,1,1,Hill,HS,10,TT,0,131433
9,0.2400990099009901,0.693069306930693,28639.0,1,1,Hill,HS,10,TT,0,131434
10,0.25,0.6534653465346535,33983.0,1,1,Hill,HS,10,TT,0,131435
11,0.2698019801980198,0.698019801980198,29477.0,1,1,Hill,HS,10,TT,0,131436
12,0.2054455445544554,0.7277227722772277,26578.0,1,1,Hill,HS,10,TT,0,131437
13,0.2376237623762376,0.698019801980198,26156.0,1,1,Hill,HS,10,TT,0,131438
14,0.2599009900990099,0.6881188118811881,31047.0,1,1,Hill,HS,10,TT,0,131439
15,0.26485148514851486,0.6782178217821782,26218.0,1,1,Hill,HS,10,TT,0,131440
16,0.2698019801980198,0.6831683168316831,31328.0,1,1,Hill,HS,10,TT,0,131441
17,0.2599009900990099,0.6336633663366337,36529.0,1,1,Hill,HS,10,TT,0,131442
18,0.26485148514851486,0.698019801980198,26454.0,1,1,Hill,HS,10,TT,0,131443
19,0.2698019801980198,0.6782178217821782,30503.0,1,1,Hill,HS,10,TT,0,131444
20,0.22524752475247523,0.7079207920792079,36253.0,1,1,Hill,HS,10,TT,0,131445
21,0.25495049504950495,0.7128712871287128,29273.0,1,1,Hill,HS,10,TT,0,131446
22,0.26485148514851486,0.6782178217821782,34063.0,1,1,Hill,HS,10,TT,0,131447
23,0.2623762376237624,0.6831683168316831,33356.0,1,1,Hill,HS,10,TT,0,131448
24,0.23267326732673266,0.698019801980198,33340.0,1,1,Hill,HS,10,TT,0,131449
25,0.26732673267326734,0.7178217821782178,29476.0,1,1,Hill,HS,10,TT,0,131450
26,0.26485148514851486,0.7079207920792079,39390.0,1,1,Hill,HS,10,TT,0,131451
27,0.25742574257425743,0.693069306930693,27047.0,1,1,Hill,HS,10,TT,0,131452
28,0.26485148514851486,0.7029702970297029,26985.0,1,1,Hill,HS,10,TT,0,131453
29,0.26485148514851486,0.698019801980198,26469.0,1,1,Hill,HS,10,TT,0,131454
30,0.24504950495049505,0.698019801980198,31047.0,1,1,Hill,HS,10,TT,0,131455
31,0.2698019801980198,0.693069306930693,28864.0,1,1,Hill,HS,10,TT,0,131456
32,0.26485148514851486,0.6782178217821782,26995.0,1,1,Hill,HS,10,TT,0,131457
33,0.26732673267326734,0.6633663366336633,26791.0,1,1,Hill,HS,10,TT,0,131458
34,0.2623762376237624,0.693069306930693,34594.0,1,1,Hill,HS,10,TT,0,131459