
0,0.708603129688506,0.7542246551158386,17096.0,1,1,Sensory,HS,11,TT,0,133595
1,0.7022728601440597,0.7995276662643693,23140.0,1,1,Sensory,HS,11,TT,0,133596
2,0.7086698563713444,0.8381477133663766,17101.0,1,1,Sensory,HS,11,TT,0,133597
3,0.6968692543235637,0.8063587254796576,17012.0,1,1,Sensory,HS,11,TT,0,133598
4,0.7088209856534805,0.8567706273216903,23891.0,1,1,Sensory,HS,11,TT,0,109054
5,0.7109445553747161,0.7904130586422031,23093.0,1,1,Sensory,HS,11,TT,0,133600
6,0.7048346952975111,0.7788527534087815,17082.0,1,1,Sensory,HS,11,TT,0,133601
7,0.6988367708081317,0.8211981164230734,17097.0,1,1,Sensory,HS,11,TT,0,133602
8,0.7126780886806171,0.8022693025717712,16879.0,1,1,Sensory,HS,11,TT,0,133603
9,0.7032228813633069,0.8212034833019479,16828.0,1,1,Sensory,HS,11,TT,0,133604
10,0.7027152572192473,0.8188528107946896,16860.0,1,1,Sensory,HS,11,TT,0,133605
11,0.6939249405573739,0.8199156649693453,16943.0,1,1,Sensory,HS,11,TT,0,133606
12,0.7054626494653494,0.8410551939814569,16871.0,1,1,Sensory,HS,11,TT,0,133607
13,0.7023135674634254,0.7970813908143911,23159.0,1,1,Sensory,HS,11,TT,0,133608
14,0.7020456752317695,0.8123756778391525,16878.0,1,1,Sensory,HS,11,TT,0,133609
15,0.6931060359192318,0.7491796661381833,16864.0,1,1,Sensory,HS,11,TT,0,133610
16,0.7138891931375596,0.8335420381859434,17013.0,1,1,Sensory,HS,11,TT,0,133611
17,0.704453255739411,0.8081521251608128,22899.0,1,1,Sensory,HS,11,TT,0,133612
18,0.7013112097462172,0.7777045921332908,18867.0,1,1,Sensory,HS,11,TT,0,133613
19,0.7051586708354604,0.8194497986518764,24594.0,1,1,Sensory,HS,11,TT,0,109069
20,0.6985753520849592,0.8379950234176445,22916.0,1,1,Sensory,HS,11,TT,0,133615
21,0.694479822066321,0.8056365032669532,18340.0,1,1,Sensory,HS,11,TT,0,133616
22,0.7029715529013537,0.8049647697895339,19027.0,1,1,Sensory,HS,11,TT,0,133617
23,0.6962498677621652,0.8443157788683597,18325.0,1,1,Sensory,HS,11,TT,0,133618
24,0.6964866726169346,0.7952714395748415,22973.0,1,1,Sensory,HS,11,TT,0,133619
25,0.6971246910034775,0.7773126091243407,23294.0,1,1,Sensory,HS,11,TT,0,133620
26,0.7063927875344165,0.7828268707838096,22920.0,1,1,Sensory,HS,11,TT,0,133621
27,0.6987162470044391,0.7992717489073198,23007.0,1,1,Sensory,HS,11,TT,0,133622
28,0.7045371657036159,0.8208110563037838,23213.0,1,1,Sensory,HS,11,TT,0,133623
29,0.6963516217162465,0.7425212598542175,22794.0,1,1,Sensory,HS,11,TT,0,133624
30,0.6982889593163643,0.7905828132241182,22863.0,1,1,Sensory,HS,11,TT,0,133625
31,0.7009590120648816,0.7803894195960163,22015.0,1,1,Sensory,HS,11,TT,0,133626
32,0.7088761479423618,0.8059648023812674,21687.0,1,1,Sensory,HS,11,TT,0,133627
33,0.708900466484577,0.8365723962831935,16053.0,1,1,Sensory,HS,11,TT,0,133628
34,0.6962818696232806,0.7904596541877894,18454.0,1,1,Sensory,HS,11,TT,0,133629