
0,0.0,0.88,4797.0,1,1,Iris,HS,1,TT,0,117600
1,0.0,0.88,6328.0,1,1,Iris,HS,1,TT,0,117601
2,0.0,0.88,4952.0,1,1,Iris,HS,1,TT,0,117602
3,0.0,0.96,8938.0,1,1,Iris,HS,1,TT,0,117603
4,0.0,0.9,4933.0,1,1,Iris,HS,1,TT,0,117604
5,0.0,0.88,5002.0,1,1,Iris,HS,1,TT,0,117605
6,0.0,0.94,6297.0,1,1,Iris,HS,1,TT,0,117606
7,0.0,0.8200000000000001,5127.0,1,1,Iris,HS,1,TT,0,117607
8,0.0,0.8200000000000001,6918.0,1,1,Iris,HS,1,TT,0,117608
9,0.0,0.94,7066.0,1,1,Iris,HS,1,TT,0,117609
10,0.0,0.92,6281.0,1,1,Iris,HS,1,TT,0,117610
11,0.0,0.88,4766.0,1,1,Iris,HS,1,TT,0,117611
12,0.0,0.86,4796.0,1,1,Iris,HS,1,TT,0,117612
13,0.0,0.92,5194.0,1,1,Iris,HS,1,TT,0,117613
14,0.0,0.86,5344.0,1,1,Iris,HS,1,TT,0,117614
15,0.0,0.96,4781.0,1,1,Iris,HS,1,TT,0,117615
16,0.0,0.88,5984.0,1,1,Iris,HS,1,TT,0,117616
17,0.0,0.9,5005.0,1,1,Iris,HS,1,TT,0,117617
18,0.0,0.94,4765.0,1,1,Iris,HS,1,TT,0,117618
19,0.0,0.9,4924.0,1,1,Iris,HS,1,TT,0,117619
20,0.0,0.9,4986.0,1,1,Iris,HS,1,TT,0,117620
21,0.0,0.9,5375.0,1,1,Iris,HS,1,TT,0,117621
22,0.0,0.92,5468.0,1,1,Iris,HS,1,TT,0,117622
23,0.0,0.94,6297.0,1,1,Iris,HS,1,TT,0,117623
24,0.0,0.94,5019.0,1,1,Iris,HS,1,TT,0,117624
25,0.0,0.92,4988.0,1,1,Iris,HS,1,TT,0,117625
26,0.0,0.8,5040.0,1,1,Iris,HS,1,TT,0,117626
27,0.0,0.96,5040.0,1,1,Iris,HS,1,TT,0,117627
28,0.0,0.9,5046.0,1,1,Iris,HS,1,TT,0,117628
29,0.0,0.86,5969.0,1,1,Iris,HS,1,TT,0,117629
30,0.0,0.94,5425.0,1,1,Iris,HS,1,TT,0,117630
31,0.0,0.9,5204.0,1,1,Iris,HS,1,TT,0,117631
32,0.0,0.96,4797.0,1,1,Iris,HS,1,TT,0,117632
33,0.0,0.86,4844.0,1,1,Iris,HS,1,TT,0,117633
34,0.0,0.86,6266.0,1,1,Iris,HS,1,TT,0,117634