
0,0.5520299474356893,1.301640668924155,8190.0,1,1,BodyFat,HS,2,TT,0,120505
1,0.5962179790562633,1.047522463990058,8189.0,1,1,BodyFat,HS,2,TT,0,120506
2,0.5456079802104435,1.1385535325423322,8267.0,1,1,BodyFat,HS,2,TT,0,120507
3,0.5456575909945829,0.9811323224247643,8260.0,1,1,BodyFat,HS,2,TT,0,120508
4,0.545303533741717,1.3997572404231844,8232.0,1,1,BodyFat,HS,2,TT,0,120509
5,0.5558872670104477,1.1470053397880353,8204.0,1,1,BodyFat,HS,2,TT,0,120510
6,0.540541347299943,1.2855854444097063,8247.0,1,1,BodyFat,HS,2,TT,0,120511
7,0.5305208879672356,1.7207136990085299,8110.0,1,1,BodyFat,HS,2,TT,0,120512
8,0.5637330599834658,0.852187817271114,8229.0,1,1,BodyFat,HS,2,TT,0,120513
9,0.5341445120846021,1.6298557128844298,8221.0,1,1,BodyFat,HS,2,TT,0,120514
10,0.5755232821888755,1.454766648722071,8261.0,1,1,BodyFat,HS,2,TT,0,120515
11,0.5763705201503665,1.8071481214422103,8224.0,1,1,BodyFat,HS,2,TT,0,120516
12,0.5720540818423457,1.2319480232716729,8226.0,1,1,BodyFat,HS,2,TT,0,120517
13,0.545998214940277,1.6463507323697333,11610.0,1,1,BodyFat,HS,2,TT,0,98383
14,0.5318286642070922,1.1446591111950168,8325.0,1,1,BodyFat,HS,2,TT,0,120519
15,0.5593825840396064,1.005601935885974,8357.0,1,1,BodyFat,HS,2,TT,0,120520
16,0.5581305164327116,1.443807838354281,8328.0,1,1,BodyFat,HS,2,TT,0,120521
17,0.5931490235308307,1.1778428414861053,8239.0,1,1,BodyFat,HS,2,TT,0,120522
18,0.5526714590343772,1.6973135984916454,8286.0,1,1,BodyFat,HS,2,TT,0,120523
19,0.578634211139266,0.9892093952740832,9151.0,1,1,BodyFat,HS,2,TT,0,120524
20,0.5405640309996728,1.0331215329665546,8310.0,1,1,BodyFat,HS,2,TT,0,120525
21,0.5502347725339601,1.5201160469848445,9254.0,1,1,BodyFat,HS,2,TT,0,120526
22,0.5695605787900895,1.5939467705802295,10167.0,1,1,BodyFat,HS,2,TT,0,120527
23,0.4757402992396929,1.6980981600208334,10304.0,1,1,BodyFat,HS,2,TT,0,120528
24,0.5555940224353544,1.7259837516370953,10146.0,1,1,BodyFat,HS,2,TT,0,120529
25,0.5263606048401259,1.246538325511325,10593.0,1,1,BodyFat,HS,2,TT,0,120530
26,0.5206281538265292,1.7866014129447814,10735.0,1,1,BodyFat,HS,2,TT,0,120531
27,0.5828345020905968,1.0303648610563843,10828.0,1,1,BodyFat,HS,2,TT,0,120532
28,0.6174285526634197,0.980129539178889,10010.0,1,1,BodyFat,HS,2,TT,0,120533
29,0.5472218766639592,1.5363191370677058,7771.0,1,1,BodyFat,HS,2,TT,0,120534
30,0.5837187055369567,1.154267679408072,7810.0,1,1,BodyFat,HS,2,TT,0,120535
31,0.5569708822249916,2.471797526799486,10531.0,1,1,BodyFat,HS,2,TT,0,120536
32,0.5558161433641676,1.4144397719681074,11292.0,1,1,BodyFat,HS,2,TT,0,120537
33,0.5253061597056758,1.197774433892638,11030.0,1,1,BodyFat,HS,2,TT,0,120538
34,0.5094259003226282,1.3028346102919324,7726.0,1,1,BodyFat,HS,2,TT,0,120539