
0,0.6952721657546822,0.8375118735341105,16987.0,1,1,Sensory,HS,4,TT,0,123305
1,0.6931685756201073,0.771848914429539,16922.0,1,1,Sensory,HS,4,TT,0,123306
2,0.6984141321057674,0.7966143500359192,16074.0,1,1,Sensory,HS,4,TT,0,123307
3,0.7070781522390461,0.8453324705684798,16803.0,1,1,Sensory,HS,4,TT,0,123308
4,0.6927131889907624,0.82030483053671,17149.0,1,1,Sensory,HS,4,TT,0,123309
5,0.7055836612182926,0.7671993595868145,16957.0,1,1,Sensory,HS,4,TT,0,123310
6,0.6946872080423926,0.7853703996479097,16929.0,1,1,Sensory,HS,4,TT,0,123311
7,0.7014919153159292,0.8032419485910941,16868.0,1,1,Sensory,HS,4,TT,0,123312
8,0.707493677786666,0.7899330253321322,16903.0,1,1,Sensory,HS,4,TT,0,123313
9,0.7098505875159656,0.7751758981329939,16880.0,1,1,Sensory,HS,4,TT,0,123314
10,0.7076315067332389,0.8298729667399521,16917.0,1,1,Sensory,HS,4,TT,0,123315
11,0.7023733890583178,0.7877359799647706,17008.0,1,1,Sensory,HS,4,TT,0,123316
12,0.6857619327286911,0.8161248306040013,17041.0,1,1,Sensory,HS,4,TT,0,123317
13,0.70342808363167,0.8090012524770863,17060.0,1,1,Sensory,HS,4,TT,0,123318
14,0.7098980006576346,0.7884925872348415,16977.0,1,1,Sensory,HS,4,TT,0,123319
15,0.7127066233255993,0.7680518777168716,17043.0,1,1,Sensory,HS,4,TT,0,123320
16,0.7012315119968447,0.7785592353581882,18636.0,1,1,Sensory,HS,4,TT,0,123321
17,0.7069977866440941,0.797891635902255,22871.0,1,1,Sensory,HS,4,TT,0,123322
18,0.7076473495730464,0.8119009927589725,17010.0,1,1,Sensory,HS,4,TT,0,123323
19,0.6978555413638925,0.8035986866707552,18812.0,1,1,Sensory,HS,4,TT,0,123324
20,0.6984206340145152,0.8140063956772157,20908.0,1,1,Sensory,HS,4,TT,0,123325
21,0.7067972543745047,0.7971844235168015,22172.0,1,1,Sensory,HS,4,TT,0,123326
22,0.6957606241278526,0.7950392342862904,20838.0,1,1,Sensory,HS,4,TT,0,123327
23,0.7009618260999136,0.8573916948246826,22515.0,1,1,Sensory,HS,4,TT,0,123328
24,0.7073364417204762,0.8171374735588417,23137.0,1,1,Sensory,HS,4,TT,0,123329
25,0.6992269171968747,0.85332573872813,21455.0,1,1,Sensory,HS,4,TT,0,123330
26,0.7017796273302654,0.7858322704982774,20964.0,1,1,Sensory,HS,4,TT,0,123331
27,0.7097036108589627,0.7948681014080559,21496.0,1,1,Sensory,HS,4,TT,0,123332
28,0.7029165826526136,0.8253359980604961,24312.0,1,1,Sensory,HS,4,TT,0,100678
29,0.7007083765921643,0.8405652743014889,23460.0,1,1,Sensory,HS,4,TT,0,123334
30,0.7104520521497644,0.8176599155089711,20990.0,1,1,Sensory,HS,4,TT,0,123335
31,0.6935480998845872,0.8516014758357054,23355.0,1,1,Sensory,HS,4,TT,0,123336
32,0.7099296995613874,0.7621362945701314,23496.0,1,1,Sensory,HS,4,TT,0,123337
33,0.7065583485168463,0.7753060000563794,18420.0,1,1,Sensory,HS,4,TT,0,123338
34,0.7008472616302479,0.78931848095579,22266.0,1,1,Sensory,HS,4,TT,0,123339