
0,0.17199999999999993,0.7862903225806451,21940.0,1,1,Blood,HS,6,TT,0,125090
1,0.17000000000000004,0.782258064516129,21671.0,1,1,Blood,HS,6,TT,0,125091
2,0.17199999999999993,0.7782258064516129,22031.0,1,1,Blood,HS,6,TT,0,125092
3,0.17,0.782258064516129,21172.0,1,1,Blood,HS,6,TT,0,125093
4,0.17,0.7741935483870968,22424.0,1,1,Blood,HS,6,TT,0,125094
5,0.17199999999999993,0.8064516129032258,27344.0,1,1,Blood,HS,6,TT,0,125095
6,0.17199999999999993,0.7701612903225806,26891.0,1,1,Blood,HS,6,TT,0,125096
7,0.17199999999999993,0.7943548387096774,26719.0,1,1,Blood,HS,6,TT,0,125097
8,0.172,0.7862903225806451,22124.0,1,1,Blood,HS,6,TT,0,125098
9,0.17000000000000004,0.7741935483870968,26750.0,1,1,Blood,HS,6,TT,0,125099
10,0.17199999999999993,0.7782258064516129,26460.0,1,1,Blood,HS,6,TT,0,125100
11,0.17,0.7862903225806451,21763.0,1,1,Blood,HS,6,TT,0,125101
12,0.17199999999999993,0.7741935483870968,21565.0,1,1,Blood,HS,6,TT,0,125102
13,0.17000000000000004,0.7862903225806451,21813.0,1,1,Blood,HS,6,TT,0,125103
14,0.17000000000000004,0.7903225806451613,22000.0,1,1,Blood,HS,6,TT,0,125104
15,0.17000000000000004,0.782258064516129,19391.0,1,1,Blood,HS,6,TT,0,125105
16,0.17199999999999993,0.782258064516129,20265.0,1,1,Blood,HS,6,TT,0,125106
17,0.17199999999999993,0.7782258064516129,20684.0,1,1,Blood,HS,6,TT,0,125107
18,0.172,0.782258064516129,23312.0,1,1,Blood,HS,6,TT,0,125108
19,0.17199999999999993,0.7782258064516129,26625.0,1,1,Blood,HS,6,TT,0,125109
20,0.17000000000000004,0.7903225806451613,27297.0,1,1,Blood,HS,6,TT,0,125110
21,0.17199999999999993,0.7741935483870968,26922.0,1,1,Blood,HS,6,TT,0,125111
22,0.17000000000000004,0.7620967741935484,26828.0,1,1,Blood,HS,6,TT,0,125112
23,0.17000000000000004,0.7782258064516129,26390.0,1,1,Blood,HS,6,TT,0,125113
24,0.17199999999999993,0.7661290322580645,19547.0,1,1,Blood,HS,6,TT,0,125114
25,0.17199999999999993,0.7782258064516129,20000.0,1,1,Blood,HS,6,TT,0,125115
26,0.17,0.7701612903225806,39371.0,1,1,Blood,HS,6,TT,0,125116
27,0.16800000000000004,0.7782258064516129,19563.0,1,1,Blood,HS,6,TT,0,125117
28,0.172,0.7862903225806451,26843.0,1,1,Blood,HS,6,TT,0,125118
29,0.17199999999999993,0.782258064516129,22007.0,1,1,Blood,HS,6,TT,0,125119
30,0.172,0.7701612903225806,26359.0,1,1,Blood,HS,6,TT,0,125120
31,0.17199999999999993,0.7701612903225806,20453.0,1,1,Blood,HS,6,TT,0,125121
32,0.17000000000000004,0.7620967741935484,23430.0,1,1,Blood,HS,6,TT,0,125122
33,0.17000000000000004,0.782258064516129,20187.0,1,1,Blood,HS,6,TT,0,125123
34,0.17000000000000004,0.7943548387096774,20344.0,1,1,Blood,HS,6,TT,0,125124