
0,0.7140458606243317,0.8214847074939482,17090.0,1,1,Sensory,HS,6,TT,0,126245
1,0.7115416229885285,0.8305772141785399,16119.0,1,1,Sensory,HS,6,TT,0,126246
2,0.7061606029521057,0.7922116218014538,23593.0,1,1,Sensory,HS,6,TT,0,103052
3,0.7015029614832202,0.8166325313590964,17041.0,1,1,Sensory,HS,6,TT,0,126248
4,0.7043567866945352,0.7532072613847725,16938.0,1,1,Sensory,HS,6,TT,0,126249
5,0.7092479073637188,0.7925896853486976,16797.0,1,1,Sensory,HS,6,TT,0,126250
6,0.709268385671858,0.8094476272100692,16965.0,1,1,Sensory,HS,6,TT,0,126251
7,0.7144376965181823,0.7603270644253108,16797.0,1,1,Sensory,HS,6,TT,0,126252
8,0.7052318691700927,0.8488003203693596,23953.0,1,1,Sensory,HS,6,TT,0,103058
9,0.7104077886554181,0.7726147270108767,17086.0,1,1,Sensory,HS,6,TT,0,126254
10,0.7172559929986485,0.8445779342830334,17068.0,1,1,Sensory,HS,6,TT,0,126255
11,0.7024363966493673,0.7867393339183688,17104.0,1,1,Sensory,HS,6,TT,0,126256
12,0.7047953657108512,0.7900606927669674,16947.0,1,1,Sensory,HS,6,TT,0,126257
13,0.7108687606704923,0.8137873227130927,16781.0,1,1,Sensory,HS,6,TT,0,126258
14,0.7087620806649779,0.7911563181518951,16990.0,1,1,Sensory,HS,6,TT,0,126259
15,0.7100058361526579,0.8058175281126188,16966.0,1,1,Sensory,HS,6,TT,0,126260
16,0.7069422994368569,0.7933777997058211,16966.0,1,1,Sensory,HS,6,TT,0,126261
17,0.711151830928835,0.788927172272313,16100.0,1,1,Sensory,HS,6,TT,0,126262
18,0.7020852329569679,0.8014453940015964,17042.0,1,1,Sensory,HS,6,TT,0,126263
19,0.7063778507552168,0.7981877298254872,17156.0,1,1,Sensory,HS,6,TT,0,126264
20,0.7051159080341735,0.8042300959738405,16981.0,1,1,Sensory,HS,6,TT,0,126265
21,0.707854902747293,0.7898596905786711,17147.0,1,1,Sensory,HS,6,TT,0,126266
22,0.7107927626010169,0.8095569518566673,16812.0,1,1,Sensory,HS,6,TT,0,126267
23,0.7112153771373662,0.7857691961350598,18589.0,1,1,Sensory,HS,6,TT,0,126268
24,0.7004428183941335,0.837966227677778,20860.0,1,1,Sensory,HS,6,TT,0,126269
25,0.7060252360176883,0.7782875474150351,18991.0,1,1,Sensory,HS,6,TT,0,126270
26,0.7078301181916041,0.8238630780506649,20985.0,1,1,Sensory,HS,6,TT,0,126271
27,0.7125579339436077,0.7817063842022745,22422.0,1,1,Sensory,HS,6,TT,0,126272
28,0.7049669332507086,0.784102533939795,18847.0,1,1,Sensory,HS,6,TT,0,126273
29,0.705133701973048,0.812059932382981,23225.0,1,1,Sensory,HS,6,TT,0,126274
30,0.7061751568132628,0.7663285509190307,21527.0,1,1,Sensory,HS,6,TT,0,126275
31,0.707138144614068,0.84246844158412,22469.0,1,1,Sensory,HS,6,TT,0,126276
32,0.712162343382478,0.7763327248253203,21012.0,1,1,Sensory,HS,6,TT,0,126277
33,0.711434109042922,0.8194148514917207,22994.0,1,1,Sensory,HS,6,TT,0,126278
34,0.7101365626022464,0.8067299071628568,22422.0,1,1,Sensory,HS,6,TT,0,126279