
0,0.710992859257927,0.7931231650207269,17071.0,1,1,Sensory,HS,7,TT,0,127715
1,0.7115439609368581,0.7586995448835678,16191.0,1,1,Sensory,HS,7,TT,0,127716
2,0.6952251690716723,0.7815257134541349,16906.0,1,1,Sensory,HS,7,TT,0,127717
3,0.7107174909133888,0.7988409869634276,17007.0,1,1,Sensory,HS,7,TT,0,127718
4,0.6999668358881672,0.8067635796697569,16844.0,1,1,Sensory,HS,7,TT,0,127719
5,0.7080385127320205,0.8013433043095239,16828.0,1,1,Sensory,HS,7,TT,0,127720
6,0.7122401573297222,0.8382991612854558,16920.0,1,1,Sensory,HS,7,TT,0,127721
7,0.7086806527124233,0.8105718550202166,24110.0,1,1,Sensory,HS,7,TT,0,104257
8,0.7033625329716198,0.7676332420609351,17052.0,1,1,Sensory,HS,7,TT,0,127723
9,0.7051594843930978,0.7939195244063654,23953.0,1,1,Sensory,HS,7,TT,0,104259
10,0.7021479468522639,0.8028707314377542,21080.0,1,1,Sensory,HS,7,TT,0,127725
11,0.7015258138867325,0.8115608745865511,17031.0,1,1,Sensory,HS,7,TT,0,127726
12,0.7097206338393147,0.7559832426868842,17061.0,1,1,Sensory,HS,7,TT,0,127727
13,0.6999636531697856,0.778029370637131,17282.0,1,1,Sensory,HS,7,TT,0,127728
14,0.7055924847856408,0.8269722365325258,17257.0,1,1,Sensory,HS,7,TT,0,127729
15,0.7077044462873818,0.8306367399471802,18439.0,1,1,Sensory,HS,7,TT,0,127730
16,0.7001014173540446,0.7894443130791781,18457.0,1,1,Sensory,HS,7,TT,0,127731
17,0.6948223102852595,0.7709430210902695,18529.0,1,1,Sensory,HS,7,TT,0,127732
18,0.7033748453786287,0.7822812048369422,21007.0,1,1,Sensory,HS,7,TT,0,127733
19,0.706020720778787,0.7927647244967586,22406.0,1,1,Sensory,HS,7,TT,0,127734
20,0.7092355774813923,0.8109135897652162,23120.0,1,1,Sensory,HS,7,TT,0,127735
21,0.6952918336345218,0.7549893213694832,23218.0,1,1,Sensory,HS,7,TT,0,127736
22,0.7114036453032945,0.8028262294060691,22999.0,1,1,Sensory,HS,7,TT,0,127737
23,0.7011501656339418,0.8475794216556929,20858.0,1,1,Sensory,HS,7,TT,0,127738
24,0.7114323118745194,0.860715650448218,23253.0,1,1,Sensory,HS,7,TT,0,127739
25,0.7100292394343808,0.7966735705091007,21626.0,1,1,Sensory,HS,7,TT,0,127740
26,0.7140096128175085,0.8141682896200632,21619.0,1,1,Sensory,HS,7,TT,0,127741
27,0.6979452521126046,0.7885558420732608,21643.0,1,1,Sensory,HS,7,TT,0,127742
28,0.7019218261753967,0.7782920207576923,22563.0,1,1,Sensory,HS,7,TT,0,127743
29,0.7055962667156315,0.8833272524348359,21054.0,1,1,Sensory,HS,7,TT,0,127744
30,0.7086898508191247,0.788093913462752,22882.0,1,1,Sensory,HS,7,TT,0,127745
31,0.7142176017644851,0.8566811357288246,22769.0,1,1,Sensory,HS,7,TT,0,127746
32,0.7008009716953109,0.78491377801669,22500.0,1,1,Sensory,HS,7,TT,0,127747
33,0.698540756217544,0.7982937449969485,22594.0,1,1,Sensory,HS,7,TT,0,127748
34,0.7019732999890319,0.809769390876934,22972.0,1,1,Sensory,HS,7,TT,0,127749