
0,1.1723781929314514,46.03687278499144,6695.0,1,1,Cpu,HS,8,TT,0,129150
1,1.3356577685676052,81.68334865704644,6708.0,1,1,Cpu,HS,8,TT,0,129151
2,1.3349960061377808,39.92829073926264,8991.0,1,1,Cpu,HS,8,TT,0,129152
3,1.2599559506665936,12.275217184504925,9006.0,1,1,Cpu,HS,8,TT,0,129153
4,1.2972555280780658,48.17101063176357,8284.0,1,1,Cpu,HS,8,TT,0,129154
5,1.2504953428305157,49.26560611703152,7278.0,1,1,Cpu,HS,8,TT,0,129155
6,1.3340541138213131,15.7329556379747,8084.0,1,1,Cpu,HS,8,TT,0,129156
7,1.295367354829521,58.8298197669206,7447.0,1,1,Cpu,HS,8,TT,0,129157
8,1.3254937256818646,85.23972294465509,7438.0,1,1,Cpu,HS,8,TT,0,129158
9,1.2320232074326525,25.98483919060659,8688.0,1,1,Cpu,HS,8,TT,0,129159
10,1.2496172799735135,83.17031387221542,8912.0,1,1,Cpu,HS,8,TT,0,129160
11,1.3936452978284792,24.368399027098484,8264.0,1,1,Cpu,HS,8,TT,0,129161
12,1.1561205739637213,14.817858370368379,9703.0,1,1,Cpu,HS,8,TT,0,105432
13,1.3140606975064926,124.74266292211264,8381.0,1,1,Cpu,HS,8,TT,0,129163
14,1.2406072167058726,24.43533398556002,8333.0,1,1,Cpu,HS,8,TT,0,129164
15,1.3230709350295882,88.07319008535147,7217.0,1,1,Cpu,HS,8,TT,0,129165
16,1.283407654199604,25.305064067035854,9438.0,1,1,Cpu,HS,8,TT,0,105436
17,1.2598396682884965,69.18968762365158,7209.0,1,1,Cpu,HS,8,TT,0,129167
18,1.2764695514967896,88.62332336834619,8735.0,1,1,Cpu,HS,8,TT,0,129168
19,1.2672957098851687,75.42443001363783,8797.0,1,1,Cpu,HS,8,TT,0,129169
20,1.30578103226016,85.09829624654168,7244.0,1,1,Cpu,HS,8,TT,0,129170
21,1.3018284568003025,18.205141636621416,6279.0,1,1,Cpu,HS,8,TT,0,129171
22,1.359101869586807,39.81750162837538,9189.0,1,1,Cpu,HS,8,TT,0,129172
23,1.2749553540331187,30.040762907447345,6260.0,1,1,Cpu,HS,8,TT,0,129173
24,1.324975429951226,73.92228294422458,8844.0,1,1,Cpu,HS,8,TT,0,105444
25,1.1980029665570229,11.051346528541863,6579.0,1,1,Cpu,HS,8,TT,0,129175
26,1.2974777753412505,142.53992312844477,6610.0,1,1,Cpu,HS,8,TT,0,129176
27,1.263556362497309,46.5263752187234,6578.0,1,1,Cpu,HS,8,TT,0,129177
28,1.2614618575875534,11.105319192328233,6640.0,1,1,Cpu,HS,8,TT,0,129178
29,1.2701784681639054,15.6195199850569,6578.0,1,1,Cpu,HS,8,TT,0,129179
30,1.316641680417774,41.914719731424675,6500.0,1,1,Cpu,HS,8,TT,0,129180
31,1.313642127109531,47.4088351605656,6674.0,1,1,Cpu,HS,8,TT,0,129181
32,1.2324581311785332,35.450166565842764,6610.0,1,1,Cpu,HS,8,TT,0,129182
33,1.3433473107636342,21.13604698308544,6671.0,1,1,Cpu,HS,8,TT,0,129183
34,1.3059782669893258,13.525198982466959,6547.0,1,1,Cpu,HS,8,TT,0,129184