
0,0.8565001198093378,0.9381645004103508,7610.0,1,1,BodyFat,NGHS,0,CV,1,291025
1,0.979574968367484,1.492724439455988,8559.0,1,1,BodyFat,NGHS,0,CV,1,291026
2,0.8953425908644439,1.6539890670427735,8595.0,1,1,BodyFat,NGHS,0,CV,1,291027
3,0.8764674359759663,1.5174144582834406,9410.0,1,1,BodyFat,NGHS,0,CV,1,291028
4,0.9264787719141803,1.7300183654614485,10131.0,1,1,BodyFat,NGHS,0,CV,1,291029
5,0.8805877114916469,1.2498262571531142,9703.0,1,1,BodyFat,NGHS,0,CV,1,291030
6,0.9866698167614331,1.0360594805481171,10472.0,1,1,BodyFat,NGHS,0,CV,1,291031
7,1.117745404582687,2.5096904922662358,7823.0,1,1,BodyFat,NGHS,0,CV,1,239977
8,0.85790775061213,2.2036489469162084,7770.0,1,1,BodyFat,NGHS,0,CV,1,239978
9,0.9014699407438057,1.3782290844348044,10536.0,1,1,BodyFat,NGHS,0,CV,1,291034
10,1.044085315826152,1.3153923965872705,10484.0,1,1,BodyFat,NGHS,0,CV,1,291035
11,0.9336468009024665,1.3743906346270658,9766.0,1,1,BodyFat,NGHS,0,CV,1,291036
12,0.633366531059887,1.2966365998619995,10222.0,1,1,BodyFat,NGHS,0,CV,1,291037
13,0.9489641903677258,1.1663537119802416,9508.0,1,1,BodyFat,NGHS,0,CV,1,291038
14,0.8874201535859294,2.3773793921305684,7734.0,1,1,BodyFat,NGHS,0,CV,1,291039
15,1.0995258066511235,2.0858052623688956,10224.0,1,1,BodyFat,NGHS,0,CV,1,291040
16,0.8285253184026373,1.1889342852397102,9520.0,1,1,BodyFat,NGHS,0,CV,1,291041
17,0.9697658287180179,1.2933210506689046,8148.0,1,1,BodyFat,NGHS,0,CV,1,239987
18,0.9247064663353356,1.2147782970039844,8507.0,1,1,BodyFat,NGHS,0,CV,1,291043
19,0.9682607350449153,1.0484236957069528,8560.0,1,1,BodyFat,NGHS,0,CV,1,291044
20,0.8327552636230072,1.1483902843493616,7688.0,1,1,BodyFat,NGHS,0,CV,1,291045
21,0.8971373556138211,1.140048434717986,10146.0,1,1,BodyFat,NGHS,0,CV,1,291046
22,1.0722569817108223,1.9445837419516105,9559.0,1,1,BodyFat,NGHS,0,CV,1,291047
23,0.9015259555311106,1.087384862667253,7913.0,1,1,BodyFat,NGHS,0,CV,1,291048
24,0.8799136069138912,1.3373952816488717,9765.0,1,1,BodyFat,NGHS,0,CV,1,291049
25,0.8141693927470147,0.9895419453400587,9781.0,1,1,BodyFat,NGHS,0,CV,1,291050
26,0.9754796873993211,1.6267818695057443,10185.0,1,1,BodyFat,NGHS,0,CV,1,291051
27,0.9366493223964328,1.7580975736594824,7793.0,1,1,BodyFat,NGHS,0,CV,1,291052
28,0.8483483364451387,1.260548836259974,7860.0,1,1,BodyFat,NGHS,0,CV,1,291053
29,1.1263468611340721,2.188342225057616,7766.0,1,1,BodyFat,NGHS,0,CV,1,291054
30,0.9082821309061172,0.8857281807920834,8299.0,1,1,BodyFat,NGHS,0,CV,1,291055
31,0.8829264334847238,1.0620050450953922,10293.0,1,1,BodyFat,NGHS,0,CV,1,291056
32,0.783260299212732,0.8993582701969105,7917.0,1,1,BodyFat,NGHS,0,CV,1,291057
33,0.9094781069259403,3.060067855943187,7825.0,1,1,BodyFat,NGHS,0,CV,1,291058
34,0.9101671945209354,1.1478525407648026,7687.0,1,1,BodyFat,NGHS,0,CV,1,291059