
0,6.905916971839389,56.650903266348614,7968.0,1,1,Cpu,NGHS,0,CV,1,290850
1,7.73967512764835,30.997724157367568,6941.0,1,1,Cpu,NGHS,0,CV,1,290851
2,7.448292938315978,38.96540770529269,7903.0,1,1,Cpu,NGHS,0,CV,1,290852
3,6.659871043819749,54.507087549405355,8615.0,1,1,Cpu,NGHS,0,CV,1,290853
4,7.159141958353262,28.725513950847606,6925.0,1,1,Cpu,NGHS,0,CV,1,290854
5,6.307222550645326,28.95905219915778,8657.0,1,1,Cpu,NGHS,0,CV,1,290855
6,7.621671403817916,110.96996880713104,6391.0,1,1,Cpu,NGHS,0,CV,1,290856
7,6.248405462918565,4.016804696543051,6798.0,1,1,Cpu,NGHS,0,CV,1,239827
8,5.999952738597975,31.29801673318838,6466.0,1,1,Cpu,NGHS,0,CV,1,290858
9,8.232871654236892,64.02505890498458,8660.0,1,1,Cpu,NGHS,0,CV,1,290859
10,4.665439603654214,9.53663879727986,7114.0,1,1,Cpu,NGHS,0,CV,1,290860
11,7.8408208259479135,73.70054821444366,7803.0,1,1,Cpu,NGHS,0,CV,1,290861
12,8.328655685522481,61.8435684712783,8658.0,1,1,Cpu,NGHS,0,CV,1,290862
13,6.256380944647296,35.29733220241237,8594.0,1,1,Cpu,NGHS,0,CV,1,290863
14,7.265541499153748,15.403853623009535,6313.0,1,1,Cpu,NGHS,0,CV,1,290864
15,6.0100234621389825,76.34005679589663,8455.0,1,1,Cpu,NGHS,0,CV,1,290865
16,11.032364425464651,20.61575451182589,8078.0,1,1,Cpu,NGHS,0,CV,1,290866
17,9.301969846605335,10.538063343644522,6265.0,1,1,Cpu,NGHS,0,CV,1,239837
18,7.096236181390575,22.54433868072991,7003.0,1,1,Cpu,NGHS,0,CV,1,290868
19,7.367568801042862,5.94408868242629,8188.0,1,1,Cpu,NGHS,0,CV,1,290869
20,7.234736833679975,58.29032779961742,7876.0,1,1,Cpu,NGHS,0,CV,1,290870
21,7.878366895042052,53.33925362477339,6883.0,1,1,Cpu,NGHS,0,CV,1,290871
22,9.197437828292175,26.362087087906232,6453.0,1,1,Cpu,NGHS,0,CV,1,290872
23,5.6059603327615735,56.301532716706966,6427.0,1,1,Cpu,NGHS,0,CV,1,290873
24,6.0167587442305095,25.97628671087575,8411.0,1,1,Cpu,NGHS,0,CV,1,290874
25,6.093871592267677,35.40402962645121,7106.0,1,1,Cpu,NGHS,0,CV,1,290875
26,8.109985256432582,32.58408704502044,6375.0,1,1,Cpu,NGHS,0,CV,1,290876
27,7.839293291440401,20.602523697595505,7937.0,1,1,Cpu,NGHS,0,CV,1,290877
28,5.7015834077915,19.18619027266722,7747.0,1,1,Cpu,NGHS,0,CV,1,290878
29,6.387477376758223,37.72686295770597,6525.0,1,1,Cpu,NGHS,0,CV,1,239849
30,7.2672027845549865,15.874789401566563,8674.0,1,1,Cpu,NGHS,0,CV,1,290880
31,8.287209314946235,37.67727924308669,8621.0,1,1,Cpu,NGHS,0,CV,1,290881
32,6.649328059868779,53.179970730630394,6995.0,1,1,Cpu,NGHS,0,CV,1,290882
34,5.207566157312078,18.512806918688547,8563.0,1,1,Cpu,NGHS,0,CV,1,290884
33,7.446687082909949,55.11905442478351,8781.0,1,1,Cpu,NGHS,0,CV,1,247514