
0,160.89013426812912,218.96994938900443,4524.0,1,1,Veteran,NGHS,0,CV,1,290955
1,199.67818245439452,235.14285344279648,4531.0,1,1,Veteran,NGHS,0,CV,1,290956
2,220.45926320191697,237.53267383648668,4561.0,1,1,Veteran,NGHS,0,CV,1,290957
3,177.04564252169402,227.06694782007278,4591.0,1,1,Veteran,NGHS,0,CV,1,239913
4,153.07550425850775,227.13373763243916,6065.0,1,1,Veteran,NGHS,0,CV,1,290959
5,210.49195378562166,330.2998518069857,4422.0,1,1,Veteran,NGHS,0,CV,1,290960
6,201.84988307980396,495.1321107186737,6125.0,1,1,Veteran,NGHS,0,CV,1,290961
7,167.7158384276558,214.9752274987126,6056.0,1,1,Veteran,NGHS,0,CV,1,290962
8,171.4861777440097,207.09338234288407,4824.0,1,1,Veteran,NGHS,0,CV,1,290963
9,176.9949770255257,190.91641782016387,4593.0,1,1,Veteran,NGHS,0,CV,1,290964
10,190.73606471780863,286.55322780382096,5994.0,1,1,Veteran,NGHS,0,CV,1,290965
11,164.38756251327055,296.1145200365112,4538.0,1,1,Veteran,NGHS,0,CV,1,290966
12,157.0152877179076,164.31110393780435,4468.0,1,1,Veteran,NGHS,0,CV,1,290967
13,157.62258373855715,211.28156575041453,4588.0,1,1,Veteran,NGHS,0,CV,1,290968
14,189.80099031667027,407.5799551144604,5020.0,1,1,Veteran,NGHS,0,CV,1,290969
15,163.1340387368882,418.12285159723547,4566.0,1,1,Veteran,NGHS,0,CV,1,290970
16,187.63097118185993,165.91966052964239,4422.0,1,1,Veteran,NGHS,0,CV,1,290971
17,194.87413000511296,192.98802932319163,4594.0,1,1,Veteran,NGHS,0,CV,1,290972
18,212.09237915983985,228.2928391604174,6022.0,1,1,Veteran,NGHS,0,CV,1,290973
19,190.1610641120812,188.49357964701602,4565.0,1,1,Veteran,NGHS,0,CV,1,290974
20,199.09089130534986,146.84041515990336,4801.0,1,1,Veteran,NGHS,0,CV,1,239930
21,200.3206377367432,541.5649987917398,4935.0,1,1,Veteran,NGHS,0,CV,1,290976
22,191.98589640132454,233.36681936949174,5516.0,1,1,Veteran,NGHS,0,CV,1,290977
23,176.26560286728198,269.54850107951637,4522.0,1,1,Veteran,NGHS,0,CV,1,239933
24,174.51448380774974,243.10866196229725,4605.0,1,1,Veteran,NGHS,0,CV,1,290979
25,198.47478332352415,303.20210109531797,4913.0,1,1,Veteran,NGHS,0,CV,1,290980
26,224.70066079730887,195.33611800377838,4539.0,1,1,Veteran,NGHS,0,CV,1,290981
27,175.39953818876646,290.5893276319403,4487.0,1,1,Veteran,NGHS,0,CV,1,239937
28,164.68921368278836,372.3534800726396,4571.0,1,1,Veteran,NGHS,0,CV,1,290983
29,209.41714099030372,179.20001669706264,5958.0,1,1,Veteran,NGHS,0,CV,1,290984
30,199.59891635102773,159.32743564052083,4536.0,1,1,Veteran,NGHS,0,CV,1,290985
31,193.3617951135812,247.24219821372245,5040.0,1,1,Veteran,NGHS,0,CV,1,290986
32,173.5368798254434,296.38748661886984,5891.0,1,1,Veteran,NGHS,0,CV,1,290987
33,196.48780845290887,174.42417324079963,4532.0,1,1,Veteran,NGHS,0,CV,1,290988
34,179.37874161220165,202.07921751864154,5478.0,1,1,Veteran,NGHS,0,CV,1,290989