
0,0.6791904436426218,0.6954419524342936,5452.0,1,1,Servo,NGHS,1,CV,1,292390
1,0.695801495635054,0.41186933767630945,6725.0,1,1,Servo,NGHS,1,CV,1,292391
2,0.6745584730783124,0.9107578390340423,5655.0,1,1,Servo,NGHS,1,CV,1,292392
3,0.670755713014936,0.28229606588258965,5558.0,1,1,Servo,NGHS,1,CV,1,292393
4,0.3409335964673974,1.1539975685943513,5277.0,1,1,Servo,NGHS,1,CV,1,241084
5,0.6869972697248544,0.7138082856502049,6583.0,1,1,Servo,NGHS,1,CV,1,292395
6,0.6080256292224077,0.7953750201573779,5921.0,1,1,Servo,NGHS,1,CV,1,292396
7,0.36130970560985626,1.1153839217817363,5569.0,1,1,Servo,NGHS,1,CV,1,292397
8,0.6388640903750661,0.6240578390578257,6756.0,1,1,Servo,NGHS,1,CV,1,292398
9,0.3355281770990033,1.165734099824016,6985.0,1,1,Servo,NGHS,1,CV,1,292399
10,0.6676375566856304,0.39141098530059465,6125.0,1,1,Servo,NGHS,1,CV,1,292400
11,0.31228017943486025,1.0846943217821845,7045.0,1,1,Servo,NGHS,1,CV,1,292401
12,0.6360549465132282,0.47031887293059366,5391.0,1,1,Servo,NGHS,1,CV,1,292402
13,0.3248378259418555,1.1166225664615739,5172.0,1,1,Servo,NGHS,1,CV,1,241093
14,0.6909033538953531,1.1978125379088773,8125.0,1,1,Servo,NGHS,1,CV,1,292404
15,0.3177784699628704,1.1449414442989654,6970.0,1,1,Servo,NGHS,1,CV,1,292405
16,0.6435478318619128,0.944324388368842,5754.0,1,1,Servo,NGHS,1,CV,1,292406
17,0.6709202734515365,0.43579666918176035,5445.0,1,1,Servo,NGHS,1,CV,1,292407
18,0.6484486664956697,0.6132469545740713,6768.0,1,1,Servo,NGHS,1,CV,1,292408
19,0.6833969216854292,1.0521683279363025,6684.0,1,1,Servo,NGHS,1,CV,1,292409
20,0.695872611830336,0.6773960114252954,7179.0,1,1,Servo,NGHS,1,CV,1,292410
21,0.6344010964882209,0.4598820856024997,6172.0,1,1,Servo,NGHS,1,CV,1,292411
22,0.658902854570012,0.3510833272323162,5915.0,1,1,Servo,NGHS,1,CV,1,292412
23,0.6684699600078708,0.6261094083899015,6700.0,1,1,Servo,NGHS,1,CV,1,292413
24,0.33655107745265234,1.127706609382802,6663.0,1,1,Servo,NGHS,1,CV,1,292414
25,0.6814825053346276,0.9469174888712348,6775.0,1,1,Servo,NGHS,1,CV,1,292415
26,0.30398882587070836,1.2111033272057496,6296.0,1,1,Servo,NGHS,1,CV,1,292416
27,0.3376771124518492,1.0578057407139385,5374.0,1,1,Servo,NGHS,1,CV,1,292417
28,0.3340940585243417,1.2338280656926877,7165.0,1,1,Servo,NGHS,1,CV,1,292418
29,0.32467338926596023,1.1608918429172184,6972.0,1,1,Servo,NGHS,1,CV,1,292419
30,0.6547130557296449,0.5079542946347385,6702.0,1,1,Servo,NGHS,1,CV,1,292420
31,0.6699591405761045,0.4951739405193472,6529.0,1,1,Servo,NGHS,1,CV,1,292421
32,0.31913497318124556,1.1291685716780981,7118.0,1,1,Servo,NGHS,1,CV,1,292422
33,0.6595013368936875,0.3302898849268436,6617.0,1,1,Servo,NGHS,1,CV,1,292423
34,0.6610627331009518,0.5942767606252395,6585.0,1,1,Servo,NGHS,1,CV,1,292424