
0,0.29125,0.6166666666666667,7226.0,1,1,Glass,NGHS,2,CV,1,293020
1,0.29208333333333336,0.6666666666666667,7838.0,1,1,Glass,NGHS,2,CV,1,293021
2,0.27291666666666664,0.7,7613.0,1,1,Glass,NGHS,2,CV,1,293022
3,0.29875,0.7,9094.0,1,1,Glass,NGHS,2,CV,1,293023
4,0.29333333333333333,0.6,8449.0,1,1,Glass,NGHS,2,CV,1,293024
5,0.26583333333333337,0.6166666666666667,7169.0,1,1,Glass,NGHS,2,CV,1,241565
6,0.3179166666666667,0.6666666666666667,7332.0,1,1,Glass,NGHS,2,CV,1,293026
7,0.30083333333333334,0.6333333333333333,7556.0,1,1,Glass,NGHS,2,CV,1,293027
8,0.29791666666666666,0.6833333333333333,8043.0,1,1,Glass,NGHS,2,CV,1,293028
9,0.3058333333333333,0.6166666666666667,7376.0,1,1,Glass,NGHS,2,CV,1,293029
10,0.2979166666666667,0.6833333333333333,9474.0,1,1,Glass,NGHS,2,CV,1,293030
11,0.29916666666666664,0.6,8924.0,1,1,Glass,NGHS,2,CV,1,293031
12,0.29833333333333334,0.6,7397.0,1,1,Glass,NGHS,2,CV,1,293032
13,0.29874999999999996,0.6,9646.0,1,1,Glass,NGHS,2,CV,1,293033
14,0.29208333333333336,0.6333333333333333,8365.0,1,1,Glass,NGHS,2,CV,1,293034
15,0.29124999999999995,0.6833333333333333,9155.0,1,1,Glass,NGHS,2,CV,1,293035
16,0.2858333333333333,0.6333333333333333,8956.0,1,1,Glass,NGHS,2,CV,1,293036
17,0.305,0.7,7453.0,1,1,Glass,NGHS,2,CV,1,293037
18,0.30000000000000004,0.6,8613.0,1,1,Glass,NGHS,2,CV,1,293038
19,0.27249999999999996,0.6333333333333333,7227.0,1,1,Glass,NGHS,2,CV,1,293039
20,0.28625,0.6666666666666667,7480.0,1,1,Glass,NGHS,2,CV,1,293040
21,0.2925,0.5666666666666667,7249.0,1,1,Glass,NGHS,2,CV,1,293041
22,0.3175,0.6,7879.0,1,1,Glass,NGHS,2,CV,1,293042
23,0.3054166666666667,0.65,7047.0,1,1,Glass,NGHS,2,CV,1,293043
24,0.29291666666666666,0.65,7423.0,1,1,Glass,NGHS,2,CV,1,293044
25,0.29916666666666664,0.6333333333333333,7344.0,1,1,Glass,NGHS,2,CV,1,293045
26,0.29208333333333336,0.6166666666666667,8469.0,1,1,Glass,NGHS,2,CV,1,293046
27,0.28375,0.6333333333333333,7905.0,1,1,Glass,NGHS,2,CV,1,293047
28,0.2916666666666667,0.6666666666666667,7074.0,1,1,Glass,NGHS,2,CV,1,293048
29,0.31124999999999997,0.6666666666666667,9030.0,1,1,Glass,NGHS,2,CV,1,293049
31,0.29875,0.65,8477.0,1,1,Glass,NGHS,2,CV,1,293051
32,0.29208333333333336,0.6666666666666667,9281.0,1,1,Glass,NGHS,2,CV,1,293052
33,0.29208333333333336,0.6166666666666667,8456.0,1,1,Glass,NGHS,2,CV,1,293053
34,0.2783333333333333,0.65,8969.0,1,1,Glass,NGHS,2,CV,1,293054
30,0.30541666666666667,0.65,7359.0,1,1,Glass,NGHS,2,CV,1,250452