
0,0.3695652173913043,0.7181818181818183,16659.0,1,1,Leaf,NGHS,2,CV,1,293230
1,0.36086956521739133,0.7090909090909091,16983.0,1,1,Leaf,NGHS,2,CV,1,293231
2,0.3608695652173913,0.6909090909090909,13078.0,1,1,Leaf,NGHS,2,CV,1,293232
3,0.3521739130434782,0.7090909090909091,17016.0,1,1,Leaf,NGHS,2,CV,1,293233
4,0.3478260869565217,0.7545454545454545,16885.0,1,1,Leaf,NGHS,2,CV,1,293234
5,0.3478260869565217,0.7181818181818183,17366.0,1,1,Leaf,NGHS,2,CV,1,293235
6,0.36521739130434777,0.7636363636363637,17206.0,1,1,Leaf,NGHS,2,CV,1,293236
7,0.3478260869565217,0.7,17557.0,1,1,Leaf,NGHS,2,CV,1,293237
8,0.3608695652173913,0.6818181818181819,17342.0,1,1,Leaf,NGHS,2,CV,1,293238
9,0.3608695652173913,0.7363636363636363,17085.0,1,1,Leaf,NGHS,2,CV,1,293239
10,0.3565217391304348,0.7272727272727273,17057.0,1,1,Leaf,NGHS,2,CV,1,293240
11,0.3652173913043478,0.7181818181818183,17040.0,1,1,Leaf,NGHS,2,CV,1,293241
12,0.3565217391304348,0.7545454545454545,17958.0,1,1,Leaf,NGHS,2,CV,1,293242
13,0.3652173913043478,0.7090909090909091,13031.0,1,1,Leaf,NGHS,2,CV,1,293243
14,0.34782608695652173,0.7454545454545455,17218.0,1,1,Leaf,NGHS,2,CV,1,293244
15,0.36086956521739133,0.7545454545454545,14572.0,1,1,Leaf,NGHS,2,CV,1,293245
16,0.3521739130434783,0.7,14140.0,1,1,Leaf,NGHS,2,CV,1,293246
17,0.35652173913043483,0.6909090909090909,13020.0,1,1,Leaf,NGHS,2,CV,1,293247
18,0.3695652173913043,0.7272727272727273,15166.0,1,1,Leaf,NGHS,2,CV,1,293248
19,0.34782608695652173,0.7181818181818183,15757.0,1,1,Leaf,NGHS,2,CV,1,293249
20,0.34782608695652173,0.7090909090909091,18184.0,1,1,Leaf,NGHS,2,CV,1,293250
21,0.3391304347826087,0.7181818181818183,13367.0,1,1,Leaf,NGHS,2,CV,1,241761
22,0.3521739130434783,0.7,17824.0,1,1,Leaf,NGHS,2,CV,1,293252
23,0.36086956521739133,0.7272727272727273,18338.0,1,1,Leaf,NGHS,2,CV,1,293253
24,0.3608695652173913,0.7181818181818183,14598.0,1,1,Leaf,NGHS,2,CV,1,293254
25,0.3521739130434782,0.7272727272727273,18347.0,1,1,Leaf,NGHS,2,CV,1,293255
26,0.35652173913043483,0.7,15133.0,1,1,Leaf,NGHS,2,CV,1,293256
27,0.3434782608695652,0.6818181818181819,19219.0,1,1,Leaf,NGHS,2,CV,1,293257
28,0.36086956521739133,0.7272727272727273,13627.0,1,1,Leaf,NGHS,2,CV,1,293258
29,0.3478260869565218,0.7181818181818183,13992.0,1,1,Leaf,NGHS,2,CV,1,293259
30,0.36521739130434777,0.7181818181818183,14094.0,1,1,Leaf,NGHS,2,CV,1,293260
31,0.3739130434782608,0.7,16138.0,1,1,Leaf,NGHS,2,CV,1,293261
32,0.3565217391304347,0.7090909090909091,14217.0,1,1,Leaf,NGHS,2,CV,1,293262
33,0.3521739130434782,0.7272727272727273,13516.0,1,1,Leaf,NGHS,2,CV,1,293263
34,0.36086956521739133,0.7,17901.0,1,1,Leaf,NGHS,2,CV,1,293264