
0,2.0651963008432324,3.975110541796524,12415.0,1,1,AutoMpg,NGHS,3,CV,1,295190
1,2.180821300567828,3.7648537650395393,13895.0,1,1,AutoMpg,NGHS,3,CV,1,295191
2,2.138448461443217,3.39120867467901,11445.0,1,1,AutoMpg,NGHS,3,CV,1,295192
3,2.193203103264345,3.6904917513487554,11461.0,1,1,AutoMpg,NGHS,3,CV,1,243363
4,2.2197492174543054,3.4648567126992353,11359.0,1,1,AutoMpg,NGHS,3,CV,1,295194
5,2.0105664136573775,3.605006785464658,12138.0,1,1,AutoMpg,NGHS,3,CV,1,243365
6,2.113192465036998,3.388219126538776,11219.0,1,1,AutoMpg,NGHS,3,CV,1,243366
7,2.082012338705866,3.8706378093144433,12459.0,1,1,AutoMpg,NGHS,3,CV,1,295197
8,2.0349226336347934,3.7770369293166963,13973.0,1,1,AutoMpg,NGHS,3,CV,1,295198
9,2.1654744082308186,3.3380736289741315,12371.0,1,1,AutoMpg,NGHS,3,CV,1,295199
10,2.185202269491751,3.3829470339362095,11368.0,1,1,AutoMpg,NGHS,3,CV,1,243370
11,2.0806261547468177,3.686049650485948,12136.0,1,1,AutoMpg,NGHS,3,CV,1,243371
12,2.051043437735066,3.583989170873651,11266.0,1,1,AutoMpg,NGHS,3,CV,1,295202
13,2.17543969844905,3.4945469855014943,13852.0,1,1,AutoMpg,NGHS,3,CV,1,295203
14,2.1299187495502765,3.5623136311169104,12409.0,1,1,AutoMpg,NGHS,3,CV,1,295204
15,2.139655911441769,3.5051404872919343,15637.0,1,1,AutoMpg,NGHS,3,CV,1,295205
16,2.3011480689542965,3.706797758096368,15372.0,1,1,AutoMpg,NGHS,3,CV,1,295206
17,2.293101858822726,3.5676392206663876,11543.0,1,1,AutoMpg,NGHS,3,CV,1,243377
18,2.342282394247889,3.5602739717793304,11219.0,1,1,AutoMpg,NGHS,3,CV,1,243378
19,2.0546957423725263,3.7143850297669796,13987.0,1,1,AutoMpg,NGHS,3,CV,1,295209
20,2.1818024634812785,3.426175696111885,15333.0,1,1,AutoMpg,NGHS,3,CV,1,295210
21,2.1092977592124087,3.453054201945329,11318.0,1,1,AutoMpg,NGHS,3,CV,1,295211
22,2.109754539320261,3.767101780442036,11282.0,1,1,AutoMpg,NGHS,3,CV,1,295212
23,2.163389830681256,3.7270445339240013,11580.0,1,1,AutoMpg,NGHS,3,CV,1,295213
24,2.1246557290926633,3.7835048947008922,11235.0,1,1,AutoMpg,NGHS,3,CV,1,295214
25,2.2284757579753203,3.4584676755839476,11483.0,1,1,AutoMpg,NGHS,3,CV,1,295215
26,2.058281040592995,3.472152411196637,11250.0,1,1,AutoMpg,NGHS,3,CV,1,295216
27,2.191207111757999,3.8912636330039656,11289.0,1,1,AutoMpg,NGHS,3,CV,1,295217
28,2.159718010106491,3.3864397364090517,12695.0,1,1,AutoMpg,NGHS,3,CV,1,295218
29,2.1017641552506077,3.3840623216264154,11534.0,1,1,AutoMpg,NGHS,3,CV,1,243389
30,2.008549472248741,3.824048022115005,11265.0,1,1,AutoMpg,NGHS,3,CV,1,295220
32,2.1822128364290654,3.328502024389063,12384.0,1,1,AutoMpg,NGHS,3,CV,1,295222
31,2.1483411157364523,3.3436385113238587,13781.0,1,1,AutoMpg,NGHS,3,CV,1,251512
33,2.1698153254763755,3.653257793887589,13407.0,1,1,AutoMpg,NGHS,3,CV,1,251592