
0,0.02857142857142857,0.9571428571428572,12882.0,1,1,Seeds,NGHS,3,CV,1,294840
1,0.02142857142857143,0.9714285714285714,8348.0,1,1,Seeds,NGHS,3,CV,1,294841
2,0.02142857142857143,0.9571428571428572,6789.0,1,1,Seeds,NGHS,3,CV,1,294842
3,0.014285714285714285,0.9714285714285714,6908.0,1,1,Seeds,NGHS,3,CV,1,294843
4,0.02857142857142857,0.9428571428571428,8458.0,1,1,Seeds,NGHS,3,CV,1,294844
5,0.02142857142857143,0.9571428571428572,6728.0,1,1,Seeds,NGHS,3,CV,1,294845
6,0.03571428571428571,0.9714285714285714,8551.0,1,1,Seeds,NGHS,3,CV,1,294846
7,0.02142857142857143,0.9714285714285714,12792.0,1,1,Seeds,NGHS,3,CV,1,294847
8,0.014285714285714285,0.9571428571428572,6770.0,1,1,Seeds,NGHS,3,CV,1,294848
9,0.02142857142857143,0.9428571428571428,5783.0,1,1,Seeds,NGHS,3,CV,1,294849
10,0.02857142857142857,0.9571428571428572,6920.0,1,1,Seeds,NGHS,3,CV,1,294850
11,0.02857142857142857,0.9285714285714286,6312.0,1,1,Seeds,NGHS,3,CV,1,294851
12,0.02142857142857143,0.9571428571428572,6868.0,1,1,Seeds,NGHS,3,CV,1,294852
13,0.02857142857142857,0.9428571428571428,7003.0,1,1,Seeds,NGHS,3,CV,1,294853
14,0.02142857142857143,0.9714285714285714,7018.0,1,1,Seeds,NGHS,3,CV,1,294854
15,0.014285714285714285,0.9571428571428572,5881.0,1,1,Seeds,NGHS,3,CV,1,294855
16,0.02142857142857143,0.9714285714285714,8484.0,1,1,Seeds,NGHS,3,CV,1,294856
17,0.02142857142857143,0.9285714285714286,7009.0,1,1,Seeds,NGHS,3,CV,1,294857
18,0.02142857142857143,0.9714285714285714,8627.0,1,1,Seeds,NGHS,3,CV,1,294858
19,0.02142857142857143,0.9714285714285714,6832.0,1,1,Seeds,NGHS,3,CV,1,294859
20,0.02142857142857143,0.9571428571428572,6947.0,1,1,Seeds,NGHS,3,CV,1,294860
21,0.02857142857142857,0.9571428571428572,6806.0,1,1,Seeds,NGHS,3,CV,1,294861
22,0.014285714285714285,0.9571428571428572,8399.0,1,1,Seeds,NGHS,3,CV,1,294862
23,0.02857142857142857,0.9571428571428572,8406.0,1,1,Seeds,NGHS,3,CV,1,294863
24,0.02857142857142857,0.9571428571428572,12760.0,1,1,Seeds,NGHS,3,CV,1,294864
25,0.02857142857142857,0.9571428571428572,6804.0,1,1,Seeds,NGHS,3,CV,1,294865
26,0.02142857142857143,0.9571428571428572,6788.0,1,1,Seeds,NGHS,3,CV,1,294866
27,0.014285714285714285,0.9571428571428572,6754.0,1,1,Seeds,NGHS,3,CV,1,294867
28,0.02142857142857143,0.9571428571428572,12617.0,1,1,Seeds,NGHS,3,CV,1,294868
29,0.02857142857142857,0.9571428571428572,6791.0,1,1,Seeds,NGHS,3,CV,1,294869
30,0.02142857142857143,0.9571428571428572,6917.0,1,1,Seeds,NGHS,3,CV,1,294870
31,0.02142857142857143,0.9857142857142858,6871.0,1,1,Seeds,NGHS,3,CV,1,294871
32,0.02142857142857143,0.9714285714285714,12745.0,1,1,Seeds,NGHS,3,CV,1,294872
33,0.02142857142857143,0.9571428571428572,6875.0,1,1,Seeds,NGHS,3,CV,1,294873
34,0.02142857142857143,0.9428571428571428,6929.0,1,1,Seeds,NGHS,3,CV,1,294874