
0,0.15384615384615383,0.7142857142857143,7969.0,1,1,Connectionist,NGHS,4,CV,1,295750
1,0.11648351648351647,0.8571428571428572,8671.0,1,1,Connectionist,NGHS,4,CV,1,295751
2,0.1313186813186813,0.7,7313.0,1,1,Connectionist,NGHS,4,CV,1,295752
3,0.1379120879120879,0.7571428571428571,10469.0,1,1,Connectionist,NGHS,4,CV,1,295753
4,0.11593406593406592,0.7,10785.0,1,1,Connectionist,NGHS,4,CV,1,295754
5,0.13021978021978017,0.7142857142857143,10064.0,1,1,Connectionist,NGHS,4,CV,1,295755
6,0.11483516483516483,0.7,9781.0,1,1,Connectionist,NGHS,4,CV,1,295756
7,0.13901098901098902,0.7285714285714286,7660.0,1,1,Connectionist,NGHS,4,CV,1,243787
8,0.12472527472527473,0.7714285714285715,7661.0,1,1,Connectionist,NGHS,4,CV,1,295758
9,0.12417582417582418,0.7428571428571429,10211.0,1,1,Connectionist,NGHS,4,CV,1,295759
10,0.11648351648351647,0.7428571428571429,10441.0,1,1,Connectionist,NGHS,4,CV,1,295760
11,0.10934065934065933,0.7714285714285715,7834.0,1,1,Connectionist,NGHS,4,CV,1,295761
12,0.13791208791208792,0.8,8132.0,1,1,Connectionist,NGHS,4,CV,1,295762
13,0.13076923076923075,0.7142857142857143,9991.0,1,1,Connectionist,NGHS,4,CV,1,295763
14,0.11043956043956045,0.7142857142857143,7934.0,1,1,Connectionist,NGHS,4,CV,1,295764
15,0.11703296703296702,0.7428571428571429,7475.0,1,1,Connectionist,NGHS,4,CV,1,295765
16,0.1159340659340659,0.7571428571428571,8038.0,1,1,Connectionist,NGHS,4,CV,1,243796
17,0.13736263736263735,0.8,8063.0,1,1,Connectionist,NGHS,4,CV,1,295767
18,0.1159340659340659,0.8428571428571429,8046.0,1,1,Connectionist,NGHS,4,CV,1,295768
19,0.11703296703296702,0.7285714285714286,10002.0,1,1,Connectionist,NGHS,4,CV,1,295769
20,0.11648351648351649,0.7714285714285715,7678.0,1,1,Connectionist,NGHS,4,CV,1,295770
21,0.14395604395604394,0.7857142857142857,8018.0,1,1,Connectionist,NGHS,4,CV,1,295771
22,0.11813186813186813,0.7571428571428571,9016.0,1,1,Connectionist,NGHS,4,CV,1,295772
23,0.13021978021978023,0.6857142857142857,9762.0,1,1,Connectionist,NGHS,4,CV,1,295773
24,0.13076923076923075,0.7285714285714286,8392.0,1,1,Connectionist,NGHS,4,CV,1,295774
25,0.1236263736263736,0.7714285714285715,7962.0,1,1,Connectionist,NGHS,4,CV,1,295775
26,0.13791208791208792,0.8285714285714285,7949.0,1,1,Connectionist,NGHS,4,CV,1,295776
27,0.15219780219780216,0.7,7725.0,1,1,Connectionist,NGHS,4,CV,1,295777
28,0.13791208791208792,0.7142857142857143,9409.0,1,1,Connectionist,NGHS,4,CV,1,295778
29,0.14560439560439561,0.7,7414.0,1,1,Connectionist,NGHS,4,CV,1,295779
31,0.1236263736263736,0.7571428571428571,9249.0,1,1,Connectionist,NGHS,4,CV,1,295781
32,0.15494505494505492,0.6857142857142857,8122.0,1,1,Connectionist,NGHS,4,CV,1,295782
33,0.1021978021978022,0.8,10089.0,1,1,Connectionist,NGHS,4,CV,1,295783
34,0.15164835164835164,0.7857142857142857,7266.0,1,1,Connectionist,NGHS,4,CV,1,295784
30,0.12307692307692308,0.7142857142857143,7766.0,1,1,Connectionist,NGHS,4,CV,1,252926