
0,0.1571428571428571,0.8333333333333334,4832.0,1,1,Fertility,NGHS,4,CV,1,295925
1,0.12857142857142856,0.8,4678.0,1,1,Fertility,NGHS,4,CV,1,295926
2,0.09999999999999999,0.8,3956.0,1,1,Fertility,NGHS,4,CV,1,295927
3,0.09999999999999999,0.6666666666666667,3928.0,1,1,Fertility,NGHS,4,CV,1,295928
4,0.1714285714285714,0.7,3932.0,1,1,Fertility,NGHS,4,CV,1,295929
5,0.0857142857142857,0.7,3664.0,1,1,Fertility,NGHS,4,CV,1,295930
6,0.1,0.7333333333333334,3937.0,1,1,Fertility,NGHS,4,CV,1,295931
7,0.11428571428571428,0.8,3929.0,1,1,Fertility,NGHS,4,CV,1,295932
8,0.12857142857142856,0.7,3946.0,1,1,Fertility,NGHS,4,CV,1,295933
9,0.14285714285714285,0.6666666666666667,5205.0,1,1,Fertility,NGHS,4,CV,1,295934
10,0.14285714285714285,0.8,5139.0,1,1,Fertility,NGHS,4,CV,1,295935
11,0.11428571428571428,0.7,5133.0,1,1,Fertility,NGHS,4,CV,1,295936
12,0.11428571428571428,0.7,3562.0,1,1,Fertility,NGHS,4,CV,1,295937
13,0.12857142857142856,0.7,3987.0,1,1,Fertility,NGHS,4,CV,1,295938
14,0.11428571428571428,0.8333333333333334,3594.0,1,1,Fertility,NGHS,4,CV,1,295939
15,0.1714285714285714,0.6666666666666667,4157.0,1,1,Fertility,NGHS,4,CV,1,295940
16,0.08571428571428572,0.8666666666666667,3860.0,1,1,Fertility,NGHS,4,CV,1,295941
17,0.11428571428571428,0.7333333333333334,4850.0,1,1,Fertility,NGHS,4,CV,1,295942
18,0.14285714285714285,0.6333333333333333,3877.0,1,1,Fertility,NGHS,4,CV,1,295943
19,0.0857142857142857,0.7666666666666666,4682.0,1,1,Fertility,NGHS,4,CV,1,295944
20,0.11428571428571428,0.8333333333333334,3840.0,1,1,Fertility,NGHS,4,CV,1,295945
21,0.12857142857142853,0.6666666666666667,4691.0,1,1,Fertility,NGHS,4,CV,1,295946
22,0.08571428571428572,0.7333333333333334,4438.0,1,1,Fertility,NGHS,4,CV,1,295947
23,0.14285714285714285,0.6333333333333333,4370.0,1,1,Fertility,NGHS,4,CV,1,295948
24,0.11428571428571428,0.7666666666666666,5776.0,1,1,Fertility,NGHS,4,CV,1,295949
25,0.17142857142857143,0.9,4328.0,1,1,Fertility,NGHS,4,CV,1,295950
26,0.12857142857142856,0.7333333333333334,3562.0,1,1,Fertility,NGHS,4,CV,1,243956
27,0.12857142857142856,0.7666666666666666,3664.0,1,1,Fertility,NGHS,4,CV,1,295952
28,0.14285714285714285,0.8333333333333334,4466.0,1,1,Fertility,NGHS,4,CV,1,295953
29,0.11428571428571428,0.7,4492.0,1,1,Fertility,NGHS,4,CV,1,295954
30,0.0857142857142857,0.6666666666666667,4537.0,1,1,Fertility,NGHS,4,CV,1,295955
31,0.14285714285714285,0.6666666666666667,3921.0,1,1,Fertility,NGHS,4,CV,1,295956
32,0.14285714285714285,0.8333333333333334,3516.0,1,1,Fertility,NGHS,4,CV,1,295957
33,0.08571428571428572,0.6666666666666667,4605.0,1,1,Fertility,NGHS,4,CV,1,295958