
0,8.697412683404083,45.57273020601568,6344.0,1,1,Cpu,NGHS,5,CV,1,245820
1,9.039042104006805,16.67739465200289,8500.0,1,1,Cpu,NGHS,5,CV,1,298201
2,9.50067610917229,36.634766270784425,6297.0,1,1,Cpu,NGHS,5,CV,1,298202
3,7.060746943407447,36.251514090371856,6266.0,1,1,Cpu,NGHS,5,CV,1,298203
4,9.632950971586272,31.18032764233901,6456.0,1,1,Cpu,NGHS,5,CV,1,245824
5,9.53673333053222,31.84322465821353,6855.0,1,1,Cpu,NGHS,5,CV,1,298205
6,10.15807309414267,98.29444099227005,8054.0,1,1,Cpu,NGHS,5,CV,1,298206
7,8.729305095608193,35.1010667234758,6445.0,1,1,Cpu,NGHS,5,CV,1,245827
8,7.733801215190444,20.78336661746955,8649.0,1,1,Cpu,NGHS,5,CV,1,298208
9,8.322940392486467,106.91800398685467,6234.0,1,1,Cpu,NGHS,5,CV,1,298209
10,7.636240207623629,30.395395412886653,6265.0,1,1,Cpu,NGHS,5,CV,1,298210
11,9.139144918655134,60.249670001889726,6394.0,1,1,Cpu,NGHS,5,CV,1,245831
12,8.914508288276467,17.504585582748806,6188.0,1,1,Cpu,NGHS,5,CV,1,298212
13,7.969041768321544,6.4615863079797915,6495.0,1,1,Cpu,NGHS,5,CV,1,298213
14,8.252221045352442,67.60341006940459,6395.0,1,1,Cpu,NGHS,5,CV,1,298214
15,10.792505116714391,64.86547618081553,6497.0,1,1,Cpu,NGHS,5,CV,1,298215
16,11.557438193967712,73.34319947819111,6465.0,1,1,Cpu,NGHS,5,CV,1,298216
17,6.00712292658014,32.78269029192678,8733.0,1,1,Cpu,NGHS,5,CV,1,298217
18,8.111327969433173,18.945691165091308,6344.0,1,1,Cpu,NGHS,5,CV,1,298218
19,5.2624424633567095,49.39644296338406,6297.0,1,1,Cpu,NGHS,5,CV,1,245839
20,8.167038000632115,25.44003973967223,6375.0,1,1,Cpu,NGHS,5,CV,1,245840
21,9.313084140376366,6.178119257445928,6250.0,1,1,Cpu,NGHS,5,CV,1,298221
22,6.445630927387638,42.61807987267429,6250.0,1,1,Cpu,NGHS,5,CV,1,298222
23,9.378405128586412,32.93742222025042,6904.0,1,1,Cpu,NGHS,5,CV,1,298223
24,8.010877061363228,10.5829696220833,6335.0,1,1,Cpu,NGHS,5,CV,1,298224
25,6.51450288688058,43.80888308717263,6297.0,1,1,Cpu,NGHS,5,CV,1,298225
26,9.016761996470528,13.784663510616577,7969.0,1,1,Cpu,NGHS,5,CV,1,298226
27,6.981164962771132,6.9971422117924975,6569.0,1,1,Cpu,NGHS,5,CV,1,245847
28,8.999620518168147,22.435087720028648,6623.0,1,1,Cpu,NGHS,5,CV,1,245848
29,9.257610033147571,31.865370264147437,6140.0,1,1,Cpu,NGHS,5,CV,1,298229
30,7.423477263173609,57.545230181748224,6414.0,1,1,Cpu,NGHS,5,CV,1,298230
31,10.832893252705372,80.68213385092795,8643.0,1,1,Cpu,NGHS,5,CV,1,298231
32,8.803337733748332,13.417710225716364,6402.0,1,1,Cpu,NGHS,5,CV,1,298232
33,7.988266437709138,27.787998722397777,8801.0,1,1,Cpu,NGHS,5,CV,1,298233
34,9.125463084714358,6.962296369183755,8199.0,1,1,Cpu,NGHS,5,CV,1,298234