
0,0.11648351648351647,0.7142857142857143,8571.0,1,1,Connectionist,NGHS,7,CV,1,300160
1,0.15989010989010988,0.6714285714285715,9056.0,1,1,Connectionist,NGHS,7,CV,1,300161
2,0.13076923076923078,0.7571428571428571,8335.0,1,1,Connectionist,NGHS,7,CV,1,300162
3,0.13076923076923075,0.6857142857142857,8000.0,1,1,Connectionist,NGHS,7,CV,1,300163
4,0.15274725274725273,0.7,9318.0,1,1,Connectionist,NGHS,7,CV,1,300164
5,0.13021978021978023,0.7714285714285715,10381.0,1,1,Connectionist,NGHS,7,CV,1,300165
6,0.1379120879120879,0.7428571428571429,8107.0,1,1,Connectionist,NGHS,7,CV,1,300166
7,0.11703296703296702,0.7142857142857143,11605.0,1,1,Connectionist,NGHS,7,CV,1,300167
8,0.12362637362637359,0.7714285714285715,8546.0,1,1,Connectionist,NGHS,7,CV,1,300168
9,0.1379120879120879,0.7714285714285715,10282.0,1,1,Connectionist,NGHS,7,CV,1,300169
10,0.12307692307692306,0.7571428571428571,9582.0,1,1,Connectionist,NGHS,7,CV,1,300170
11,0.15384615384615383,0.8142857142857143,10901.0,1,1,Connectionist,NGHS,7,CV,1,300171
12,0.14505494505494504,0.7428571428571429,10098.0,1,1,Connectionist,NGHS,7,CV,1,300172
13,0.10824175824175823,0.8285714285714285,9748.0,1,1,Connectionist,NGHS,7,CV,1,300173
14,0.13901098901098902,0.7285714285714286,9034.0,1,1,Connectionist,NGHS,7,CV,1,300174
15,0.15329670329670328,0.7428571428571429,7805.0,1,1,Connectionist,NGHS,7,CV,1,247395
16,0.14395604395604394,0.7142857142857143,8117.0,1,1,Connectionist,NGHS,7,CV,1,300176
17,0.13076923076923075,0.7571428571428571,7529.0,1,1,Connectionist,NGHS,7,CV,1,300177
18,0.13241758241758245,0.8,10005.0,1,1,Connectionist,NGHS,7,CV,1,300178
19,0.10109890109890107,0.8,9526.0,1,1,Connectionist,NGHS,7,CV,1,300179
20,0.13076923076923075,0.8,9963.0,1,1,Connectionist,NGHS,7,CV,1,300180
21,0.13681318681318683,0.7571428571428571,9808.0,1,1,Connectionist,NGHS,7,CV,1,300181
22,0.12362637362637359,0.7428571428571429,9438.0,1,1,Connectionist,NGHS,7,CV,1,300182
23,0.13846153846153847,0.7428571428571429,8643.0,1,1,Connectionist,NGHS,7,CV,1,300183
24,0.12417582417582415,0.7428571428571429,9583.0,1,1,Connectionist,NGHS,7,CV,1,300184
25,0.15879120879120875,0.8,7453.0,1,1,Connectionist,NGHS,7,CV,1,300185
26,0.13021978021978023,0.7714285714285715,9688.0,1,1,Connectionist,NGHS,7,CV,1,300186
27,0.1368131868131868,0.7285714285714286,9571.0,1,1,Connectionist,NGHS,7,CV,1,300187
28,0.13186813186813187,0.6714285714285715,8752.0,1,1,Connectionist,NGHS,7,CV,1,300188
29,0.12362637362637359,0.7571428571428571,9316.0,1,1,Connectionist,NGHS,7,CV,1,300189
30,0.13186813186813187,0.8,10078.0,1,1,Connectionist,NGHS,7,CV,1,300190
31,0.1010989010989011,0.8285714285714285,9920.0,1,1,Connectionist,NGHS,7,CV,1,300191
32,0.09505494505494505,0.7428571428571429,9797.0,1,1,Connectionist,NGHS,7,CV,1,300192
33,0.12417582417582418,0.8142857142857143,9846.0,1,1,Connectionist,NGHS,7,CV,1,300193
34,0.1516483516483516,0.7285714285714286,10000.0,1,1,Connectionist,NGHS,7,CV,1,300194