
0,0.06598200899550224,0.8454861111111112,51179.0,1,1,Car,NGHS,7,CV,1,300090
1,0.05383808095952024,0.828125,56668.0,1,1,Car,NGHS,7,CV,1,300091
2,0.06164167916041979,0.8142361111111112,64671.0,1,1,Car,NGHS,7,CV,1,300092
3,0.06943028485757122,0.8246527777777778,56376.0,1,1,Car,NGHS,7,CV,1,300093
4,0.056424287856071974,0.8402777777777778,60250.0,1,1,Car,NGHS,7,CV,1,300094
5,0.060772113943028484,0.8576388888888888,63221.0,1,1,Car,NGHS,7,CV,1,300095
6,0.05467766116941529,0.7951388888888888,64134.0,1,1,Car,NGHS,7,CV,1,300096
7,0.05901049475262369,0.8697916666666666,60659.0,1,1,Car,NGHS,7,CV,1,300097
8,0.04862068965517241,0.8211805555555556,63601.0,1,1,Car,NGHS,7,CV,1,300098
9,0.05814842578710644,0.8454861111111112,65027.0,1,1,Car,NGHS,7,CV,1,300099
10,0.058178410794602696,0.8611111111111112,59858.0,1,1,Car,NGHS,7,CV,1,300100
11,0.06682908545727137,0.8854166666666666,56041.0,1,1,Car,NGHS,7,CV,1,300101
12,0.06422788605697152,0.8159722222222222,51189.0,1,1,Car,NGHS,7,CV,1,300102
13,0.05988755622188906,0.8385416666666666,60625.0,1,1,Car,NGHS,7,CV,1,300103
14,0.06076461769115442,0.8298611111111112,62815.0,1,1,Car,NGHS,7,CV,1,300104
15,0.06335832083958022,0.8385416666666666,59299.0,1,1,Car,NGHS,7,CV,1,300105
16,0.059040479760119946,0.8559027777777778,61252.0,1,1,Car,NGHS,7,CV,1,300106
17,0.05383058470764618,0.84375,64086.0,1,1,Car,NGHS,7,CV,1,300107
18,0.05296101949025487,0.8333333333333334,54618.0,1,1,Car,NGHS,7,CV,1,300108
19,0.055547226386806606,0.8611111111111112,59991.0,1,1,Car,NGHS,7,CV,1,300109
20,0.057293853073463276,0.7881944444444444,64672.0,1,1,Car,NGHS,7,CV,1,300110
21,0.0677136431784108,0.8194444444444444,60213.0,1,1,Car,NGHS,7,CV,1,300111
22,0.059025487256371814,0.8645833333333334,67478.0,1,1,Car,NGHS,7,CV,1,300112
23,0.05468515742128934,0.8506944444444444,73108.0,1,1,Car,NGHS,7,CV,1,300113
24,0.06071964017991005,0.84375,62203.0,1,1,Car,NGHS,7,CV,1,300114
25,0.05209145427286357,0.8142361111111112,59966.0,1,1,Car,NGHS,7,CV,1,300115
26,0.05903298350824587,0.8055555555555556,58617.0,1,1,Car,NGHS,7,CV,1,300116
27,0.05729385307346326,0.8229166666666666,46623.0,1,1,Car,NGHS,7,CV,1,300117
28,0.05901799100449775,0.8211805555555556,61587.0,1,1,Car,NGHS,7,CV,1,300118
29,0.06166416791604199,0.8368055555555556,54389.0,1,1,Car,NGHS,7,CV,1,300119
30,0.05989505247376312,0.8767361111111112,62570.0,1,1,Car,NGHS,7,CV,1,300120
31,0.05991754122938531,0.8402777777777778,59378.0,1,1,Car,NGHS,7,CV,1,300121
32,0.05642428785607197,0.8385416666666666,56136.0,1,1,Car,NGHS,7,CV,1,300122
33,0.056439280359820085,0.8402777777777778,46766.0,1,1,Car,NGHS,7,CV,1,300123
34,0.06163418290854572,0.8159722222222222,60609.0,1,1,Car,NGHS,7,CV,1,300124