
0,3.2952849787314227,4.429696162392546,19839.0,1,1,Housing,NGHS,7,CV,1,301280
1,3.37383514316475,4.6376706271334855,13400.0,1,1,Housing,NGHS,7,CV,1,301281
2,3.5016176896413063,3.9645106484574324,14187.0,1,1,Housing,NGHS,7,CV,1,301282
3,3.419386329705845,3.7685978867878824,11713.0,1,1,Housing,NGHS,7,CV,1,248343
4,3.375450776394196,4.193913246078794,14567.0,1,1,Housing,NGHS,7,CV,1,301284
5,3.4497549738858546,4.845515288741724,19348.0,1,1,Housing,NGHS,7,CV,1,301285
6,3.499679900762822,4.251710765231698,15128.0,1,1,Housing,NGHS,7,CV,1,248346
7,3.3243648700305903,4.376096228804084,13442.0,1,1,Housing,NGHS,7,CV,1,301287
8,3.0856905330021736,4.468382156102358,14500.0,1,1,Housing,NGHS,7,CV,1,248348
9,3.112735162814077,4.11758868041535,15061.0,1,1,Housing,NGHS,7,CV,1,248349
10,3.3831632807176453,4.4416321848466795,14250.0,1,1,Housing,NGHS,7,CV,1,301290
11,3.2555325691593344,4.124101843087748,13301.0,1,1,Housing,NGHS,7,CV,1,301291
12,3.3621370574968017,4.63714165332631,14594.0,1,1,Housing,NGHS,7,CV,1,301292
13,3.344040024326373,4.480916473079108,19822.0,1,1,Housing,NGHS,7,CV,1,301293
14,3.5052272008684526,3.7157331811028245,15006.0,1,1,Housing,NGHS,7,CV,1,301294
15,3.320335244823795,4.185831194879137,15896.0,1,1,Housing,NGHS,7,CV,1,301295
16,3.560142120829405,3.946346204591712,14993.0,1,1,Housing,NGHS,7,CV,1,301296
17,3.2332657676482413,4.5189944025595805,14805.0,1,1,Housing,NGHS,7,CV,1,301297
18,3.3435493297232624,3.9160667736167682,14203.0,1,1,Housing,NGHS,7,CV,1,301298
19,3.387927516954155,4.375892033769299,14662.0,1,1,Housing,NGHS,7,CV,1,301299
20,3.2552991640261384,4.487035741427793,19365.0,1,1,Housing,NGHS,7,CV,1,301300
21,3.461032801284585,3.6388599942917725,15201.0,1,1,Housing,NGHS,7,CV,1,301301
22,3.1228556094125244,4.673753668504115,15148.0,1,1,Housing,NGHS,7,CV,1,301302
23,3.571493653363329,4.874173244873158,19843.0,1,1,Housing,NGHS,7,CV,1,301303
24,3.598184705111977,4.657017184939985,18362.0,1,1,Housing,NGHS,7,CV,1,301304
25,3.5201063666637653,4.230011211641171,19430.0,1,1,Housing,NGHS,7,CV,1,301305
26,3.16021820117005,5.082594242301009,19916.0,1,1,Housing,NGHS,7,CV,1,301306
27,3.2741525487062213,3.8531194895211534,13367.0,1,1,Housing,NGHS,7,CV,1,301307
28,3.5908245704324777,4.116925958241593,14344.0,1,1,Housing,NGHS,7,CV,1,301308
29,3.415007163710873,3.734805281589207,14685.0,1,1,Housing,NGHS,7,CV,1,301309
30,3.3136872778914226,3.7802961429831177,13536.0,1,1,Housing,NGHS,7,CV,1,301310
31,3.497796605671194,4.05455325220654,13335.0,1,1,Housing,NGHS,7,CV,1,301311
32,3.22231175796441,4.516881625308289,14250.0,1,1,Housing,NGHS,7,CV,1,301312
33,3.32853488201443,4.659801753804575,14141.0,1,1,Housing,NGHS,7,CV,1,257038