
0,0.14285714285714285,0.81,9359.0,1,1,Vertebral2C,NGHS,7,CV,1,300790
1,0.1333333333333333,0.8,11719.0,1,1,Vertebral2C,NGHS,7,CV,1,299916
2,0.13809523809523808,0.77,11562.0,1,1,Vertebral2C,NGHS,7,CV,1,299917
3,0.12857142857142856,0.76,9922.0,1,1,Vertebral2C,NGHS,7,CV,1,300793
4,0.14285714285714285,0.78,9569.0,1,1,Vertebral2C,NGHS,7,CV,1,299919
5,0.13333333333333333,0.85,11709.0,1,1,Vertebral2C,NGHS,7,CV,1,299920
6,0.12857142857142853,0.84,11537.0,1,1,Vertebral2C,NGHS,7,CV,1,299921
7,0.12380952380952381,0.8200000000000001,10990.0,1,1,Vertebral2C,NGHS,7,CV,1,299922
8,0.13333333333333333,0.83,11835.0,1,1,Vertebral2C,NGHS,7,CV,1,299923
9,0.12857142857142856,0.8200000000000001,10766.0,1,1,Vertebral2C,NGHS,7,CV,1,300799
10,0.13809523809523808,0.8200000000000001,12020.0,1,1,Vertebral2C,NGHS,7,CV,1,299925
11,0.12857142857142856,0.84,11419.0,1,1,Vertebral2C,NGHS,7,CV,1,299926
12,0.13809523809523808,0.81,9492.0,1,1,Vertebral2C,NGHS,7,CV,1,299927
13,0.1380952380952381,0.81,9687.0,1,1,Vertebral2C,NGHS,7,CV,1,300803
14,0.1333333333333333,0.84,9387.0,1,1,Vertebral2C,NGHS,7,CV,1,299929
15,0.13809523809523808,0.83,10949.0,1,1,Vertebral2C,NGHS,7,CV,1,299930
16,0.1333333333333333,0.81,10170.0,1,1,Vertebral2C,NGHS,7,CV,1,300806
17,0.1333333333333333,0.87,11984.0,1,1,Vertebral2C,NGHS,7,CV,1,299932
18,0.12857142857142853,0.81,11288.0,1,1,Vertebral2C,NGHS,7,CV,1,299933
19,0.1333333333333333,0.78,11498.0,1,1,Vertebral2C,NGHS,7,CV,1,299934
20,0.1333333333333333,0.8,10687.0,1,1,Vertebral2C,NGHS,7,CV,1,300810
21,0.12857142857142856,0.8,11791.0,1,1,Vertebral2C,NGHS,7,CV,1,299936
22,0.12380952380952379,0.81,8683.0,1,1,Vertebral2C,NGHS,7,CV,1,299937
23,0.1333333333333333,0.81,11386.0,1,1,Vertebral2C,NGHS,7,CV,1,299938
24,0.12380952380952379,0.8,11806.0,1,1,Vertebral2C,NGHS,7,CV,1,299939
25,0.13809523809523808,0.8200000000000001,11457.0,1,1,Vertebral2C,NGHS,7,CV,1,299940
26,0.12380952380952381,0.78,10239.0,1,1,Vertebral2C,NGHS,7,CV,1,300816
27,0.13809523809523808,0.83,11411.0,1,1,Vertebral2C,NGHS,7,CV,1,299942
28,0.12857142857142853,0.83,9719.0,1,1,Vertebral2C,NGHS,7,CV,1,300818
29,0.12857142857142856,0.81,9479.0,1,1,Vertebral2C,NGHS,7,CV,1,299944
30,0.12380952380952379,0.79,11321.0,1,1,Vertebral2C,NGHS,7,CV,1,300820
31,0.13333333333333333,0.78,11484.0,1,1,Vertebral2C,NGHS,7,CV,1,299946
32,0.12857142857142856,0.86,11566.0,1,1,Vertebral2C,NGHS,7,CV,1,299947
33,0.12380952380952379,0.84,11812.0,1,1,Vertebral2C,NGHS,7,CV,1,299948
34,0.1333333333333333,0.86,9596.0,1,1,Vertebral2C,NGHS,7,CV,1,300824