
0,9.41001795857969,6.533597508860864,8531.0,1,1,Cpu,NGHS,8,CV,1,302610
1,6.224179022669043,56.307827037352155,8755.0,1,1,Cpu,NGHS,8,CV,1,249421
2,8.43220244113272,28.29836955526417,6465.0,1,1,Cpu,NGHS,8,CV,1,302612
3,8.479064595267218,61.22635343223073,6431.0,1,1,Cpu,NGHS,8,CV,1,302613
4,8.473094455949447,68.18542417387347,6234.0,1,1,Cpu,NGHS,8,CV,1,302614
5,7.067382053160482,22.127528189231533,6352.0,1,1,Cpu,NGHS,8,CV,1,302615
6,5.4635772429755445,17.323573121865838,7647.0,1,1,Cpu,NGHS,8,CV,1,302616
7,9.126208876695358,44.553914998063135,5993.0,1,1,Cpu,NGHS,8,CV,1,302617
8,8.110006651364372,28.5425558076858,7778.0,1,1,Cpu,NGHS,8,CV,1,302618
9,9.046513372446277,24.274145574564848,6345.0,1,1,Cpu,NGHS,8,CV,1,302619
10,11.823968535180867,31.728431351594022,6604.0,1,1,Cpu,NGHS,8,CV,1,249430
11,8.279586748004307,53.345336825541594,8063.0,1,1,Cpu,NGHS,8,CV,1,302621
12,10.383985343897624,35.88688720934015,8531.0,1,1,Cpu,NGHS,8,CV,1,302622
13,7.994820104075449,60.01749553874595,7953.0,1,1,Cpu,NGHS,8,CV,1,302623
14,9.617413568248143,31.53006176348798,5898.0,1,1,Cpu,NGHS,8,CV,1,302624
15,10.175300034127824,72.30798696639042,6586.0,1,1,Cpu,NGHS,8,CV,1,249435
16,7.1841321180120925,22.737953700884013,6172.0,1,1,Cpu,NGHS,8,CV,1,302626
17,9.147344227864062,19.403735691839774,6539.0,1,1,Cpu,NGHS,8,CV,1,302627
18,9.067246992329569,21.044308798935468,6288.0,1,1,Cpu,NGHS,8,CV,1,302628
19,8.87882674927032,10.921139457375565,6375.0,1,1,Cpu,NGHS,8,CV,1,302629
20,6.6282103807021375,5.512659130742253,6219.0,1,1,Cpu,NGHS,8,CV,1,302630
21,9.866263919761364,52.910058344912954,6882.0,1,1,Cpu,NGHS,8,CV,1,302631
22,10.961215056888626,29.479035441973167,7300.0,1,1,Cpu,NGHS,8,CV,1,302632
23,8.378435833176585,35.812359737698074,7793.0,1,1,Cpu,NGHS,8,CV,1,302633
24,8.550774989404294,88.16288604750487,6496.0,1,1,Cpu,NGHS,8,CV,1,302634
25,6.51450288688058,43.80888308717263,8156.0,1,1,Cpu,NGHS,8,CV,1,249445
26,9.947238361607665,41.99268413693066,8183.0,1,1,Cpu,NGHS,8,CV,1,249446
27,10.333027812861118,55.370442064219155,6472.0,1,1,Cpu,NGHS,8,CV,1,249447
28,7.565596476554508,39.6277119371234,6475.0,1,1,Cpu,NGHS,8,CV,1,302638
29,8.683113023902472,83.17707697845337,6266.0,1,1,Cpu,NGHS,8,CV,1,302639
30,9.006849866760005,34.43103549566,5976.0,1,1,Cpu,NGHS,8,CV,1,302640
31,8.21981865674804,32.18964035726891,6365.0,1,1,Cpu,NGHS,8,CV,1,302641
32,7.756645268140178,76.06694497729549,6302.0,1,1,Cpu,NGHS,8,CV,1,302642
33,9.413769107957728,22.287687617761797,6643.0,1,1,Cpu,NGHS,8,CV,1,302643
34,7.715617092488057,25.641165982575234,5930.0,1,1,Cpu,NGHS,8,CV,1,302644