
0,0.29874999999999996,0.6166666666666667,8500.0,1,1,Glass,NGHS,8,CV,1,301840
1,0.29208333333333336,0.6666666666666667,9572.0,1,1,Glass,NGHS,8,CV,1,301841
2,0.2975,0.6,7375.0,1,1,Glass,NGHS,8,CV,1,301842
3,0.29333333333333333,0.6333333333333333,9282.0,1,1,Glass,NGHS,8,CV,1,301843
4,0.28500000000000003,0.65,9681.0,1,1,Glass,NGHS,8,CV,1,301844
5,0.29958333333333337,0.6333333333333333,7996.0,1,1,Glass,NGHS,8,CV,1,301845
6,0.27291666666666664,0.6666666666666667,7308.0,1,1,Glass,NGHS,8,CV,1,301846
7,0.29166666666666663,0.6166666666666667,9196.0,1,1,Glass,NGHS,8,CV,1,301847
8,0.28666666666666674,0.5666666666666667,7655.0,1,1,Glass,NGHS,8,CV,1,301848
9,0.29958333333333337,0.5666666666666667,8901.0,1,1,Glass,NGHS,8,CV,1,301849
10,0.28583333333333333,0.65,9588.0,1,1,Glass,NGHS,8,CV,1,301850
11,0.3037500000000001,0.6333333333333333,7550.0,1,1,Glass,NGHS,8,CV,1,301851
12,0.3120833333333333,0.6666666666666667,7463.0,1,1,Glass,NGHS,8,CV,1,301852
13,0.3,0.5666666666666667,8411.0,1,1,Glass,NGHS,8,CV,1,301853
14,0.29166666666666663,0.6333333333333333,7187.0,1,1,Glass,NGHS,8,CV,1,301854
15,0.28583333333333333,0.5833333333333333,8001.0,1,1,Glass,NGHS,8,CV,1,301855
16,0.3045833333333333,0.5833333333333333,6454.0,1,1,Glass,NGHS,8,CV,1,301856
17,0.2908333333333334,0.6333333333333333,7074.0,1,1,Glass,NGHS,8,CV,1,301857
18,0.27208333333333334,0.55,7037.0,1,1,Glass,NGHS,8,CV,1,301858
19,0.29125,0.65,7203.0,1,1,Glass,NGHS,8,CV,1,301859
20,0.2941666666666667,0.6666666666666667,6984.0,1,1,Glass,NGHS,8,CV,1,301860
21,0.3108333333333334,0.5666666666666667,8803.0,1,1,Glass,NGHS,8,CV,1,301861
22,0.28500000000000003,0.6666666666666667,7114.0,1,1,Glass,NGHS,8,CV,1,301862
23,0.2983333333333333,0.65,7791.0,1,1,Glass,NGHS,8,CV,1,301863
24,0.28625,0.6333333333333333,6828.0,1,1,Glass,NGHS,8,CV,1,301864
25,0.2925,0.6666666666666667,7015.0,1,1,Glass,NGHS,8,CV,1,301865
26,0.305,0.6166666666666667,8462.0,1,1,Glass,NGHS,8,CV,1,301866
27,0.28,0.7166666666666667,7393.0,1,1,Glass,NGHS,8,CV,1,301867
28,0.29874999999999996,0.65,9839.0,1,1,Glass,NGHS,8,CV,1,301868
29,0.2983333333333333,0.5666666666666667,6471.0,1,1,Glass,NGHS,8,CV,1,301869
30,0.2791666666666667,0.6666666666666667,7445.0,1,1,Glass,NGHS,8,CV,1,301870
31,0.2975,0.65,8570.0,1,1,Glass,NGHS,8,CV,1,301871
32,0.30583333333333335,0.6,6922.0,1,1,Glass,NGHS,8,CV,1,301872
33,0.2716666666666666,0.6,10056.0,1,1,Glass,NGHS,8,CV,1,301873
34,0.2991666666666667,0.5833333333333333,7609.0,1,1,Glass,NGHS,8,CV,1,301874