
0,0.13809523809523794,0.79,8586.0,1,1,Vertebral2C,PSO,2,CV,0,88235
1,0.14761904761904743,0.8,9081.0,1,1,Vertebral2C,PSO,2,CV,0,88236
2,0.14761904761904743,0.8,8634.0,1,1,Vertebral2C,PSO,2,CV,0,88237
3,0.13809523809523794,0.81,8672.0,1,1,Vertebral2C,PSO,2,CV,0,88238
4,0.13809523809523794,0.85,8555.0,1,1,Vertebral2C,PSO,2,CV,0,88239
5,0.1333333333333332,0.8200000000000001,8344.0,1,1,Vertebral2C,PSO,2,CV,0,89115
6,0.14761904761904743,0.8,11050.0,1,1,Vertebral2C,PSO,2,CV,0,88241
7,0.15238095238095217,0.8,8578.0,1,1,Vertebral2C,PSO,2,CV,0,89117
8,0.12857142857142845,0.83,9205.0,1,1,Vertebral2C,PSO,2,CV,0,88243
9,0.1428571428571429,0.83,9481.0,1,1,Vertebral2C,PSO,2,CV,0,88244
10,0.13809523809523794,0.8,9252.0,1,1,Vertebral2C,PSO,2,CV,0,88245
11,0.14761904761904743,0.79,8531.0,1,1,Vertebral2C,PSO,2,CV,0,88246
12,0.14285714285714268,0.83,8944.0,1,1,Vertebral2C,PSO,2,CV,0,88247
13,0.14285714285714268,0.8,8390.0,1,1,Vertebral2C,PSO,2,CV,0,88248
14,0.14285714285714268,0.79,9150.0,1,1,Vertebral2C,PSO,2,CV,0,89124
15,0.14761904761904743,0.84,8727.0,1,1,Vertebral2C,PSO,2,CV,0,88250
16,0.14285714285714268,0.8200000000000001,8406.0,1,1,Vertebral2C,PSO,2,CV,0,88251
17,0.13809523809523794,0.79,14134.0,1,1,Vertebral2C,PSO,2,CV,0,88252
18,0.14285714285714268,0.79,9417.0,1,1,Vertebral2C,PSO,2,CV,0,88253
19,0.1333333333333332,0.8,9427.0,1,1,Vertebral2C,PSO,2,CV,0,88254
20,0.1428571428571429,0.79,8484.0,1,1,Vertebral2C,PSO,2,CV,0,88255
21,0.14285714285714268,0.81,8746.0,1,1,Vertebral2C,PSO,2,CV,0,88256
22,0.14761904761904743,0.84,8531.0,1,1,Vertebral2C,PSO,2,CV,0,88257
23,0.14285714285714268,0.8200000000000001,8766.0,1,1,Vertebral2C,PSO,2,CV,0,88258
24,0.1333333333333332,0.84,11969.0,1,1,Vertebral2C,PSO,2,CV,0,88259
25,0.14285714285714268,0.79,10828.0,1,1,Vertebral2C,PSO,2,CV,0,89135
26,0.14285714285714268,0.8200000000000001,9138.0,1,1,Vertebral2C,PSO,2,CV,0,88261
27,0.13809523809523794,0.84,10843.0,1,1,Vertebral2C,PSO,2,CV,0,89137
28,0.14285714285714268,0.81,8281.0,1,1,Vertebral2C,PSO,2,CV,0,88263
29,0.12857142857142845,0.81,8590.0,1,1,Vertebral2C,PSO,2,CV,0,88264
30,0.13809523809523783,0.83,8422.0,1,1,Vertebral2C,PSO,2,CV,0,88265
31,0.13809523809523794,0.8200000000000001,8710.0,1,1,Vertebral2C,PSO,2,CV,0,88266
32,0.1428571428571429,0.8,8516.0,1,1,Vertebral2C,PSO,2,CV,0,88267
33,0.13809523809523794,0.81,8344.0,1,1,Vertebral2C,PSO,2,CV,0,89143
34,0.14285714285714257,0.84,8756.0,1,1,Vertebral2C,PSO,2,CV,0,88269