
0,2.4180620632500274,3.524586980127867,10984.0,1,1,AutoMpg,DEExp,0,CV,1,323120
1,2.2159236976904944,3.6203094574457833,18195.0,1,1,AutoMpg,DEExp,0,CV,1,266161
2,2.366520789743848,3.478514075898924,11167.0,1,1,AutoMpg,DEExp,0,CV,1,323122
3,2.3566632887031664,3.46588796623325,11322.0,1,1,AutoMpg,DEExp,0,CV,1,323123
4,2.377216049515069,3.658926462192281,13721.0,1,1,AutoMpg,DEExp,0,CV,1,323124
5,2.3453058029156333,3.540004435181214,13700.0,1,1,AutoMpg,DEExp,0,CV,1,323125
6,2.3230412462342995,3.500260845956764,11230.0,1,1,AutoMpg,DEExp,0,CV,1,323126
7,2.2797661871631125,3.885601101462669,10844.0,1,1,AutoMpg,DEExp,0,CV,1,323127
8,2.3206490630467904,3.3638309843636094,13711.0,1,1,AutoMpg,DEExp,0,CV,1,323128
9,2.2751437020295144,4.065074330152832,11387.0,1,1,AutoMpg,DEExp,0,CV,1,323129
10,2.39748025022433,3.499113942713761,10922.0,1,1,AutoMpg,DEExp,0,CV,1,323130
11,2.377225145768463,3.4369887433473054,10907.0,1,1,AutoMpg,DEExp,0,CV,1,323131
12,2.3709802619183393,3.4745588136799443,10922.0,1,1,AutoMpg,DEExp,0,CV,1,323132
13,2.3458522909713744,3.412849909609114,11584.0,1,1,AutoMpg,DEExp,0,CV,1,323133
14,2.365901183685944,3.6560390278186508,11411.0,1,1,AutoMpg,DEExp,0,CV,1,323134
15,2.3888840861098197,3.557076641696443,11016.0,1,1,AutoMpg,DEExp,0,CV,1,323135
16,2.3276203988833566,3.8076748330311094,11323.0,1,1,AutoMpg,DEExp,0,CV,1,323136
17,2.3718334060395234,3.175125389835677,11318.0,1,1,AutoMpg,DEExp,0,CV,1,266177
18,2.2344455159724403,3.599676248458002,15534.0,1,1,AutoMpg,DEExp,0,CV,1,323138
19,2.373306812990593,3.7373027445981033,15549.0,1,1,AutoMpg,DEExp,0,CV,1,323139
20,2.3350565085739623,3.539979997115259,10843.0,1,1,AutoMpg,DEExp,0,CV,1,323140
21,2.3589793853634413,3.4957153828021523,11168.0,1,1,AutoMpg,DEExp,0,CV,1,323141
22,2.3585300685529704,3.5025554179493357,11520.0,1,1,AutoMpg,DEExp,0,CV,1,266182
23,2.3417620074440784,3.4959688171645884,11265.0,1,1,AutoMpg,DEExp,0,CV,1,266183
24,2.307720818449031,3.4001492709660326,10953.0,1,1,AutoMpg,DEExp,0,CV,1,323144
25,2.1272873678507596,3.539097588631257,10969.0,1,1,AutoMpg,DEExp,0,CV,1,323145
26,2.451289308385431,3.431507587676069,11077.0,1,1,AutoMpg,DEExp,0,CV,1,323146
27,2.4358463012397196,3.385540895680921,11374.0,1,1,AutoMpg,DEExp,0,CV,1,323147
28,2.3729595045326755,3.635088288082379,11509.0,1,1,AutoMpg,DEExp,0,CV,1,323148
29,2.3194356172574624,3.5860767254742694,11208.0,1,1,AutoMpg,DEExp,0,CV,1,323149
30,2.2781959328947,3.4162481781993224,10812.0,1,1,AutoMpg,DEExp,0,CV,1,323150
31,2.323907642370224,3.4999302442329556,11355.0,1,1,AutoMpg,DEExp,0,CV,1,323151
32,2.4003436413012884,3.4249891597096664,10938.0,1,1,AutoMpg,DEExp,0,CV,1,323152
33,2.4732198228824336,3.5236608274218866,10907.0,1,1,AutoMpg,DEExp,0,CV,1,323153
34,2.4144210932489645,3.482626576431864,10985.0,1,1,AutoMpg,DEExp,0,CV,1,323154