
0,0.457,0.5644820295983086,39052.0,1,1,Contraceptive,DEExp,1,CV,1,323715
1,0.45899999999999996,0.5306553911205074,49365.0,1,1,Contraceptive,DEExp,1,CV,1,323716
2,0.457,0.5391120507399577,44790.0,1,1,Contraceptive,DEExp,1,CV,1,323717
3,0.45699999999999996,0.5517970401691332,39639.0,1,1,Contraceptive,DEExp,1,CV,1,323718
4,0.44699999999999995,0.5454545454545454,52121.0,1,1,Contraceptive,DEExp,1,CV,1,266614
5,0.457,0.547568710359408,39773.0,1,1,Contraceptive,DEExp,1,CV,1,323720
6,0.45199999999999996,0.5433403805496828,51984.0,1,1,Contraceptive,DEExp,1,CV,1,266616
7,0.4579999999999999,0.5602536997885835,49486.0,1,1,Contraceptive,DEExp,1,CV,1,323722
8,0.454,0.5539112050739958,39353.0,1,1,Contraceptive,DEExp,1,CV,1,323723
9,0.457,0.5750528541226216,55918.0,1,1,Contraceptive,DEExp,1,CV,1,323724
10,0.46099999999999997,0.5454545454545454,39014.0,1,1,Contraceptive,DEExp,1,CV,1,323725
11,0.45699999999999996,0.5412262156448203,38484.0,1,1,Contraceptive,DEExp,1,CV,1,323726
12,0.462,0.5454545454545454,41659.0,1,1,Contraceptive,DEExp,1,CV,1,266622
13,0.44899999999999995,0.5391120507399577,50218.0,1,1,Contraceptive,DEExp,1,CV,1,266623
14,0.45499999999999996,0.5644820295983086,38110.0,1,1,Contraceptive,DEExp,1,CV,1,323729
15,0.45599999999999996,0.5687103594080338,39304.0,1,1,Contraceptive,DEExp,1,CV,1,323730
16,0.458,0.5539112050739958,38609.0,1,1,Contraceptive,DEExp,1,CV,1,323731
17,0.458,0.5665961945031712,38734.0,1,1,Contraceptive,DEExp,1,CV,1,323732
18,0.454,0.5454545454545454,39181.0,1,1,Contraceptive,DEExp,1,CV,1,323733
19,0.458,0.5560253699788584,36110.0,1,1,Contraceptive,DEExp,1,CV,1,323734
20,0.45599999999999996,0.547568710359408,36533.0,1,1,Contraceptive,DEExp,1,CV,1,323735
21,0.45499999999999996,0.5644820295983086,38016.0,1,1,Contraceptive,DEExp,1,CV,1,323736
22,0.46299999999999997,0.5285412262156448,36534.0,1,1,Contraceptive,DEExp,1,CV,1,323737
23,0.46399999999999997,0.5687103594080338,46563.0,1,1,Contraceptive,DEExp,1,CV,1,323738
24,0.454,0.5602536997885835,38770.0,1,1,Contraceptive,DEExp,1,CV,1,323739
25,0.4579999999999999,0.5517970401691332,39457.0,1,1,Contraceptive,DEExp,1,CV,1,323740
26,0.45599999999999996,0.562367864693446,39939.0,1,1,Contraceptive,DEExp,1,CV,1,266636
27,0.457,0.5391120507399577,41570.0,1,1,Contraceptive,DEExp,1,CV,1,266637
28,0.458,0.5708245243128964,39360.0,1,1,Contraceptive,DEExp,1,CV,1,323743
29,0.45499999999999996,0.5137420718816068,38832.0,1,1,Contraceptive,DEExp,1,CV,1,323744
30,0.45299999999999996,0.5454545454545454,38562.0,1,1,Contraceptive,DEExp,1,CV,1,323745
31,0.458,0.5644820295983086,38920.0,1,1,Contraceptive,DEExp,1,CV,1,323746
32,0.46499999999999997,0.5708245243128964,38797.0,1,1,Contraceptive,DEExp,1,CV,1,323747
33,0.44899999999999995,0.5391120507399577,49425.0,1,1,Contraceptive,DEExp,1,CV,1,323748
34,0.44799999999999995,0.5496828752642706,49128.0,1,1,Contraceptive,DEExp,1,CV,1,323749