
0,0.29874999999999996,0.6333333333333333,7062.0,1,1,Glass,DEExp,1,CV,1,266760
1,0.31166666666666665,0.65,6781.0,1,1,Glass,DEExp,1,CV,1,323891
2,0.29166666666666663,0.6166666666666667,6883.0,1,1,Glass,DEExp,1,CV,1,323892
3,0.29833333333333334,0.55,6876.0,1,1,Glass,DEExp,1,CV,1,323893
4,0.28625,0.6166666666666667,6861.0,1,1,Glass,DEExp,1,CV,1,323894
5,0.3041666666666667,0.7,6850.0,1,1,Glass,DEExp,1,CV,1,266765
6,0.29875,0.6333333333333333,7585.0,1,1,Glass,DEExp,1,CV,1,266766
7,0.30500000000000005,0.6666666666666667,6728.0,1,1,Glass,DEExp,1,CV,1,323897
8,0.31708333333333333,0.7,6917.0,1,1,Glass,DEExp,1,CV,1,323898
9,0.28583333333333333,0.6333333333333333,6750.0,1,1,Glass,DEExp,1,CV,1,323899
10,0.29041666666666666,0.65,6891.0,1,1,Glass,DEExp,1,CV,1,323900
11,0.3175,0.7,6879.0,1,1,Glass,DEExp,1,CV,1,323901
12,0.28666666666666674,0.6333333333333333,7543.0,1,1,Glass,DEExp,1,CV,1,323902
13,0.3179166666666666,0.65,6916.0,1,1,Glass,DEExp,1,CV,1,323903
14,0.2975,0.6333333333333333,6797.0,1,1,Glass,DEExp,1,CV,1,323904
15,0.29791666666666666,0.6333333333333333,6821.0,1,1,Glass,DEExp,1,CV,1,323905
16,0.2920833333333333,0.6166666666666667,6925.0,1,1,Glass,DEExp,1,CV,1,323906
17,0.3045833333333333,0.5833333333333333,6797.0,1,1,Glass,DEExp,1,CV,1,323907
18,0.29291666666666666,0.65,6765.0,1,1,Glass,DEExp,1,CV,1,323908
19,0.30583333333333335,0.65,6846.0,1,1,Glass,DEExp,1,CV,1,323909
20,0.29333333333333333,0.6666666666666667,6861.0,1,1,Glass,DEExp,1,CV,1,323910
21,0.2866666666666667,0.6333333333333333,6867.0,1,1,Glass,DEExp,1,CV,1,323911
22,0.30583333333333335,0.6833333333333333,7122.0,1,1,Glass,DEExp,1,CV,1,266782
23,0.30583333333333335,0.6166666666666667,7571.0,1,1,Glass,DEExp,1,CV,1,323913
24,0.3054166666666666,0.6833333333333333,8584.0,1,1,Glass,DEExp,1,CV,1,323914
25,0.2925,0.6666666666666667,6898.0,1,1,Glass,DEExp,1,CV,1,266785
26,0.27958333333333335,0.5833333333333333,6837.0,1,1,Glass,DEExp,1,CV,1,323916
27,0.29875,0.6166666666666667,6376.0,1,1,Glass,DEExp,1,CV,1,323917
28,0.3175,0.6166666666666667,7517.0,1,1,Glass,DEExp,1,CV,1,323918
29,0.30375,0.6833333333333333,6703.0,1,1,Glass,DEExp,1,CV,1,323919
30,0.28458333333333335,0.7,14563.0,1,1,Glass,DEExp,1,CV,1,323920
31,0.29958333333333337,0.6166666666666667,6754.0,1,1,Glass,DEExp,1,CV,1,323921
32,0.31125,0.65,6765.0,1,1,Glass,DEExp,1,CV,1,323922
33,0.27999999999999997,0.6,7480.0,1,1,Glass,DEExp,1,CV,1,323923
34,0.2979166666666667,0.6333333333333333,6672.0,1,1,Glass,DEExp,1,CV,1,323924