
0,1.2529616707678677,1.0685634713477477,7587.0,1,1,BodyFat,DEExp,2,CV,1,326305
1,1.214571963648613,1.197588254863466,7514.0,1,1,BodyFat,DEExp,2,CV,1,326306
2,1.159556542987326,2.149318600525883,7594.0,1,1,BodyFat,DEExp,2,CV,1,268772
3,1.2118609979277424,1.3564258497433241,7489.0,1,1,BodyFat,DEExp,2,CV,1,326308
4,1.2103463280913798,3.041327224244262,7632.0,1,1,BodyFat,DEExp,2,CV,1,268774
5,1.2624645498219984,1.5004974271948237,7601.0,1,1,BodyFat,DEExp,2,CV,1,326310
6,1.2931743908026117,1.4760732148233409,8302.0,1,1,BodyFat,DEExp,2,CV,1,326311
7,1.2236723391990751,2.0402536833678147,7510.0,1,1,BodyFat,DEExp,2,CV,1,326312
8,1.155361307803569,1.1299853958202992,8309.0,1,1,BodyFat,DEExp,2,CV,1,326313
9,1.1935014971703268,1.8654749379261921,7417.0,1,1,BodyFat,DEExp,2,CV,1,326314
10,1.2632064308172188,1.87371674061935,7547.0,1,1,BodyFat,DEExp,2,CV,1,326315
11,1.221203015229834,1.166702476110796,7750.0,1,1,BodyFat,DEExp,2,CV,1,326316
12,1.0810178027625978,0.9468512741403822,7422.0,1,1,BodyFat,DEExp,2,CV,1,326317
13,1.2467488056806935,0.9723875632779572,8268.0,1,1,BodyFat,DEExp,2,CV,1,268783
14,1.2087726580826572,1.704805112264236,7494.0,1,1,BodyFat,DEExp,2,CV,1,326319
15,1.267814941700873,1.2595928669196503,9364.0,1,1,BodyFat,DEExp,2,CV,1,326320
16,1.1949380070785955,2.0726256258898212,7615.0,1,1,BodyFat,DEExp,2,CV,1,326321
17,1.2680556385734927,1.2291969012117356,9345.0,1,1,BodyFat,DEExp,2,CV,1,326322
18,1.2547470665776053,1.7028233773474077,8358.0,1,1,BodyFat,DEExp,2,CV,1,326323
19,1.1225780803646654,1.2528635846413374,10207.0,1,1,BodyFat,DEExp,2,CV,1,326324
20,1.1889057479795202,1.2688591266423956,9438.0,1,1,BodyFat,DEExp,2,CV,1,326325
21,0.983201723487738,1.2829818249242446,7587.0,1,1,BodyFat,DEExp,2,CV,1,268791
22,1.2295009854795036,0.9484773318866911,10300.0,1,1,BodyFat,DEExp,2,CV,1,326327
23,1.1261377051295354,0.8835556428492332,9346.0,1,1,BodyFat,DEExp,2,CV,1,326328
24,1.2474011746492017,1.2098799585915245,10339.0,1,1,BodyFat,DEExp,2,CV,1,326329
25,1.2341861562878282,1.3831201507664534,10724.0,1,1,BodyFat,DEExp,2,CV,1,326330
26,1.2198323725560916,2.147088500044917,7629.0,1,1,BodyFat,DEExp,2,CV,1,326331
27,1.258896248466253,0.9876387438192618,7519.0,1,1,BodyFat,DEExp,2,CV,1,326332
28,1.2242720097260633,1.2092059849003267,7601.0,1,1,BodyFat,DEExp,2,CV,1,268798
29,1.26303827653348,1.2134210440501647,7538.0,1,1,BodyFat,DEExp,2,CV,1,326334
30,1.2163731509536604,1.5525701982196225,7582.0,1,1,BodyFat,DEExp,2,CV,1,326335
31,1.116145581782068,1.4154230089149955,7554.0,1,1,BodyFat,DEExp,2,CV,1,326336
32,1.0792850264001748,0.9562239820068861,7455.0,1,1,BodyFat,DEExp,2,CV,1,326337
33,1.180798305378271,1.26668329853474,7406.0,1,1,BodyFat,DEExp,2,CV,1,326338
34,1.186519051445115,2.825364589943551,10277.0,1,1,BodyFat,DEExp,2,CV,1,326339