
0,0.02,0.9590163934426229,11666.0,1,1,Dermatology,DEExp,2,CV,1,324940
1,0.016166666666666666,0.9590163934426229,11628.0,1,1,Dermatology,DEExp,2,CV,1,324941
2,0.020166666666666666,0.9672131147540983,14742.0,1,1,Dermatology,DEExp,2,CV,1,324942
3,0.008,0.9754098360655737,11500.0,1,1,Dermatology,DEExp,2,CV,1,324943
4,0.012166666666666668,0.9508196721311475,15666.0,1,1,Dermatology,DEExp,2,CV,1,325224
5,0.016166666666666666,0.9672131147540983,11647.0,1,1,Dermatology,DEExp,2,CV,1,324945
6,0.020166666666666666,0.9590163934426229,14915.0,1,1,Dermatology,DEExp,2,CV,1,324946
7,0.016166666666666666,0.9508196721311475,10567.0,1,1,Dermatology,DEExp,2,CV,1,324947
8,0.012166666666666668,0.9672131147540983,15660.0,1,1,Dermatology,DEExp,2,CV,1,324948
9,0.012166666666666668,0.9590163934426229,11357.0,1,1,Dermatology,DEExp,2,CV,1,324949
10,0.016166666666666666,0.9590163934426229,15891.0,1,1,Dermatology,DEExp,2,CV,1,324950
11,0.016,0.9754098360655737,11329.0,1,1,Dermatology,DEExp,2,CV,1,324951
12,0.020166666666666666,0.9426229508196722,11352.0,1,1,Dermatology,DEExp,2,CV,1,324952
13,0.020166666666666666,0.9836065573770492,11301.0,1,1,Dermatology,DEExp,2,CV,1,324953
14,0.020166666666666666,0.9836065573770492,14063.0,1,1,Dermatology,DEExp,2,CV,1,324954
15,0.020166666666666666,0.9344262295081968,11356.0,1,1,Dermatology,DEExp,2,CV,1,324955
16,0.02033333333333333,0.9672131147540983,11647.0,1,1,Dermatology,DEExp,2,CV,1,324956
17,0.020166666666666666,0.9754098360655737,14150.0,1,1,Dermatology,DEExp,2,CV,1,324957
18,0.016,0.9672131147540983,11927.0,1,1,Dermatology,DEExp,2,CV,1,324958
19,0.02,0.9754098360655737,11241.0,1,1,Dermatology,DEExp,2,CV,1,325239
20,0.02,0.9590163934426229,11006.0,1,1,Dermatology,DEExp,2,CV,1,324960
21,0.02033333333333333,0.9344262295081968,13006.0,1,1,Dermatology,DEExp,2,CV,1,324961
22,0.016166666666666666,0.9590163934426229,12265.0,1,1,Dermatology,DEExp,2,CV,1,324962
23,0.01633333333333333,0.9262295081967213,16199.0,1,1,Dermatology,DEExp,2,CV,1,324963
24,0.012,0.9426229508196722,14868.0,1,1,Dermatology,DEExp,2,CV,1,325244
25,0.012166666666666668,0.9672131147540983,15717.0,1,1,Dermatology,DEExp,2,CV,1,324965
26,0.020166666666666666,0.9590163934426229,11422.0,1,1,Dermatology,DEExp,2,CV,1,324966
27,0.012333333333333332,0.9508196721311475,10536.0,1,1,Dermatology,DEExp,2,CV,1,324967
28,0.016166666666666666,0.9754098360655737,11301.0,1,1,Dermatology,DEExp,2,CV,1,324968
29,0.02033333333333333,0.9672131147540983,11438.0,1,1,Dermatology,DEExp,2,CV,1,324969
30,0.016166666666666666,0.9672131147540983,11629.0,1,1,Dermatology,DEExp,2,CV,1,324970
31,0.02,0.9426229508196722,11717.0,1,1,Dermatology,DEExp,2,CV,1,324971
32,0.016166666666666666,0.9754098360655737,10558.0,1,1,Dermatology,DEExp,2,CV,1,324972
33,0.016166666666666666,0.9754098360655737,11047.0,1,1,Dermatology,DEExp,2,CV,1,325253
34,0.012,0.9672131147540983,11764.0,1,1,Dermatology,DEExp,2,CV,1,324974