
0,0.12490118577075097,0.875,9537.0,1,1,Ecoli,DEExp,2,CV,1,325290
1,0.13814229249011856,0.8392857142857143,9453.0,1,1,Ecoli,DEExp,2,CV,1,325291
2,0.13399209486166005,0.8482142857142857,9453.0,1,1,Ecoli,DEExp,2,CV,1,325292
3,0.1292490118577075,0.8839285714285714,12730.0,1,1,Ecoli,DEExp,2,CV,1,267903
4,0.13794466403162056,0.9017857142857143,9569.0,1,1,Ecoli,DEExp,2,CV,1,325294
5,0.133596837944664,0.8660714285714286,9552.0,1,1,Ecoli,DEExp,2,CV,1,325295
6,0.12905138339920946,0.8571428571428572,9582.0,1,1,Ecoli,DEExp,2,CV,1,325296
7,0.1377470355731225,0.875,9572.0,1,1,Ecoli,DEExp,2,CV,1,325297
8,0.1243083003952569,0.8571428571428572,9615.0,1,1,Ecoli,DEExp,2,CV,1,325298
9,0.12490118577075097,0.875,9688.0,1,1,Ecoli,DEExp,2,CV,1,325299
10,0.13754940711462446,0.8482142857142857,9684.0,1,1,Ecoli,DEExp,2,CV,1,325300
11,0.12450592885375493,0.8660714285714286,9581.0,1,1,Ecoli,DEExp,2,CV,1,325301
12,0.13814229249011856,0.8303571428571428,9536.0,1,1,Ecoli,DEExp,2,CV,1,325302
13,0.1377470355731225,0.8571428571428572,9438.0,1,1,Ecoli,DEExp,2,CV,1,325303
14,0.133794466403162,0.8392857142857143,9422.0,1,1,Ecoli,DEExp,2,CV,1,325304
15,0.12924901185770749,0.8571428571428572,9615.0,1,1,Ecoli,DEExp,2,CV,1,325305
16,0.12905138339920946,0.8571428571428572,9538.0,1,1,Ecoli,DEExp,2,CV,1,325306
17,0.13399209486166005,0.8660714285714286,9540.0,1,1,Ecoli,DEExp,2,CV,1,325307
18,0.13814229249011856,0.8482142857142857,9532.0,1,1,Ecoli,DEExp,2,CV,1,325308
19,0.1383399209486166,0.8660714285714286,9538.0,1,1,Ecoli,DEExp,2,CV,1,325309
20,0.13339920948616596,0.8303571428571428,9591.0,1,1,Ecoli,DEExp,2,CV,1,325310
21,0.1383399209486166,0.8571428571428572,9706.0,1,1,Ecoli,DEExp,2,CV,1,267921
22,0.1294466403162055,0.8303571428571428,9599.0,1,1,Ecoli,DEExp,2,CV,1,325312
23,0.133596837944664,0.8660714285714286,19281.0,1,1,Ecoli,DEExp,2,CV,1,325313
24,0.12964426877470356,0.8571428571428572,13572.0,1,1,Ecoli,DEExp,2,CV,1,325314
25,0.133794466403162,0.8482142857142857,10599.0,1,1,Ecoli,DEExp,2,CV,1,325315
26,0.1379446640316205,0.875,13678.0,1,1,Ecoli,DEExp,2,CV,1,325316
27,0.1294466403162055,0.8571428571428572,8990.0,1,1,Ecoli,DEExp,2,CV,1,325317
28,0.12885375494071144,0.8214285714285714,9375.0,1,1,Ecoli,DEExp,2,CV,1,325318
29,0.1339920948616601,0.8660714285714286,10781.0,1,1,Ecoli,DEExp,2,CV,1,325319
30,0.12905138339920946,0.8571428571428572,9006.0,1,1,Ecoli,DEExp,2,CV,1,325320
31,0.12490118577075097,0.8660714285714286,9533.0,1,1,Ecoli,DEExp,2,CV,1,325321
32,0.13814229249011856,0.8928571428571429,9505.0,1,1,Ecoli,DEExp,2,CV,1,325322
33,0.12490118577075097,0.8303571428571428,9687.0,1,1,Ecoli,DEExp,2,CV,1,325323