
0,229.8082122753859,231.9841647149021,6012.0,1,1,Veteran,DEExp,2,CV,1,326235
1,217.36750891275702,227.5072235240575,4378.0,1,1,Veteran,DEExp,2,CV,1,326236
2,216.560912150957,277.97226962584966,4359.0,1,1,Veteran,DEExp,2,CV,1,326237
3,199.22072814362178,304.0208445314844,5928.0,1,1,Veteran,DEExp,2,CV,1,326238
4,221.22028827480568,421.2616509121051,4375.0,1,1,Veteran,DEExp,2,CV,1,326239
5,224.23653803190427,245.78959205240832,4407.0,1,1,Veteran,DEExp,2,CV,1,326240
6,220.58412107702583,205.02292245349597,4449.0,1,1,Veteran,DEExp,2,CV,1,268716
7,218.8122695510487,371.30678325641657,5410.0,1,1,Veteran,DEExp,2,CV,1,326242
8,213.93374704353596,343.93079561570863,6245.0,1,1,Veteran,DEExp,2,CV,1,326243
9,201.82532555379493,160.1740737156191,4460.0,1,1,Veteran,DEExp,2,CV,1,326244
10,229.58843945082248,193.24209403542582,4374.0,1,1,Veteran,DEExp,2,CV,1,326245
11,194.11498176787808,305.32940721653205,5964.0,1,1,Veteran,DEExp,2,CV,1,326246
12,196.6634365626888,267.4243472644737,5381.0,1,1,Veteran,DEExp,2,CV,1,326247
13,237.1450994693746,367.06805562530326,4463.0,1,1,Veteran,DEExp,2,CV,1,326248
14,202.56400627966477,203.34591531787575,4400.0,1,1,Veteran,DEExp,2,CV,1,326249
15,193.35619524160467,268.59796409537233,4354.0,1,1,Veteran,DEExp,2,CV,1,326250
16,238.31976924425618,321.9593270804855,4484.0,1,1,Veteran,DEExp,2,CV,1,326251
17,214.49246058989576,423.9470015085621,5960.0,1,1,Veteran,DEExp,2,CV,1,326252
18,197.9083696592823,461.37301919612975,4358.0,1,1,Veteran,DEExp,2,CV,1,326253
19,210.96055206610245,330.33393452822867,4811.0,1,1,Veteran,DEExp,2,CV,1,326254
20,204.782029710718,488.9584552879507,4342.0,1,1,Veteran,DEExp,2,CV,1,326255
21,211.64701660312545,455.94743853148117,4344.0,1,1,Veteran,DEExp,2,CV,1,326256
22,214.77941893248658,312.1657378708345,4417.0,1,1,Veteran,DEExp,2,CV,1,326257
23,197.7980011131119,266.0729785451663,4396.0,1,1,Veteran,DEExp,2,CV,1,326258
24,220.4701482989763,168.14940309723872,4754.0,1,1,Veteran,DEExp,2,CV,1,268734
25,223.33156891501739,168.65500208617914,4344.0,1,1,Veteran,DEExp,2,CV,1,326260
26,207.7299811566242,324.8991114237153,4329.0,1,1,Veteran,DEExp,2,CV,1,326261
27,205.1241744714454,404.39989637290523,4859.0,1,1,Veteran,DEExp,2,CV,1,326262
28,228.73423063759665,433.0494661874631,4391.0,1,1,Veteran,DEExp,2,CV,1,326263
29,238.7658357747644,670.1533670275137,4360.0,1,1,Veteran,DEExp,2,CV,1,326264
30,226.83245669435564,283.3001589071256,4294.0,1,1,Veteran,DEExp,2,CV,1,326265
31,209.30568096891403,169.68007883076768,4373.0,1,1,Veteran,DEExp,2,CV,1,326266
32,179.66246511968657,184.4632757233324,6051.0,1,1,Veteran,DEExp,2,CV,1,326267
33,199.6700888246568,220.28045797018788,4429.0,1,1,Veteran,DEExp,2,CV,1,326268
34,181.12324543108627,226.28390548556885,4377.0,1,1,Veteran,DEExp,2,CV,1,326269