
0,0.0,0.9333333333333333,5359.0,1,1,Wine,DEExp,2,CV,1,325990
1,0.008333333333333333,0.9666666666666667,5383.0,1,1,Wine,DEExp,2,CV,1,325991
2,0.00909090909090909,1.0,5481.0,1,1,Wine,DEExp,2,CV,1,325992
3,0.008333333333333333,0.9666666666666667,5539.0,1,1,Wine,DEExp,2,CV,1,325993
4,0.008333333333333333,0.95,5484.0,1,1,Wine,DEExp,2,CV,1,325994
5,0.008333333333333333,0.95,5452.0,1,1,Wine,DEExp,2,CV,1,268505
6,0.00909090909090909,0.9666666666666667,6125.0,1,1,Wine,DEExp,2,CV,1,325996
7,0.0,0.9666666666666667,5458.0,1,1,Wine,DEExp,2,CV,1,325997
8,0.008333333333333333,0.9833333333333333,5422.0,1,1,Wine,DEExp,2,CV,1,325998
9,0.008333333333333333,1.0,5371.0,1,1,Wine,DEExp,2,CV,1,325999
10,0.0,0.95,5461.0,1,1,Wine,DEExp,2,CV,1,326000
11,0.0,0.9666666666666667,6106.0,1,1,Wine,DEExp,2,CV,1,326001
12,0.008333333333333333,0.95,5574.0,1,1,Wine,DEExp,2,CV,1,268512
13,0.008333333333333333,0.9666666666666667,5553.0,1,1,Wine,DEExp,2,CV,1,326003
14,0.008333333333333333,0.95,5474.0,1,1,Wine,DEExp,2,CV,1,326004
15,0.0,0.9666666666666667,5467.0,1,1,Wine,DEExp,2,CV,1,268515
16,0.008333333333333333,0.9666666666666667,5625.0,1,1,Wine,DEExp,2,CV,1,326006
17,0.0,0.9666666666666667,6041.0,1,1,Wine,DEExp,2,CV,1,326007
18,0.008333333333333333,0.9833333333333333,5456.0,1,1,Wine,DEExp,2,CV,1,326008
19,0.008333333333333333,0.9333333333333333,5349.0,1,1,Wine,DEExp,2,CV,1,326009
20,0.0,1.0,5360.0,1,1,Wine,DEExp,2,CV,1,326010
21,0.0,0.9333333333333333,5376.0,1,1,Wine,DEExp,2,CV,1,326011
22,0.0,0.95,5448.0,1,1,Wine,DEExp,2,CV,1,326012
23,0.0,1.0,5542.0,1,1,Wine,DEExp,2,CV,1,326013
24,0.008333333333333333,0.9833333333333333,5502.0,1,1,Wine,DEExp,2,CV,1,326014
25,0.0,0.9833333333333333,6095.0,1,1,Wine,DEExp,2,CV,1,326015
26,0.0,0.9833333333333333,5531.0,1,1,Wine,DEExp,2,CV,1,326016
27,0.0,0.9833333333333333,5568.0,1,1,Wine,DEExp,2,CV,1,268527
28,0.008333333333333333,0.95,5406.0,1,1,Wine,DEExp,2,CV,1,326018
29,0.0,0.9833333333333333,5335.0,1,1,Wine,DEExp,2,CV,1,326019
31,0.008333333333333333,0.9333333333333333,5422.0,1,1,Wine,DEExp,2,CV,1,326021
32,0.0,0.9333333333333333,5392.0,1,1,Wine,DEExp,2,CV,1,326022
33,0.0,0.9833333333333333,5511.0,1,1,Wine,DEExp,2,CV,1,326023
34,0.0,0.95,5530.0,1,1,Wine,DEExp,2,CV,1,326024
30,0.0,0.9833333333333333,5750.0,1,1,Wine,DEExp,2,CV,1,277750