
0,0.15879120879120875,0.7,8937.0,1,1,Connectionist,DEExp,3,CV,1,268980
1,0.18186813186813186,0.7142857142857143,6565.0,1,1,Connectionist,DEExp,3,CV,1,326621
2,0.16648351648351647,0.7,8607.0,1,1,Connectionist,DEExp,3,CV,1,326622
3,0.19560439560439558,0.7285714285714286,9768.0,1,1,Connectionist,DEExp,3,CV,1,326623
4,0.21813186813186808,0.7428571428571429,9885.0,1,1,Connectionist,DEExp,3,CV,1,326624
5,0.19560439560439558,0.8142857142857143,10207.0,1,1,Connectionist,DEExp,3,CV,1,326625
6,0.18791208791208786,0.7714285714285715,9883.0,1,1,Connectionist,DEExp,3,CV,1,326626
7,0.17417582417582417,0.7857142857142857,7149.0,1,1,Connectionist,DEExp,3,CV,1,326627
8,0.18956043956043955,0.7571428571428571,7235.0,1,1,Connectionist,DEExp,3,CV,1,326628
9,0.13901098901098902,0.7285714285714286,7067.0,1,1,Connectionist,DEExp,3,CV,1,326629
10,0.17417582417582417,0.6857142857142857,5787.0,1,1,Connectionist,DEExp,3,CV,1,268990
11,0.1604395604395604,0.7428571428571429,9897.0,1,1,Connectionist,DEExp,3,CV,1,326631
12,0.18791208791208786,0.7428571428571429,6665.0,1,1,Connectionist,DEExp,3,CV,1,326632
13,0.1445054945054945,0.7428571428571429,10003.0,1,1,Connectionist,DEExp,3,CV,1,326633
14,0.18186813186813183,0.7,7890.0,1,1,Connectionist,DEExp,3,CV,1,326634
15,0.18791208791208788,0.7,7040.0,1,1,Connectionist,DEExp,3,CV,1,326635
16,0.17307692307692307,0.7285714285714286,7014.0,1,1,Connectionist,DEExp,3,CV,1,326636
17,0.19725274725274725,0.7571428571428571,7073.0,1,1,Connectionist,DEExp,3,CV,1,326637
18,0.18131868131868129,0.6714285714285715,5795.0,1,1,Connectionist,DEExp,3,CV,1,268998
19,0.17417582417582417,0.7428571428571429,7124.0,1,1,Connectionist,DEExp,3,CV,1,326639
20,0.15274725274725273,0.6857142857142857,8875.0,1,1,Connectionist,DEExp,3,CV,1,269000
21,0.18186813186813183,0.7285714285714286,7534.0,1,1,Connectionist,DEExp,3,CV,1,269001
22,0.18021978021978022,0.8142857142857143,6600.0,1,1,Connectionist,DEExp,3,CV,1,326642
23,0.15879120879120878,0.6571428571428571,7908.0,1,1,Connectionist,DEExp,3,CV,1,269003
24,0.18131868131868129,0.7142857142857143,5795.0,1,1,Connectionist,DEExp,3,CV,1,269004
25,0.18241758241758238,0.6857142857142857,7048.0,1,1,Connectionist,DEExp,3,CV,1,326645
26,0.1824175824175824,0.7428571428571429,7162.0,1,1,Connectionist,DEExp,3,CV,1,326646
27,0.21813186813186816,0.7428571428571429,7000.0,1,1,Connectionist,DEExp,3,CV,1,326647
28,0.19615384615384615,0.7571428571428571,7890.0,1,1,Connectionist,DEExp,3,CV,1,326648
29,0.16593406593406593,0.7142857142857143,7015.0,1,1,Connectionist,DEExp,3,CV,1,326649
30,0.1593406593406593,0.7857142857142857,7118.0,1,1,Connectionist,DEExp,3,CV,1,326650
31,0.13736263736263735,0.7,7344.0,1,1,Connectionist,DEExp,3,CV,1,326651
33,0.18131868131868129,0.8,7903.0,1,1,Connectionist,DEExp,3,CV,1,326653
32,0.1967032967032967,0.7571428571428571,8906.0,1,1,Connectionist,DEExp,3,CV,1,269206