
0,7.566979064090178,38.15521450638332,6548.0,1,1,Cpu,DEExp,3,CV,1,327600
1,6.134916002955312,32.084091154290114,6586.0,1,1,Cpu,DEExp,3,CV,1,327601
2,6.611545639052527,9.033472906701483,6591.0,1,1,Cpu,DEExp,3,CV,1,327602
3,5.6259303481941965,9.444824316659687,6141.0,1,1,Cpu,DEExp,3,CV,1,327603
4,7.481219980006623,12.953879656917861,6287.0,1,1,Cpu,DEExp,3,CV,1,327604
5,7.891392285083562,14.043126200851233,6265.0,1,1,Cpu,DEExp,3,CV,1,327605
6,6.397510803022296,21.460081031704995,6375.0,1,1,Cpu,DEExp,3,CV,1,327606
7,5.047266234014641,35.257801031666055,6173.0,1,1,Cpu,DEExp,3,CV,1,327607
8,6.080956502762236,31.331923420289474,6431.0,1,1,Cpu,DEExp,3,CV,1,269828
9,8.81697867955252,9.898351652174203,6078.0,1,1,Cpu,DEExp,3,CV,1,327609
10,7.358520644637466,76.62527773785459,6250.0,1,1,Cpu,DEExp,3,CV,1,269830
11,5.107237860842898,14.871701154797577,6062.0,1,1,Cpu,DEExp,3,CV,1,327611
12,9.159441932605892,30.019529016008434,6460.0,1,1,Cpu,DEExp,3,CV,1,327612
13,6.419974656422444,15.531161446454444,6303.0,1,1,Cpu,DEExp,3,CV,1,327613
14,8.76808656056399,28.86101669627819,6484.0,1,1,Cpu,DEExp,3,CV,1,269834
15,6.568320507671132,36.19239942660327,8832.0,1,1,Cpu,DEExp,3,CV,1,327615
16,5.644295849646122,83.16349449115415,6228.0,1,1,Cpu,DEExp,3,CV,1,327616
17,9.417725714576264,27.40137587272547,6234.0,1,1,Cpu,DEExp,3,CV,1,327617
18,5.152537811488321,17.773725043504253,6227.0,1,1,Cpu,DEExp,3,CV,1,327618
19,8.703471511576275,49.541007924955885,6537.0,1,1,Cpu,DEExp,3,CV,1,327619
20,6.285148467817875,20.61713190627792,6078.0,1,1,Cpu,DEExp,3,CV,1,327620
21,5.806524845419623,77.60368280763593,6577.0,1,1,Cpu,DEExp,3,CV,1,327621
22,6.3287969128900805,23.294309598582934,6305.0,1,1,Cpu,DEExp,3,CV,1,327622
23,6.9544749390297635,17.19053817406684,6399.0,1,1,Cpu,DEExp,3,CV,1,269843
24,6.703685577853621,21.307434385907417,6300.0,1,1,Cpu,DEExp,3,CV,1,327624
25,6.51450288688058,43.80888308717263,6332.0,1,1,Cpu,DEExp,3,CV,1,327625
26,7.552315340425055,40.98924622187121,6363.0,1,1,Cpu,DEExp,3,CV,1,327626
27,6.400326545042404,81.28540040619824,7911.0,1,1,Cpu,DEExp,3,CV,1,327627
28,5.552029210536605,15.221883435656999,8790.0,1,1,Cpu,DEExp,3,CV,1,327628
29,6.238821358790175,44.078501673658025,8789.0,1,1,Cpu,DEExp,3,CV,1,327629
30,6.094881334180716,47.77939702263092,6438.0,1,1,Cpu,DEExp,3,CV,1,327630
31,6.427316399756589,108.49010121088973,6589.0,1,1,Cpu,DEExp,3,CV,1,327631
32,7.811676383844389,86.27835186223808,6626.0,1,1,Cpu,DEExp,3,CV,1,327632
33,5.2820515717292515,18.242721888462075,6125.0,1,1,Cpu,DEExp,3,CV,1,327633
34,6.651976174250831,6.670967362876029,6232.0,1,1,Cpu,DEExp,3,CV,1,327634