
0,0.4600000000000001,0.5581395348837209,39004.0,1,1,Contraceptive,DEExp,6,CV,1,331065
1,0.453,0.5517970401691332,41722.0,1,1,Contraceptive,DEExp,6,CV,1,272611
2,0.457,0.562367864693446,40901.0,1,1,Contraceptive,DEExp,6,CV,1,272612
3,0.46499999999999997,0.5560253699788584,52499.0,1,1,Contraceptive,DEExp,6,CV,1,272613
4,0.445,0.547568710359408,39197.0,1,1,Contraceptive,DEExp,6,CV,1,331069
5,0.45499999999999996,0.5581395348837209,38265.0,1,1,Contraceptive,DEExp,6,CV,1,331070
6,0.45499999999999996,0.5306553911205074,53845.0,1,1,Contraceptive,DEExp,6,CV,1,331071
7,0.45199999999999996,0.5433403805496828,38959.0,1,1,Contraceptive,DEExp,6,CV,1,331072
8,0.44800000000000006,0.5391120507399577,53567.0,1,1,Contraceptive,DEExp,6,CV,1,331073
9,0.4459999999999999,0.5496828752642706,38851.0,1,1,Contraceptive,DEExp,6,CV,1,331074
10,0.45999999999999996,0.5496828752642706,39003.0,1,1,Contraceptive,DEExp,6,CV,1,331075
11,0.45500000000000007,0.547568710359408,37891.0,1,1,Contraceptive,DEExp,6,CV,1,331076
12,0.45600000000000007,0.5496828752642706,54081.0,1,1,Contraceptive,DEExp,6,CV,1,331077
13,0.4419999999999999,0.5708245243128964,38375.0,1,1,Contraceptive,DEExp,6,CV,1,331078
14,0.45199999999999996,0.5348837209302326,37672.0,1,1,Contraceptive,DEExp,6,CV,1,331079
15,0.441,0.5771670190274841,39648.0,1,1,Contraceptive,DEExp,6,CV,1,331080
16,0.45499999999999996,0.547568710359408,38079.0,1,1,Contraceptive,DEExp,6,CV,1,331081
17,0.45499999999999996,0.5454545454545454,38610.0,1,1,Contraceptive,DEExp,6,CV,1,331082
18,0.45099999999999996,0.5792811839323467,36485.0,1,1,Contraceptive,DEExp,6,CV,1,331083
19,0.454,0.547568710359408,38172.0,1,1,Contraceptive,DEExp,6,CV,1,331084
20,0.45299999999999996,0.5602536997885835,39381.0,1,1,Contraceptive,DEExp,6,CV,1,272630
21,0.45600000000000007,0.5539112050739958,39516.0,1,1,Contraceptive,DEExp,6,CV,1,272631
22,0.45299999999999996,0.507399577167019,38544.0,1,1,Contraceptive,DEExp,6,CV,1,331087
23,0.45600000000000007,0.5687103594080338,36097.0,1,1,Contraceptive,DEExp,6,CV,1,331088
24,0.4469999999999999,0.587737843551797,38972.0,1,1,Contraceptive,DEExp,6,CV,1,331089
25,0.45099999999999996,0.5687103594080338,38967.0,1,1,Contraceptive,DEExp,6,CV,1,331090
26,0.45999999999999996,0.5687103594080338,38187.0,1,1,Contraceptive,DEExp,6,CV,1,331091
27,0.46499999999999997,0.5285412262156448,38187.0,1,1,Contraceptive,DEExp,6,CV,1,331092
28,0.45999999999999996,0.547568710359408,38845.0,1,1,Contraceptive,DEExp,6,CV,1,331093
29,0.45499999999999996,0.5539112050739958,36598.0,1,1,Contraceptive,DEExp,6,CV,1,331094
31,0.45699999999999996,0.5581395348837209,38876.0,1,1,Contraceptive,DEExp,6,CV,1,331096
32,0.462,0.5560253699788584,38861.0,1,1,Contraceptive,DEExp,6,CV,1,331097
33,0.446,0.5539112050739958,37797.0,1,1,Contraceptive,DEExp,6,CV,1,331098
34,0.45,0.5665961945031712,38078.0,1,1,Contraceptive,DEExp,6,CV,1,331099
30,0.4629999999999999,0.5306553911205074,42266.0,1,1,Contraceptive,DEExp,6,CV,1,282687