
0,0.15879120879120875,0.7,6969.0,1,1,Connectionist,DEExp,6,CV,1,331030
1,0.17527472527472526,0.7142857142857143,7000.0,1,1,Connectionist,DEExp,6,CV,1,331031
2,0.17362637362637362,0.7142857142857143,7000.0,1,1,Connectionist,DEExp,6,CV,1,331032
3,0.18846153846153846,0.7,6985.0,1,1,Connectionist,DEExp,6,CV,1,331033
4,0.18186813186813183,0.7571428571428571,7542.0,1,1,Connectionist,DEExp,6,CV,1,272584
5,0.18186813186813186,0.8142857142857143,8994.0,1,1,Connectionist,DEExp,6,CV,1,272585
6,0.17967032967032964,0.8,7366.0,1,1,Connectionist,DEExp,6,CV,1,272586
7,0.17417582417582417,0.7428571428571429,6985.0,1,1,Connectionist,DEExp,6,CV,1,331037
8,0.16648351648351645,0.7571428571428571,7196.0,1,1,Connectionist,DEExp,6,CV,1,331038
9,0.16813186813186812,0.7,7207.0,1,1,Connectionist,DEExp,6,CV,1,331039
10,0.16703296703296702,0.6714285714285715,7031.0,1,1,Connectionist,DEExp,6,CV,1,331040
11,0.1604395604395604,0.7428571428571429,7259.0,1,1,Connectionist,DEExp,6,CV,1,331041
12,0.18791208791208786,0.7285714285714286,7132.0,1,1,Connectionist,DEExp,6,CV,1,331042
13,0.1445054945054945,0.7285714285714286,7163.0,1,1,Connectionist,DEExp,6,CV,1,331043
14,0.18186813186813186,0.7,7137.0,1,1,Connectionist,DEExp,6,CV,1,331044
15,0.18791208791208788,0.6714285714285715,7000.0,1,1,Connectionist,DEExp,6,CV,1,331045
16,0.17307692307692307,0.7285714285714286,6921.0,1,1,Connectionist,DEExp,6,CV,1,331046
17,0.18901098901098898,0.7428571428571429,7031.0,1,1,Connectionist,DEExp,6,CV,1,331047
18,0.17417582417582417,0.6857142857142857,7044.0,1,1,Connectionist,DEExp,6,CV,1,331048
19,0.1598901098901099,0.7571428571428571,6969.0,1,1,Connectionist,DEExp,6,CV,1,331049
20,0.1598901098901099,0.7,7088.0,1,1,Connectionist,DEExp,6,CV,1,331050
21,0.189010989010989,0.7285714285714286,7193.0,1,1,Connectionist,DEExp,6,CV,1,331051
22,0.17527472527472526,0.7857142857142857,7144.0,1,1,Connectionist,DEExp,6,CV,1,331052
23,0.1516483516483516,0.6285714285714286,6984.0,1,1,Connectionist,DEExp,6,CV,1,331053
24,0.18131868131868129,0.7142857142857143,7016.0,1,1,Connectionist,DEExp,6,CV,1,331054
25,0.18846153846153846,0.8142857142857143,7058.0,1,1,Connectionist,DEExp,6,CV,1,331055
26,0.1824175824175824,0.7428571428571429,7000.0,1,1,Connectionist,DEExp,6,CV,1,331056
27,0.20384615384615384,0.7285714285714286,7058.0,1,1,Connectionist,DEExp,6,CV,1,331057
28,0.2032967032967033,0.7571428571428571,7081.0,1,1,Connectionist,DEExp,6,CV,1,331058
29,0.18076923076923074,0.7142857142857143,6921.0,1,1,Connectionist,DEExp,6,CV,1,331059
30,0.15989010989010988,0.7714285714285715,6984.0,1,1,Connectionist,DEExp,6,CV,1,331060
31,0.18681318681318682,0.7142857142857143,7185.0,1,1,Connectionist,DEExp,6,CV,1,331061
33,0.18791208791208788,0.7142857142857143,10141.0,1,1,Connectionist,DEExp,6,CV,1,331063
34,0.1901098901098901,0.7,10067.0,1,1,Connectionist,DEExp,6,CV,1,331064
32,0.2115384615384615,0.7571428571428571,9109.0,1,1,Connectionist,DEExp,6,CV,1,273286