
0,0.06431159420289853,0.8888888888888888,10328.0,1,1,Ionosphere,DEExp,6,CV,1,272910
1,0.09003623188405796,0.8547008547008547,10381.0,1,1,Ionosphere,DEExp,6,CV,1,331416
2,0.07264492753623188,0.8547008547008547,10109.0,1,1,Ionosphere,DEExp,6,CV,1,331417
3,0.08550724637681159,0.9145299145299145,10239.0,1,1,Ionosphere,DEExp,6,CV,1,272913
4,0.08134057971014493,0.8888888888888888,10335.0,1,1,Ionosphere,DEExp,6,CV,1,331419
5,0.07735507246376812,0.8717948717948718,10093.0,1,1,Ionosphere,DEExp,6,CV,1,331420
6,0.07264492753623188,0.8632478632478633,10110.0,1,1,Ionosphere,DEExp,6,CV,1,331421
7,0.08967391304347824,0.8974358974358975,10900.0,1,1,Ionosphere,DEExp,6,CV,1,272917
8,0.08550724637681159,0.8803418803418803,10398.0,1,1,Ionosphere,DEExp,6,CV,1,331423
9,0.07681159420289854,0.8888888888888888,10393.0,1,1,Ionosphere,DEExp,6,CV,1,331424
10,0.05579710144927537,0.905982905982906,9617.0,1,1,Ionosphere,DEExp,6,CV,1,331425
11,0.03876811594202898,0.8803418803418803,10203.0,1,1,Ionosphere,DEExp,6,CV,1,331426
12,0.08170289855072463,0.8632478632478633,10349.0,1,1,Ionosphere,DEExp,6,CV,1,331427
13,0.09384057971014492,0.8632478632478633,10188.0,1,1,Ionosphere,DEExp,6,CV,1,331428
14,0.08967391304347824,0.8974358974358975,10156.0,1,1,Ionosphere,DEExp,6,CV,1,331429
15,0.08532608695652173,0.8974358974358975,12859.0,1,1,Ionosphere,DEExp,6,CV,1,331430
16,0.08170289855072463,0.8974358974358975,10263.0,1,1,Ionosphere,DEExp,6,CV,1,331431
17,0.08532608695652172,0.8717948717948718,11249.0,1,1,Ionosphere,DEExp,6,CV,1,331432
18,0.08152173913043477,0.8717948717948718,14236.0,1,1,Ionosphere,DEExp,6,CV,1,331433
19,0.05996376811594203,0.8717948717948718,11164.0,1,1,Ionosphere,DEExp,6,CV,1,331434
20,0.06847826086956522,0.8376068376068376,12051.0,1,1,Ionosphere,DEExp,6,CV,1,331435
21,0.08115942028985507,0.8461538461538461,10639.0,1,1,Ionosphere,DEExp,6,CV,1,272931
22,0.06829710144927535,0.8888888888888888,12096.0,1,1,Ionosphere,DEExp,6,CV,1,331437
23,0.0644927536231884,0.905982905982906,12113.0,1,1,Ionosphere,DEExp,6,CV,1,331438
24,0.0681159420289855,0.9230769230769231,10989.0,1,1,Ionosphere,DEExp,6,CV,1,272934
25,0.08532608695652175,0.8974358974358975,12094.0,1,1,Ionosphere,DEExp,6,CV,1,331440
26,0.07681159420289854,0.8803418803418803,14502.0,1,1,Ionosphere,DEExp,6,CV,1,331441
27,0.06467391304347826,0.9230769230769231,14262.0,1,1,Ionosphere,DEExp,6,CV,1,331442
28,0.08514492753623189,0.8803418803418803,14463.0,1,1,Ionosphere,DEExp,6,CV,1,331443
29,0.08152173913043478,0.8632478632478633,14545.0,1,1,Ionosphere,DEExp,6,CV,1,331444
30,0.08115942028985508,0.829059829059829,12094.0,1,1,Ionosphere,DEExp,6,CV,1,331445
31,0.08152173913043478,0.8974358974358975,15701.0,1,1,Ionosphere,DEExp,6,CV,1,331446
32,0.07246376811594203,0.8717948717948718,14481.0,1,1,Ionosphere,DEExp,6,CV,1,331447
33,0.08967391304347824,0.905982905982906,9669.0,1,1,Ionosphere,DEExp,6,CV,1,331448
34,0.08967391304347826,0.905982905982906,14541.0,1,1,Ionosphere,DEExp,6,CV,1,331449