
0,0.12857142857142856,0.8200000000000001,8900.0,1,1,Vertebral2C,DEExp,6,CV,1,330785
1,0.13809523809523808,0.8200000000000001,7982.0,1,1,Vertebral2C,DEExp,6,CV,1,330786
2,0.13809523809523808,0.85,8766.0,1,1,Vertebral2C,DEExp,6,CV,1,331662
3,0.12380952380952379,0.81,12103.0,1,1,Vertebral2C,DEExp,6,CV,1,330788
4,0.13809523809523808,0.76,9208.0,1,1,Vertebral2C,DEExp,6,CV,1,273124
5,0.12857142857142856,0.83,8390.0,1,1,Vertebral2C,DEExp,6,CV,1,330790
6,0.12857142857142856,0.81,8106.0,1,1,Vertebral2C,DEExp,6,CV,1,330791
7,0.13333333333333336,0.8200000000000001,8562.0,1,1,Vertebral2C,DEExp,6,CV,1,330792
8,0.13809523809523805,0.81,8516.0,1,1,Vertebral2C,DEExp,6,CV,1,330793
9,0.13809523809523808,0.78,8787.0,1,1,Vertebral2C,DEExp,6,CV,1,330794
10,0.12857142857142856,0.83,8773.0,1,1,Vertebral2C,DEExp,6,CV,1,330795
11,0.12857142857142856,0.8,7971.0,1,1,Vertebral2C,DEExp,6,CV,1,330796
12,0.13809523809523808,0.78,8833.0,1,1,Vertebral2C,DEExp,6,CV,1,330797
13,0.1333333333333333,0.79,8875.0,1,1,Vertebral2C,DEExp,6,CV,1,330798
14,0.13333333333333333,0.84,8609.0,1,1,Vertebral2C,DEExp,6,CV,1,330799
15,0.13333333333333333,0.83,12035.0,1,1,Vertebral2C,DEExp,6,CV,1,330800
16,0.11904761904761903,0.83,11867.0,1,1,Vertebral2C,DEExp,6,CV,1,330801
17,0.1333333333333333,0.8200000000000001,8453.0,1,1,Vertebral2C,DEExp,6,CV,1,330802
18,0.1333333333333333,0.8200000000000001,8845.0,1,1,Vertebral2C,DEExp,6,CV,1,331678
19,0.12857142857142856,0.8200000000000001,8375.0,1,1,Vertebral2C,DEExp,6,CV,1,330804
20,0.1333333333333333,0.8200000000000001,8437.0,1,1,Vertebral2C,DEExp,6,CV,1,330805
21,0.1333333333333333,0.79,8818.0,1,1,Vertebral2C,DEExp,6,CV,1,330806
22,0.12857142857142856,0.78,11807.0,1,1,Vertebral2C,DEExp,6,CV,1,330807
23,0.12380952380952379,0.8200000000000001,8881.0,1,1,Vertebral2C,DEExp,6,CV,1,330808
24,0.12857142857142856,0.84,8329.0,1,1,Vertebral2C,DEExp,6,CV,1,330809
25,0.12857142857142856,0.83,11946.0,1,1,Vertebral2C,DEExp,6,CV,1,330810
26,0.14285714285714285,0.8200000000000001,11745.0,1,1,Vertebral2C,DEExp,6,CV,1,330811
27,0.12380952380952381,0.84,11686.0,1,1,Vertebral2C,DEExp,6,CV,1,330812
28,0.12857142857142856,0.8,8406.0,1,1,Vertebral2C,DEExp,6,CV,1,330813
29,0.12857142857142856,0.78,8000.0,1,1,Vertebral2C,DEExp,6,CV,1,330814
30,0.13333333333333333,0.8200000000000001,8940.0,1,1,Vertebral2C,DEExp,6,CV,1,330815
31,0.1380952380952381,0.81,8719.0,1,1,Vertebral2C,DEExp,6,CV,1,331691
32,0.1380952380952381,0.83,8787.0,1,1,Vertebral2C,DEExp,6,CV,1,331692
33,0.11904761904761903,0.81,8406.0,1,1,Vertebral2C,DEExp,6,CV,1,330818
34,0.13333333333333333,0.83,8375.0,1,1,Vertebral2C,DEExp,6,CV,1,330819