
0,2.457016523447426,3.4133629813697284,12431.0,1,1,AutoMpg,DEExp,7,CV,1,333410
1,2.4744349830943366,3.3554162299652526,10750.0,1,1,AutoMpg,DEExp,7,CV,1,333411
2,2.479734375681196,3.3754085395189946,10529.0,1,1,AutoMpg,DEExp,7,CV,1,333412
3,2.4391494768036965,3.413395546478252,12977.0,1,1,AutoMpg,DEExp,7,CV,1,333413
4,2.463248236389564,3.458816532437349,12109.0,1,1,AutoMpg,DEExp,7,CV,1,333414
5,2.459281656437413,3.4070799809307593,10750.0,1,1,AutoMpg,DEExp,7,CV,1,333415
6,2.369259613840544,3.418460924503081,13144.0,1,1,AutoMpg,DEExp,7,CV,1,333416
7,2.4281377601520653,3.5008860530684163,12234.0,1,1,AutoMpg,DEExp,7,CV,1,333417
8,2.2935287142901903,3.32487790492781,11094.0,1,1,AutoMpg,DEExp,7,CV,1,333418
9,2.3876510747768616,3.9745428252598334,11094.0,1,1,AutoMpg,DEExp,7,CV,1,333419
10,2.440089900400177,3.512930981182658,13855.0,1,1,AutoMpg,DEExp,7,CV,1,333420
11,2.379676936317943,3.652000181267693,10751.0,1,1,AutoMpg,DEExp,7,CV,1,333421
12,2.340364567576741,3.549264214863293,14789.0,1,1,AutoMpg,DEExp,7,CV,1,333422
13,2.4195855111898945,3.393176743226345,10828.0,1,1,AutoMpg,DEExp,7,CV,1,333423
14,2.5023821675591265,3.4996975594917954,13980.0,1,1,AutoMpg,DEExp,7,CV,1,333424
15,2.4785641737397515,3.8162223974058227,13877.0,1,1,AutoMpg,DEExp,7,CV,1,333425
16,2.414182857912464,3.4474810454362865,13927.0,1,1,AutoMpg,DEExp,7,CV,1,333426
17,2.4402535388979634,3.7887376782241433,11773.0,1,1,AutoMpg,DEExp,7,CV,1,333427
18,2.4269149501915557,3.4610402620321725,11037.0,1,1,AutoMpg,DEExp,7,CV,1,274578
19,2.3959209296051514,3.4194926017886043,12265.0,1,1,AutoMpg,DEExp,7,CV,1,333429
20,2.287826240404872,3.5266870226626343,10499.0,1,1,AutoMpg,DEExp,7,CV,1,333430
21,2.349282930101844,3.5186166183193275,10766.0,1,1,AutoMpg,DEExp,7,CV,1,333431
22,2.258943504789027,3.6023001533222105,9030.0,1,1,AutoMpg,DEExp,7,CV,1,274582
23,2.3690349895520053,3.4259768727813094,13424.0,1,1,AutoMpg,DEExp,7,CV,1,333433
24,2.2778187755615082,3.463316087997698,11110.0,1,1,AutoMpg,DEExp,7,CV,1,333434
25,2.3685028222261435,3.666470907446298,12122.0,1,1,AutoMpg,DEExp,7,CV,1,333435
26,2.4348486085391676,3.573374482171032,11172.0,1,1,AutoMpg,DEExp,7,CV,1,333436
27,2.3872335503295794,4.154863649223953,13432.0,1,1,AutoMpg,DEExp,7,CV,1,333437
28,2.4353464940223177,3.5381271371364753,10719.0,1,1,AutoMpg,DEExp,7,CV,1,333438
29,2.410250228507578,3.775267037657569,12059.0,1,1,AutoMpg,DEExp,7,CV,1,333439
30,2.426205166145443,3.656302874853253,10781.0,1,1,AutoMpg,DEExp,7,CV,1,333440
31,2.4032951253930652,3.518724665258773,12967.0,1,1,AutoMpg,DEExp,7,CV,1,333441
32,2.4731034110212042,3.502500304758551,11680.0,1,1,AutoMpg,DEExp,7,CV,1,333442
33,2.4313156301452623,4.148185355891766,13719.0,1,1,AutoMpg,DEExp,7,CV,1,333443