
0,0.30839999999999995,0.6924,1475254.0,1,1,Letter,DEExp,7,CV,1,332955
1,0.3136,0.6876,1491743.0,1,1,Letter,DEExp,7,CV,1,332956
2,0.3132,0.6798,1609890.0,1,1,Letter,DEExp,7,CV,1,332957
3,0.31446666666666667,0.6812,1558656.0,1,1,Letter,DEExp,7,CV,1,332958
4,0.3196,0.6768000000000001,1556703.0,1,1,Letter,DEExp,7,CV,1,332959
5,0.32,0.6839999999999999,1511969.0,1,1,Letter,DEExp,7,CV,1,332960
6,0.3084666666666667,0.6956,1600383.0,1,1,Letter,DEExp,7,CV,1,332961
7,0.3152666666666667,0.683,1512022.0,1,1,Letter,DEExp,7,CV,1,332962
8,0.3096,0.6896,1475412.0,1,1,Letter,DEExp,7,CV,1,332963
9,0.3157333333333333,0.6768000000000001,1557406.0,1,1,Letter,DEExp,7,CV,1,332964
10,0.318,0.6856,1447838.0,1,1,Letter,DEExp,7,CV,1,274180
11,0.3084,0.6921999999999999,1276052.0,1,1,Letter,DEExp,7,CV,1,274181
12,0.3207333333333333,0.677,1490219.0,1,1,Letter,DEExp,7,CV,1,332967
13,0.31200000000000006,0.6926,1607250.0,1,1,Letter,DEExp,7,CV,1,332968
14,0.30839999999999995,0.6890000000000001,1611412.0,1,1,Letter,DEExp,7,CV,1,332969
15,0.3148666666666667,0.6906,1490611.0,1,1,Letter,DEExp,7,CV,1,332970
16,0.30613333333333337,0.692,1514735.0,1,1,Letter,DEExp,7,CV,1,332971
17,0.30966666666666665,0.694,1395221.0,1,1,Letter,DEExp,7,CV,1,332972
18,0.3179333333333333,0.6904,1396015.0,1,1,Letter,DEExp,7,CV,1,332973
19,0.31146666666666667,0.6890000000000001,1306940.0,1,1,Letter,DEExp,7,CV,1,332974
20,0.3167333333333333,0.6764,1738202.0,1,1,Letter,DEExp,7,CV,1,332975
21,0.3075333333333333,0.6881999999999999,1598520.0,1,1,Letter,DEExp,7,CV,1,332976
22,0.30966666666666665,0.6958,1530492.0,1,1,Letter,DEExp,7,CV,1,274192
23,0.3166666666666667,0.6841999999999999,1490177.0,1,1,Letter,DEExp,7,CV,1,274193
24,0.31066666666666665,0.6824,1600820.0,1,1,Letter,DEExp,7,CV,1,332979
25,0.3112666666666667,0.6890000000000001,1562096.0,1,1,Letter,DEExp,7,CV,1,332980
26,0.3152,0.6812,1515314.0,1,1,Letter,DEExp,7,CV,1,332981
27,0.3110666666666667,0.6876,1166275.0,1,1,Letter,DEExp,7,CV,1,332982
28,0.3045333333333334,0.6988,1474488.0,1,1,Letter,DEExp,7,CV,1,332983
29,0.3136,0.6874,1563503.0,1,1,Letter,DEExp,7,CV,1,332984
30,0.3137333333333333,0.685,1601020.0,1,1,Letter,DEExp,7,CV,1,332985
31,0.31066666666666665,0.6864,1653832.0,1,1,Letter,DEExp,7,CV,1,332986
32,0.31399999999999995,0.6782,1514740.0,1,1,Letter,DEExp,7,CV,1,332987
33,0.3109333333333334,0.6848000000000001,1691363.0,1,1,Letter,DEExp,7,CV,1,332988
34,0.31260000000000004,0.6884,1552921.0,1,1,Letter,DEExp,7,CV,1,332989