
0,0.21923076923076926,0.76,14844.0,1,1,Libras,DEExp,7,CV,1,332990
1,0.24230769230769234,0.75,19117.0,1,1,Libras,DEExp,7,CV,1,332991
2,0.23461538461538461,0.85,14359.0,1,1,Libras,DEExp,7,CV,1,332992
3,0.24230769230769228,0.73,14441.0,1,1,Libras,DEExp,7,CV,1,332993
4,0.24230769230769228,0.81,14985.0,1,1,Libras,DEExp,7,CV,1,332994
5,0.23076923076923075,0.71,19672.0,1,1,Libras,DEExp,7,CV,1,332995
6,0.23846153846153845,0.76,15398.0,1,1,Libras,DEExp,7,CV,1,274206
7,0.24230769230769228,0.81,19744.0,1,1,Libras,DEExp,7,CV,1,332997
8,0.23461538461538461,0.78,15015.0,1,1,Libras,DEExp,7,CV,1,332998
9,0.22692307692307692,0.77,21638.0,1,1,Libras,DEExp,7,CV,1,332999
10,0.2538461538461539,0.72,14797.0,1,1,Libras,DEExp,7,CV,1,333000
11,0.24230769230769228,0.76,19824.0,1,1,Libras,DEExp,7,CV,1,333001
12,0.24230769230769228,0.78,14969.0,1,1,Libras,DEExp,7,CV,1,333002
13,0.2538461538461539,0.74,17847.0,1,1,Libras,DEExp,7,CV,1,333003
14,0.24230769230769228,0.75,15594.0,1,1,Libras,DEExp,7,CV,1,274214
15,0.21538461538461542,0.79,14750.0,1,1,Libras,DEExp,7,CV,1,333005
16,0.23846153846153842,0.8,14937.0,1,1,Libras,DEExp,7,CV,1,333006
17,0.23461538461538461,0.69,14875.0,1,1,Libras,DEExp,7,CV,1,333007
18,0.24230769230769228,0.85,17762.0,1,1,Libras,DEExp,7,CV,1,333008
19,0.2384615384615385,0.78,16160.0,1,1,Libras,DEExp,7,CV,1,333009
20,0.2576923076923077,0.79,16189.0,1,1,Libras,DEExp,7,CV,1,333010
21,0.24615384615384617,0.77,15985.0,1,1,Libras,DEExp,7,CV,1,333011
22,0.24230769230769228,0.81,17971.0,1,1,Libras,DEExp,7,CV,1,333012
23,0.24999999999999994,0.81,16283.0,1,1,Libras,DEExp,7,CV,1,274223
24,0.24615384615384617,0.76,14377.0,1,1,Libras,DEExp,7,CV,1,333014
25,0.24615384615384622,0.72,14797.0,1,1,Libras,DEExp,7,CV,1,333015
26,0.22692307692307692,0.84,14406.0,1,1,Libras,DEExp,7,CV,1,333016
27,0.2576923076923077,0.75,14890.0,1,1,Libras,DEExp,7,CV,1,333017
28,0.23076923076923078,0.77,14875.0,1,1,Libras,DEExp,7,CV,1,333018
29,0.24230769230769228,0.75,14703.0,1,1,Libras,DEExp,7,CV,1,333019
30,0.23461538461538461,0.81,15000.0,1,1,Libras,DEExp,7,CV,1,333020
31,0.22307692307692303,0.78,14922.0,1,1,Libras,DEExp,7,CV,1,333021
32,0.23076923076923078,0.6699999999999999,14938.0,1,1,Libras,DEExp,7,CV,1,333022
33,0.2384615384615385,0.74,16142.0,1,1,Libras,DEExp,7,CV,1,333023
34,0.24230769230769234,0.77,16151.0,1,1,Libras,DEExp,7,CV,1,333024