
0,0.1571428571428571,0.8,3429.0,1,1,Fertility,DEExp,8,CV,1,334145
1,0.12857142857142856,0.6,3765.0,1,1,Fertility,DEExp,8,CV,1,275131
2,0.14285714285714285,0.7666666666666666,3443.0,1,1,Fertility,DEExp,8,CV,1,334147
3,0.11428571428571428,0.8666666666666667,3431.0,1,1,Fertility,DEExp,8,CV,1,334148
4,0.12857142857142856,0.7666666666666666,3418.0,1,1,Fertility,DEExp,8,CV,1,334149
5,0.1,0.6666666666666667,3444.0,1,1,Fertility,DEExp,8,CV,1,334150
6,0.11428571428571428,0.7333333333333334,3801.0,1,1,Fertility,DEExp,8,CV,1,275136
7,0.11428571428571428,0.7333333333333334,4213.0,1,1,Fertility,DEExp,8,CV,1,334152
8,0.19999999999999996,0.6333333333333333,3504.0,1,1,Fertility,DEExp,8,CV,1,334153
9,0.14285714285714285,0.9,4575.0,1,1,Fertility,DEExp,8,CV,1,334154
10,0.14285714285714285,0.8,4978.0,1,1,Fertility,DEExp,8,CV,1,334155
11,0.1571428571428571,0.9,3578.0,1,1,Fertility,DEExp,8,CV,1,275141
12,0.1571428571428571,0.7666666666666666,3751.0,1,1,Fertility,DEExp,8,CV,1,334157
13,0.14285714285714285,0.7666666666666666,3467.0,1,1,Fertility,DEExp,8,CV,1,334158
14,0.1571428571428571,0.7333333333333334,3460.0,1,1,Fertility,DEExp,8,CV,1,334159
15,0.12857142857142856,0.7666666666666666,3488.0,1,1,Fertility,DEExp,8,CV,1,334160
16,0.14285714285714285,0.8,4705.0,1,1,Fertility,DEExp,8,CV,1,334161
17,0.12857142857142856,0.7666666666666666,3481.0,1,1,Fertility,DEExp,8,CV,1,334162
18,0.1857142857142857,0.8,3434.0,1,1,Fertility,DEExp,8,CV,1,334163
19,0.14285714285714285,0.6333333333333333,4777.0,1,1,Fertility,DEExp,8,CV,1,334164
20,0.14285714285714285,0.8,3424.0,1,1,Fertility,DEExp,8,CV,1,334165
21,0.14285714285714282,0.7333333333333334,3421.0,1,1,Fertility,DEExp,8,CV,1,334166
22,0.14285714285714285,0.8333333333333334,3512.0,1,1,Fertility,DEExp,8,CV,1,334167
23,0.1571428571428571,0.7,3426.0,1,1,Fertility,DEExp,8,CV,1,334168
24,0.14285714285714285,0.7666666666666666,3450.0,1,1,Fertility,DEExp,8,CV,1,334169
25,0.12857142857142853,0.8333333333333334,4616.0,1,1,Fertility,DEExp,8,CV,1,334170
26,0.11428571428571425,0.7333333333333334,3588.0,1,1,Fertility,DEExp,8,CV,1,275156
27,0.1,0.7666666666666666,3391.0,1,1,Fertility,DEExp,8,CV,1,334172
28,0.1571428571428571,0.7,3741.0,1,1,Fertility,DEExp,8,CV,1,334173
29,0.1714285714285714,0.8666666666666667,3756.0,1,1,Fertility,DEExp,8,CV,1,275159
30,0.09999999999999998,0.7,4217.0,1,1,Fertility,DEExp,8,CV,1,334175
31,0.18571428571428567,0.7333333333333334,3931.0,1,1,Fertility,DEExp,8,CV,1,334176
32,0.08571428571428572,0.7666666666666666,3454.0,1,1,Fertility,DEExp,8,CV,1,334177
33,0.12857142857142856,0.6666666666666667,4417.0,1,1,Fertility,DEExp,8,CV,1,334178
34,0.12857142857142856,0.6666666666666667,3754.0,1,1,Fertility,DEExp,8,CV,1,334179