
0,0.14285714285714285,0.81,10936.0,1,1,Vertebral2C,DEExp,8,CV,1,333725
1,0.13809523809523808,0.8200000000000001,8422.0,1,1,Vertebral2C,DEExp,8,CV,1,333726
2,0.13809523809523808,0.8,9373.0,1,1,Vertebral2C,DEExp,8,CV,1,333727
3,0.13809523809523808,0.81,8938.0,1,1,Vertebral2C,DEExp,8,CV,1,275523
4,0.13333333333333333,0.81,8672.0,1,1,Vertebral2C,DEExp,8,CV,1,333729
5,0.13809523809523808,0.8,8406.0,1,1,Vertebral2C,DEExp,8,CV,1,333730
6,0.12380952380952381,0.81,8193.0,1,1,Vertebral2C,DEExp,8,CV,1,333731
7,0.13809523809523808,0.8,9029.0,1,1,Vertebral2C,DEExp,8,CV,1,334607
8,0.13809523809523808,0.81,11098.0,1,1,Vertebral2C,DEExp,8,CV,1,333733
9,0.13333333333333333,0.87,9602.0,1,1,Vertebral2C,DEExp,8,CV,1,334609
10,0.12857142857142856,0.8200000000000001,8703.0,1,1,Vertebral2C,DEExp,8,CV,1,334610
11,0.12857142857142853,0.78,8422.0,1,1,Vertebral2C,DEExp,8,CV,1,333736
12,0.1380952380952381,0.78,9552.0,1,1,Vertebral2C,DEExp,8,CV,1,333737
13,0.1333333333333333,0.8200000000000001,8437.0,1,1,Vertebral2C,DEExp,8,CV,1,333738
14,0.13333333333333333,0.79,9234.0,1,1,Vertebral2C,DEExp,8,CV,1,333739
15,0.13809523809523808,0.81,9760.0,1,1,Vertebral2C,DEExp,8,CV,1,333740
16,0.13809523809523808,0.78,8688.0,1,1,Vertebral2C,DEExp,8,CV,1,333741
17,0.13809523809523808,0.83,9923.0,1,1,Vertebral2C,DEExp,8,CV,1,333742
18,0.13809523809523808,0.78,9484.0,1,1,Vertebral2C,DEExp,8,CV,1,333743
19,0.14285714285714285,0.79,9913.0,1,1,Vertebral2C,DEExp,8,CV,1,333744
20,0.1380952380952381,0.8200000000000001,9340.0,1,1,Vertebral2C,DEExp,8,CV,1,333745
21,0.14285714285714285,0.83,10065.0,1,1,Vertebral2C,DEExp,8,CV,1,333746
22,0.13809523809523808,0.8,10959.0,1,1,Vertebral2C,DEExp,8,CV,1,333747
23,0.13809523809523808,0.83,10708.0,1,1,Vertebral2C,DEExp,8,CV,1,334623
24,0.14285714285714285,0.81,11103.0,1,1,Vertebral2C,DEExp,8,CV,1,333749
25,0.13809523809523808,0.79,11428.0,1,1,Vertebral2C,DEExp,8,CV,1,333750
26,0.1380952380952381,0.78,8453.0,1,1,Vertebral2C,DEExp,8,CV,1,333751
27,0.13809523809523808,0.79,8177.0,1,1,Vertebral2C,DEExp,8,CV,1,333752
28,0.13333333333333333,0.85,8422.0,1,1,Vertebral2C,DEExp,8,CV,1,333753
29,0.1380952380952381,0.79,9262.0,1,1,Vertebral2C,DEExp,8,CV,1,333754
30,0.1476190476190476,0.8,8453.0,1,1,Vertebral2C,DEExp,8,CV,1,333755
31,0.13809523809523808,0.81,8438.0,1,1,Vertebral2C,DEExp,8,CV,1,333756
32,0.14285714285714285,0.83,9975.0,1,1,Vertebral2C,DEExp,8,CV,1,334632
33,0.12857142857142856,0.8,9270.0,1,1,Vertebral2C,DEExp,8,CV,1,333758
34,0.14285714285714285,0.81,10318.0,1,1,Vertebral2C,DEExp,8,CV,1,333759