
0,0.46749999999999997,0.5544554455445545,116694.0,1,1,Hill,cmaes,0,CV,1,303415
1,0.4604268292682927,0.5148514851485149,119583.0,1,1,Hill,cmaes,0,CV,1,303416
2,0.45756097560975606,0.5445544554455446,93003.0,1,1,Hill,cmaes,0,CV,1,303417
3,0.4600609756097561,0.504950495049505,114772.0,1,1,Hill,cmaes,0,CV,1,303418
4,0.4651219512195121,0.49504950495049505,134433.0,1,1,Hill,cmaes,0,CV,1,303419
5,0.46274390243902436,0.4900990099009901,104221.0,1,1,Hill,cmaes,0,CV,1,303420
6,0.4626829268292683,0.4752475247524752,105678.0,1,1,Hill,cmaes,0,CV,1,303421
7,0.46274390243902436,0.504950495049505,124250.0,1,1,Hill,cmaes,0,CV,1,303422
8,0.45774390243902435,0.5099009900990099,95450.0,1,1,Hill,cmaes,0,CV,1,303423
9,0.4626829268292682,0.5148514851485149,107471.0,1,1,Hill,cmaes,0,CV,1,303424
10,0.4649390243902439,0.5346534653465347,116626.0,1,1,Hill,cmaes,0,CV,1,303425
11,0.4602439024390244,0.5396039603960396,93281.0,1,1,Hill,cmaes,0,CV,1,303426
12,0.4651219512195122,0.5445544554455446,98919.0,1,1,Hill,cmaes,0,CV,1,303427
13,0.46262195121951216,0.5495049504950495,98301.0,1,1,Hill,cmaes,0,CV,1,303428
14,0.4628658536585365,0.5297029702970297,120283.0,1,1,Hill,cmaes,0,CV,1,303429
15,0.44780487804878044,0.5396039603960396,118011.0,1,1,Hill,cmaes,0,CV,1,303430
16,0.46518292682926826,0.5198019801980198,117922.0,1,1,Hill,cmaes,0,CV,1,303431
17,0.45268292682926825,0.5247524752475248,116839.0,1,1,Hill,cmaes,0,CV,1,303432
18,0.46262195121951216,0.47029702970297027,121988.0,1,1,Hill,cmaes,0,CV,1,303433
19,0.465060975609756,0.4900990099009901,88500.0,1,1,Hill,cmaes,0,CV,1,303434
20,0.4600609756097561,0.4900990099009901,120453.0,1,1,Hill,cmaes,0,CV,1,303435
21,0.46506097560975607,0.5247524752475248,94718.0,1,1,Hill,cmaes,0,CV,1,303436
22,0.4579878048780487,0.5,119523.0,1,1,Hill,cmaes,0,CV,1,303437
23,0.4651219512195122,0.5148514851485149,119688.0,1,1,Hill,cmaes,0,CV,1,303438
24,0.4602439024390243,0.5247524752475248,123330.0,1,1,Hill,cmaes,0,CV,1,303439
25,0.4653048780487805,0.5148514851485149,142229.0,1,1,Hill,cmaes,0,CV,1,303440
26,0.4578048780487805,0.504950495049505,93634.0,1,1,Hill,cmaes,0,CV,1,303441
27,0.4601219512195122,0.5099009900990099,121142.0,1,1,Hill,cmaes,0,CV,1,303442
28,0.4602439024390244,0.4801980198019802,88308.0,1,1,Hill,cmaes,0,CV,1,303443
29,0.4648780487804878,0.5198019801980198,97760.0,1,1,Hill,cmaes,0,CV,1,303444
30,0.45774390243902435,0.48514851485148514,83310.0,1,1,Hill,cmaes,0,CV,1,303445
31,0.45756097560975606,0.48514851485148514,111488.0,1,1,Hill,cmaes,0,CV,1,303446
32,0.4625609756097561,0.4900990099009901,118312.0,1,1,Hill,cmaes,0,CV,1,303447
33,0.46280487804878045,0.5099009900990099,99987.0,1,1,Hill,cmaes,0,CV,1,303448
34,0.4603048780487805,0.46039603960396036,115431.0,1,1,Hill,cmaes,0,CV,1,303449