
0,213.96376566610738,233.81157311833996,7550.0,1,1,Veteran,cmaes,0,CV,1,304185
1,214.0994755945957,233.53973570593325,9689.0,1,1,Veteran,cmaes,0,CV,1,304186
2,213.38470489796237,492.7822910442967,9908.0,1,1,Veteran,cmaes,0,CV,1,304187
3,204.61886305062004,293.98053843670033,7297.0,1,1,Veteran,cmaes,0,CV,1,304188
4,219.99803299287504,228.42838471032803,7349.0,1,1,Veteran,cmaes,0,CV,1,304189
5,196.65564924503502,198.96813532675642,8509.0,1,1,Veteran,cmaes,0,CV,1,304190
6,172.95019795655364,234.23519614424808,7285.0,1,1,Veteran,cmaes,0,CV,1,304191
7,211.07235515105884,282.6047651653702,6581.0,1,1,Veteran,cmaes,0,CV,1,304192
8,188.67399639001877,221.79629133632432,7318.0,1,1,Veteran,cmaes,0,CV,1,304193
9,189.9384036580586,258.81900436052854,6735.0,1,1,Veteran,cmaes,0,CV,1,304194
10,199.03023527556542,247.76843824366327,7077.0,1,1,Veteran,cmaes,0,CV,1,250720
11,210.2520752506815,223.52253987613727,8927.0,1,1,Veteran,cmaes,0,CV,1,304196
12,213.36052853925003,307.37746301736394,6680.0,1,1,Veteran,cmaes,0,CV,1,304197
13,216.74134432382576,424.33861613342,7453.0,1,1,Veteran,cmaes,0,CV,1,304198
14,219.36946359061798,241.77010864872153,6903.0,1,1,Veteran,cmaes,0,CV,1,304199
15,184.96725189547965,243.75753190197955,7031.0,1,1,Veteran,cmaes,0,CV,1,304200
16,209.3851562827411,201.35917131374063,7320.0,1,1,Veteran,cmaes,0,CV,1,304201
17,207.06419647849043,227.6557400788979,9406.0,1,1,Veteran,cmaes,0,CV,1,304202
18,159.42860019574724,170.89030051902733,6818.0,1,1,Veteran,cmaes,0,CV,1,304203
19,213.23796655715213,156.44197532107628,8562.0,1,1,Veteran,cmaes,0,CV,1,304204
20,199.48250388942142,291.8923311331184,7101.0,1,1,Veteran,cmaes,0,CV,1,304205
21,202.82186840656146,225.77328948634832,7325.0,1,1,Veteran,cmaes,0,CV,1,250731
22,208.19588118536518,233.94956495306923,9913.0,1,1,Veteran,cmaes,0,CV,1,304207
23,210.19774072413838,224.1524840581312,9612.0,1,1,Veteran,cmaes,0,CV,1,304208
24,197.07841441470802,244.77959292637868,6737.0,1,1,Veteran,cmaes,0,CV,1,304209
25,211.41413152639907,236.00243313345322,6594.0,1,1,Veteran,cmaes,0,CV,1,304210
26,207.02857152618873,146.83623755091853,9866.0,1,1,Veteran,cmaes,0,CV,1,304211
27,160.67108313785528,207.27689457432675,8221.0,1,1,Veteran,cmaes,0,CV,1,250737
28,220.80330697782634,216.5702529152614,8849.0,1,1,Veteran,cmaes,0,CV,1,304213
29,200.00824304803564,224.2090128726947,7588.0,1,1,Veteran,cmaes,0,CV,1,304214
30,206.72006407699752,245.3111849730511,6693.0,1,1,Veteran,cmaes,0,CV,1,304215
31,200.45663454315473,253.53332560972737,6421.0,1,1,Veteran,cmaes,0,CV,1,304216
32,190.20147326479062,444.4266112989234,7406.0,1,1,Veteran,cmaes,0,CV,1,304217
33,196.37401156871414,203.64195041702732,6479.0,1,1,Veteran,cmaes,0,CV,1,304218