
0,0.2697802197802198,0.7142857142857143,32620.0,1,1,Connectionist,cmaes,1,CV,1,304570
1,0.23296703296703297,0.6571428571428571,29281.0,1,1,Connectionist,cmaes,1,CV,1,304571
2,0.21098901098901096,0.5857142857142856,29274.0,1,1,Connectionist,cmaes,1,CV,1,304572
3,0.24725274725274726,0.6571428571428571,28565.0,1,1,Connectionist,cmaes,1,CV,1,304573
4,0.19615384615384612,0.7428571428571429,40393.0,1,1,Connectionist,cmaes,1,CV,1,304574
5,0.2032967032967033,0.6285714285714286,39215.0,1,1,Connectionist,cmaes,1,CV,1,304575
6,0.23076923076923075,0.6428571428571428,37167.0,1,1,Connectionist,cmaes,1,CV,1,304576
7,0.2472527472527472,0.6285714285714286,29291.0,1,1,Connectionist,cmaes,1,CV,1,304577
8,0.22362637362637358,0.7285714285714286,29684.0,1,1,Connectionist,cmaes,1,CV,1,304578
9,0.2021978021978022,0.7428571428571429,28608.0,1,1,Connectionist,cmaes,1,CV,1,304579
10,0.1967032967032967,0.7571428571428571,32605.0,1,1,Connectionist,cmaes,1,CV,1,304580
11,0.2115384615384615,0.6857142857142857,28344.0,1,1,Connectionist,cmaes,1,CV,1,304581
12,0.2461538461538461,0.6285714285714286,29312.0,1,1,Connectionist,cmaes,1,CV,1,304582
13,0.217032967032967,0.7,27828.0,1,1,Connectionist,cmaes,1,CV,1,304583
14,0.22747252747252747,0.6571428571428571,37156.0,1,1,Connectionist,cmaes,1,CV,1,304584
15,0.24615384615384617,0.6714285714285715,31788.0,1,1,Connectionist,cmaes,1,CV,1,304585
16,0.2532967032967033,0.6571428571428571,27109.0,1,1,Connectionist,cmaes,1,CV,1,304586
17,0.19615384615384618,0.6571428571428571,29535.0,1,1,Connectionist,cmaes,1,CV,1,304587
18,0.2065934065934066,0.7,31777.0,1,1,Connectionist,cmaes,1,CV,1,304588
19,0.2098901098901099,0.6714285714285715,29533.0,1,1,Connectionist,cmaes,1,CV,1,304589
20,0.217032967032967,0.6571428571428571,28188.0,1,1,Connectionist,cmaes,1,CV,1,304590
21,0.2631868131868132,0.7285714285714286,30172.0,1,1,Connectionist,cmaes,1,CV,1,304591
22,0.23406593406593404,0.5857142857142856,32445.0,1,1,Connectionist,cmaes,1,CV,1,304592
23,0.23351648351648352,0.6857142857142857,25874.0,1,1,Connectionist,cmaes,1,CV,1,304593
24,0.22582417582417583,0.7428571428571429,28501.0,1,1,Connectionist,cmaes,1,CV,1,304594
25,0.2324175824175824,0.7571428571428571,37799.0,1,1,Connectionist,cmaes,1,CV,1,304595
26,0.2104395604395604,0.6857142857142857,30094.0,1,1,Connectionist,cmaes,1,CV,1,304596
27,0.23076923076923078,0.7,35413.0,1,1,Connectionist,cmaes,1,CV,1,304597
28,0.24505494505494507,0.7428571428571429,37572.0,1,1,Connectionist,cmaes,1,CV,1,304598
29,0.21758241758241756,0.7428571428571429,34032.0,1,1,Connectionist,cmaes,1,CV,1,304599
30,0.23186813186813185,0.7571428571428571,37855.0,1,1,Connectionist,cmaes,1,CV,1,304600
31,0.18791208791208786,0.6857142857142857,40018.0,1,1,Connectionist,cmaes,1,CV,1,304601
32,0.21758241758241753,0.7,33844.0,1,1,Connectionist,cmaes,1,CV,1,304602
33,0.2115384615384615,0.5857142857142856,31154.0,1,1,Connectionist,cmaes,1,CV,1,304603
34,0.2302197802197802,0.7142857142857143,27811.0,1,1,Connectionist,cmaes,1,CV,1,304604