
0,0.23476190476190478,0.7058823529411764,11672.0,1,1,Haberman,cmaes,1,CV,1,304815
1,0.23023809523809527,0.696078431372549,10978.0,1,1,Haberman,cmaes,1,CV,1,304816
2,0.22999999999999998,0.6862745098039216,9626.0,1,1,Haberman,cmaes,1,CV,1,304817
3,0.22547619047619047,0.7058823529411764,9410.0,1,1,Haberman,cmaes,1,CV,1,304818
4,0.23976190476190476,0.6862745098039216,11682.0,1,1,Haberman,cmaes,1,CV,1,304819
5,0.22999999999999998,0.6862745098039216,11158.0,1,1,Haberman,cmaes,1,CV,1,304820
6,0.23976190476190476,0.6764705882352942,8906.0,1,1,Haberman,cmaes,1,CV,1,304821
7,0.2252380952380953,0.696078431372549,10044.0,1,1,Haberman,cmaes,1,CV,1,304822
8,0.2304761904761905,0.6862745098039216,10561.0,1,1,Haberman,cmaes,1,CV,1,304823
9,0.23500000000000001,0.7156862745098039,12217.0,1,1,Haberman,cmaes,1,CV,1,304824
10,0.23976190476190476,0.6862745098039216,10271.0,1,1,Haberman,cmaes,1,CV,1,304825
11,0.23023809523809521,0.696078431372549,12420.0,1,1,Haberman,cmaes,1,CV,1,304826
12,0.23976190476190476,0.6862745098039216,11930.0,1,1,Haberman,cmaes,1,CV,1,304827
13,0.23000000000000004,0.696078431372549,10449.0,1,1,Haberman,cmaes,1,CV,1,304828
14,0.23452380952380952,0.6862745098039216,11525.0,1,1,Haberman,cmaes,1,CV,1,304829
15,0.23476190476190478,0.7058823529411764,12090.0,1,1,Haberman,cmaes,1,CV,1,304830
16,0.22523809523809524,0.6862745098039216,12172.0,1,1,Haberman,cmaes,1,CV,1,304831
17,0.23523809523809525,0.696078431372549,11592.0,1,1,Haberman,cmaes,1,CV,1,304832
18,0.2397619047619048,0.6764705882352942,11162.0,1,1,Haberman,cmaes,1,CV,1,304833
19,0.23071428571428573,0.696078431372549,10100.0,1,1,Haberman,cmaes,1,CV,1,304834
20,0.23476190476190478,0.6764705882352942,8920.0,1,1,Haberman,cmaes,1,CV,1,304835
21,0.23500000000000001,0.696078431372549,11910.0,1,1,Haberman,cmaes,1,CV,1,304836
22,0.23476190476190478,0.7156862745098039,12140.0,1,1,Haberman,cmaes,1,CV,1,304837
23,0.2252380952380953,0.6862745098039216,12405.0,1,1,Haberman,cmaes,1,CV,1,304838
24,0.2345238095238095,0.6862745098039216,14188.0,1,1,Haberman,cmaes,1,CV,1,304839
25,0.24,0.7058823529411764,12000.0,1,1,Haberman,cmaes,1,CV,1,304840
26,0.23047619047619045,0.7352941176470589,9329.0,1,1,Haberman,cmaes,1,CV,1,304841
27,0.22976190476190478,0.6862745098039216,9610.0,1,1,Haberman,cmaes,1,CV,1,304842
28,0.23952380952380953,0.6862745098039216,8989.0,1,1,Haberman,cmaes,1,CV,1,304843
29,0.23500000000000001,0.6764705882352942,8700.0,1,1,Haberman,cmaes,1,CV,1,304844
30,0.23476190476190478,0.6568627450980392,9422.0,1,1,Haberman,cmaes,1,CV,1,304845
31,0.23976190476190476,0.7156862745098039,8666.0,1,1,Haberman,cmaes,1,CV,1,304846
32,0.23095238095238094,0.6764705882352942,9509.0,1,1,Haberman,cmaes,1,CV,1,304847
33,0.23500000000000001,0.696078431372549,9772.0,1,1,Haberman,cmaes,1,CV,1,304848
34,0.23476190476190478,0.6568627450980392,11685.0,1,1,Haberman,cmaes,1,CV,1,304849