
0,0.4230769230769231,0.41000000000000003,110760.0,1,1,Libras,cmaes,1,CV,1,305060
1,0.426923076923077,0.54,88170.0,1,1,Libras,cmaes,1,CV,1,305061
2,0.4653846153846154,0.47,81219.0,1,1,Libras,cmaes,1,CV,1,305062
3,0.44230769230769224,0.55,69863.0,1,1,Libras,cmaes,1,CV,1,305063
4,0.4153846153846154,0.52,96260.0,1,1,Libras,cmaes,1,CV,1,305064
5,0.4384615384615385,0.48,87573.0,1,1,Libras,cmaes,1,CV,1,305065
6,0.46153846153846156,0.45999999999999996,86902.0,1,1,Libras,cmaes,1,CV,1,305066
7,0.4269230769230769,0.48,97567.0,1,1,Libras,cmaes,1,CV,1,305067
8,0.43461538461538457,0.5,115091.0,1,1,Libras,cmaes,1,CV,1,305068
9,0.45769230769230773,0.45999999999999996,71319.0,1,1,Libras,cmaes,1,CV,1,305069
10,0.44615384615384623,0.48,97602.0,1,1,Libras,cmaes,1,CV,1,305070
11,0.4384615384615385,0.53,93984.0,1,1,Libras,cmaes,1,CV,1,305071
12,0.4115384615384616,0.48,99984.0,1,1,Libras,cmaes,1,CV,1,305072
13,0.4269230769230769,0.49,95823.0,1,1,Libras,cmaes,1,CV,1,305073
14,0.4230769230769231,0.5,100735.0,1,1,Libras,cmaes,1,CV,1,305074
15,0.4346153846153847,0.45999999999999996,96057.0,1,1,Libras,cmaes,1,CV,1,305075
16,0.40384615384615385,0.47,99391.0,1,1,Libras,cmaes,1,CV,1,305076
17,0.41538461538461535,0.43000000000000005,105279.0,1,1,Libras,cmaes,1,CV,1,305077
18,0.4384615384615384,0.45999999999999996,66047.0,1,1,Libras,cmaes,1,CV,1,305078
19,0.4384615384615385,0.48,110918.0,1,1,Libras,cmaes,1,CV,1,305079
20,0.45,0.5700000000000001,100781.0,1,1,Libras,cmaes,1,CV,1,305080
21,0.46923076923076923,0.53,107442.0,1,1,Libras,cmaes,1,CV,1,305081
22,0.45,0.49,108326.0,1,1,Libras,cmaes,1,CV,1,305082
23,0.4538461538461539,0.47,99906.0,1,1,Libras,cmaes,1,CV,1,305083
24,0.4538461538461539,0.5,97188.0,1,1,Libras,cmaes,1,CV,1,305084
25,0.4153846153846154,0.54,66075.0,1,1,Libras,cmaes,1,CV,1,305085
26,0.426923076923077,0.51,102461.0,1,1,Libras,cmaes,1,CV,1,305086
27,0.4499999999999999,0.54,94125.0,1,1,Libras,cmaes,1,CV,1,305087
28,0.4461538461538462,0.45999999999999996,103075.0,1,1,Libras,cmaes,1,CV,1,305088
29,0.4615384615384615,0.53,116326.0,1,1,Libras,cmaes,1,CV,1,305089
30,0.41538461538461535,0.48,65504.0,1,1,Libras,cmaes,1,CV,1,305090
31,0.43076923076923074,0.48,120147.0,1,1,Libras,cmaes,1,CV,1,305091
32,0.44615384615384607,0.48,111445.0,1,1,Libras,cmaes,1,CV,1,305092
33,0.4230769230769231,0.48,87325.0,1,1,Libras,cmaes,1,CV,1,305093
34,0.43076923076923085,0.48,88009.0,1,1,Libras,cmaes,1,CV,1,305094