
0,0.06322901849217637,0.9157894736842105,30177.0,1,1,Wdbc,cmaes,1,CV,1,305340
1,0.057965860597439536,0.9157894736842105,30451.0,1,1,Wdbc,cmaes,1,CV,1,305341
2,0.06052631578947367,0.9315789473684211,30933.0,1,1,Wdbc,cmaes,1,CV,1,305342
3,0.07112375533428164,0.9315789473684211,22500.0,1,1,Wdbc,cmaes,1,CV,1,305343
4,0.05263157894736842,0.9473684210526316,30833.0,1,1,Wdbc,cmaes,1,CV,1,305344
5,0.042105263157894736,0.9736842105263158,31322.0,1,1,Wdbc,cmaes,1,CV,1,305345
6,0.07112375533428165,0.9210526315789473,29609.0,1,1,Wdbc,cmaes,1,CV,1,305346
7,0.05007112375533427,0.9157894736842105,29500.0,1,1,Wdbc,cmaes,1,CV,1,305347
8,0.07645803698435276,0.8421052631578947,30995.0,1,1,Wdbc,cmaes,1,CV,1,305348
9,0.07908961593172117,0.9,28860.0,1,1,Wdbc,cmaes,1,CV,1,305349
10,0.0527027027027027,0.9263157894736842,29840.0,1,1,Wdbc,cmaes,1,CV,1,305350
11,0.039473684210526314,0.9631578947368421,22453.0,1,1,Wdbc,cmaes,1,CV,1,305351
12,0.06856330014224751,0.9105263157894736,29260.0,1,1,Wdbc,cmaes,1,CV,1,305352
13,0.04473684210526316,0.9421052631578948,29203.0,1,1,Wdbc,cmaes,1,CV,1,305353
14,0.055263157894736833,0.968421052631579,30341.0,1,1,Wdbc,cmaes,1,CV,1,305354
15,0.04473684210526315,0.9263157894736842,23468.0,1,1,Wdbc,cmaes,1,CV,1,305355
16,0.07112375533428164,0.9210526315789473,29672.0,1,1,Wdbc,cmaes,1,CV,1,305356
17,0.060597439544807966,0.9263157894736842,28640.0,1,1,Wdbc,cmaes,1,CV,1,305357
18,0.09473684210526316,0.9157894736842105,30493.0,1,1,Wdbc,cmaes,1,CV,1,305358
19,0.06330014224751067,0.8894736842105263,30544.0,1,1,Wdbc,cmaes,1,CV,1,305359
20,0.0817211948790896,0.9105263157894736,30424.0,1,1,Wdbc,cmaes,1,CV,1,305360
21,0.05533428165007111,0.9421052631578948,30243.0,1,1,Wdbc,cmaes,1,CV,1,305361
22,0.0790896159317212,0.9,29799.0,1,1,Wdbc,cmaes,1,CV,1,305362
23,0.03691322901849217,0.9421052631578948,30427.0,1,1,Wdbc,cmaes,1,CV,1,305363
24,0.039473684210526314,0.9421052631578948,27062.0,1,1,Wdbc,cmaes,1,CV,1,251664
25,0.049999999999999996,0.9421052631578948,22812.0,1,1,Wdbc,cmaes,1,CV,1,305365
26,0.042105263157894736,0.9263157894736842,29718.0,1,1,Wdbc,cmaes,1,CV,1,305366
27,0.06066856330014224,0.9421052631578948,29293.0,1,1,Wdbc,cmaes,1,CV,1,305367
28,0.042105263157894736,0.9421052631578948,29534.0,1,1,Wdbc,cmaes,1,CV,1,305368
29,0.06578947368421052,0.9315789473684211,29925.0,1,1,Wdbc,cmaes,1,CV,1,305369
30,0.07894736842105263,0.9052631578947369,30092.0,1,1,Wdbc,cmaes,1,CV,1,305370
31,0.07908961593172119,0.8842105263157894,30803.0,1,1,Wdbc,cmaes,1,CV,1,305371
32,0.0763869132290185,0.8736842105263158,23248.0,1,1,Wdbc,cmaes,1,CV,1,305372
33,0.04480796586059744,0.9526315789473684,29432.0,1,1,Wdbc,cmaes,1,CV,1,305373
34,0.050071123755334276,0.9315789473684211,31419.0,1,1,Wdbc,cmaes,1,CV,1,305374