
0,0.14285714285714282,0.8666666666666667,10968.0,1,1,Fertility,cmaes,2,CV,1,306215
1,0.09999999999999999,0.8,9540.0,1,1,Fertility,cmaes,2,CV,1,306216
2,0.11428571428571425,0.7,7430.0,1,1,Fertility,cmaes,2,CV,1,306217
3,0.09999999999999999,0.8333333333333334,9956.0,1,1,Fertility,cmaes,2,CV,1,306218
4,0.14285714285714285,0.7,8872.0,1,1,Fertility,cmaes,2,CV,1,252334
5,0.14285714285714285,0.6666666666666667,10194.0,1,1,Fertility,cmaes,2,CV,1,306220
6,0.11428571428571425,0.8333333333333334,9734.0,1,1,Fertility,cmaes,2,CV,1,306221
7,0.1571428571428571,0.8333333333333334,8934.0,1,1,Fertility,cmaes,2,CV,1,306222
8,0.12857142857142856,0.7666666666666666,8392.0,1,1,Fertility,cmaes,2,CV,1,306223
9,0.09999999999999998,0.7333333333333334,9999.0,1,1,Fertility,cmaes,2,CV,1,306224
10,0.09999999999999998,0.7333333333333334,8773.0,1,1,Fertility,cmaes,2,CV,1,306225
11,0.1571428571428571,0.8666666666666667,8855.0,1,1,Fertility,cmaes,2,CV,1,306226
12,0.12857142857142853,0.7666666666666666,9914.0,1,1,Fertility,cmaes,2,CV,1,306227
13,0.14285714285714285,0.7666666666666666,7564.0,1,1,Fertility,cmaes,2,CV,1,306228
14,0.14285714285714285,0.7333333333333334,9984.0,1,1,Fertility,cmaes,2,CV,1,306229
15,0.11428571428571425,0.7666666666666666,8995.0,1,1,Fertility,cmaes,2,CV,1,306230
16,0.11428571428571428,0.6,9313.0,1,1,Fertility,cmaes,2,CV,1,306231
17,0.12857142857142853,0.8,10734.0,1,1,Fertility,cmaes,2,CV,1,306232
18,0.12857142857142856,0.7666666666666666,9132.0,1,1,Fertility,cmaes,2,CV,1,306233
19,0.14285714285714285,0.8333333333333334,8838.0,1,1,Fertility,cmaes,2,CV,1,306234
20,0.12857142857142856,0.8333333333333334,7031.0,1,1,Fertility,cmaes,2,CV,1,306235
21,0.11428571428571428,0.7666666666666666,10203.0,1,1,Fertility,cmaes,2,CV,1,306236
22,0.14285714285714285,0.8666666666666667,8685.0,1,1,Fertility,cmaes,2,CV,1,306237
23,0.14285714285714285,0.8,11317.0,1,1,Fertility,cmaes,2,CV,1,306238
24,0.14285714285714285,0.8,7344.0,1,1,Fertility,cmaes,2,CV,1,306239
25,0.12857142857142856,0.8666666666666667,9844.0,1,1,Fertility,cmaes,2,CV,1,306240
26,0.09999999999999998,0.8666666666666667,11658.0,1,1,Fertility,cmaes,2,CV,1,306241
27,0.12857142857142856,0.7,7654.0,1,1,Fertility,cmaes,2,CV,1,306242
28,0.14285714285714285,0.8,9185.0,1,1,Fertility,cmaes,2,CV,1,306243
29,0.12857142857142856,0.6,7298.0,1,1,Fertility,cmaes,2,CV,1,306244
31,0.12857142857142856,0.8333333333333334,8181.0,1,1,Fertility,cmaes,2,CV,1,306246
32,0.14285714285714285,0.9,8953.0,1,1,Fertility,cmaes,2,CV,1,306247
33,0.0857142857142857,0.7666666666666666,9547.0,1,1,Fertility,cmaes,2,CV,1,306248
34,0.14285714285714285,0.8,8760.0,1,1,Fertility,cmaes,2,CV,1,306249
30,0.12857142857142853,0.8333333333333334,8656.0,1,1,Fertility,cmaes,2,CV,1,261611