
0,0.0555697151424288,0.8524305555555556,64695.0,1,1,Car,cmaes,3,CV,1,307440
1,0.059047976011994005,0.8576388888888888,61070.0,1,1,Car,cmaes,3,CV,1,307441
2,0.05989505247376312,0.8263888888888888,67383.0,1,1,Car,cmaes,3,CV,1,307442
3,0.05991004497751125,0.8385416666666666,67629.0,1,1,Car,cmaes,3,CV,1,307443
4,0.059010494752623675,0.8315972222222222,65947.0,1,1,Car,cmaes,3,CV,1,307444
5,0.05991004497751125,0.8159722222222222,58641.0,1,1,Car,cmaes,3,CV,1,307445
6,0.05902548725637182,0.8420138888888888,52329.0,1,1,Car,cmaes,3,CV,1,307446
7,0.05815592203898051,0.8541666666666666,55006.0,1,1,Car,cmaes,3,CV,1,307447
8,0.05991004497751125,0.8333333333333334,52869.0,1,1,Car,cmaes,3,CV,1,307448
9,0.0572863568215892,0.8454861111111112,67998.0,1,1,Car,cmaes,3,CV,1,307449
10,0.06338830584707647,0.8576388888888888,44739.0,1,1,Car,cmaes,3,CV,1,307450
11,0.060749625187406286,0.8454861111111112,46891.0,1,1,Car,cmaes,3,CV,1,307451
12,0.05990254872563718,0.8263888888888888,54491.0,1,1,Car,cmaes,3,CV,1,307452
13,0.0547151424287856,0.8298611111111112,46704.0,1,1,Car,cmaes,3,CV,1,307453
14,0.059025487256371814,0.8541666666666666,63704.0,1,1,Car,cmaes,3,CV,1,307454
15,0.06077211394302849,0.8420138888888888,63402.0,1,1,Car,cmaes,3,CV,1,307455
16,0.06250374812593704,0.8489583333333334,63789.0,1,1,Car,cmaes,3,CV,1,307456
17,0.06075712143928036,0.8628472222222222,47722.0,1,1,Car,cmaes,3,CV,1,307457
18,0.05816341829085457,0.8420138888888888,47250.0,1,1,Car,cmaes,3,CV,1,307458
19,0.05554722638680659,0.8298611111111112,63890.0,1,1,Car,cmaes,3,CV,1,307459
20,0.05729385307346326,0.8506944444444444,64328.0,1,1,Car,cmaes,3,CV,1,307460
21,0.059025487256371814,0.8645833333333334,59109.0,1,1,Car,cmaes,3,CV,1,307461
22,0.0564167916041979,0.8472222222222222,62141.0,1,1,Car,cmaes,3,CV,1,253342
23,0.05385307346326836,0.8784722222222222,65852.0,1,1,Car,cmaes,3,CV,1,307463
24,0.05642428785607197,0.8680555555555556,47558.0,1,1,Car,cmaes,3,CV,1,307464
25,0.05816341829085457,0.8524305555555556,58724.0,1,1,Car,cmaes,3,CV,1,307465
26,0.06337331334332834,0.8263888888888888,58746.0,1,1,Car,cmaes,3,CV,1,307466
27,0.056439280359820085,0.8368055555555556,52767.0,1,1,Car,cmaes,3,CV,1,307467
28,0.05556971514242879,0.8819444444444444,52724.0,1,1,Car,cmaes,3,CV,1,307468
29,0.05901799100449776,0.8628472222222222,44606.0,1,1,Car,cmaes,3,CV,1,307469
30,0.05555472263868065,0.8611111111111112,58487.0,1,1,Car,cmaes,3,CV,1,307470
31,0.052953523238380804,0.8229166666666666,58891.0,1,1,Car,cmaes,3,CV,1,307471
32,0.053823088455772106,0.8888888888888888,59641.0,1,1,Car,cmaes,3,CV,1,307472
33,0.06077961019490254,0.8559027777777778,59172.0,1,1,Car,cmaes,3,CV,1,307473
34,0.059025487256371814,0.8385416666666666,60489.0,1,1,Car,cmaes,3,CV,1,307474