
0,0.1616096579476861,0.8114285714285714,43329.0,1,1,QSARBiodegradation,cmaes,4,CV,1,255210
1,0.17169014084507042,0.7971428571428572,38374.0,1,1,QSARBiodegradation,cmaes,4,CV,1,309716
2,0.17579476861167004,0.8200000000000001,38444.0,1,1,QSARBiodegradation,cmaes,4,CV,1,309717
3,0.1629778672032193,0.84,37555.0,1,1,QSARBiodegradation,cmaes,4,CV,1,309718
4,0.16448692152917505,0.8171428571428572,37798.0,1,1,QSARBiodegradation,cmaes,4,CV,1,309719
5,0.17297786720321934,0.8171428571428572,37410.0,1,1,QSARBiodegradation,cmaes,4,CV,1,309720
6,0.16869215291750506,0.8057142857142857,37349.0,1,1,QSARBiodegradation,cmaes,4,CV,1,309721
7,0.1630784708249497,0.8200000000000001,37653.0,1,1,QSARBiodegradation,cmaes,4,CV,1,309722
8,0.1417102615694165,0.8200000000000001,42813.0,1,1,QSARBiodegradation,cmaes,4,CV,1,255218
9,0.143158953722334,0.8314285714285714,37608.0,1,1,QSARBiodegradation,cmaes,4,CV,1,309724
10,0.15875251509054328,0.7885714285714286,43152.0,1,1,QSARBiodegradation,cmaes,4,CV,1,309725
11,0.19851106639839036,0.8200000000000001,41579.0,1,1,QSARBiodegradation,cmaes,4,CV,1,309726
12,0.16173038229376258,0.7885714285714286,44267.0,1,1,QSARBiodegradation,cmaes,4,CV,1,255222
13,0.16022132796780686,0.8114285714285714,41674.0,1,1,QSARBiodegradation,cmaes,4,CV,1,309728
14,0.1616297786720322,0.8542857142857143,51575.0,1,1,QSARBiodegradation,cmaes,4,CV,1,255224
15,0.17012072434607647,0.8257142857142857,41656.0,1,1,QSARBiodegradation,cmaes,4,CV,1,309730
16,0.16442655935613681,0.7828571428571429,37793.0,1,1,QSARBiodegradation,cmaes,4,CV,1,309731
17,0.16024144869215293,0.8114285714285714,41953.0,1,1,QSARBiodegradation,cmaes,4,CV,1,309732
18,0.15448692152917506,0.8342857142857143,42103.0,1,1,QSARBiodegradation,cmaes,4,CV,1,255228
19,0.17150905432595573,0.8200000000000001,42062.0,1,1,QSARBiodegradation,cmaes,4,CV,1,255229
20,0.1614486921529175,0.8085714285714286,41734.0,1,1,QSARBiodegradation,cmaes,4,CV,1,309735
21,0.16740442655935614,0.8257142857142857,38148.0,1,1,QSARBiodegradation,cmaes,4,CV,1,309736
22,0.1530784708249497,0.8200000000000001,43633.0,1,1,QSARBiodegradation,cmaes,4,CV,1,255232
23,0.16295774647887323,0.8114285714285714,38006.0,1,1,QSARBiodegradation,cmaes,4,CV,1,309738
24,0.1644265593561368,0.8228571428571428,39906.0,1,1,QSARBiodegradation,cmaes,4,CV,1,309739
25,0.16730382293762575,0.8057142857142857,42800.0,1,1,QSARBiodegradation,cmaes,4,CV,1,255235
26,0.16162977867203218,0.8314285714285714,40283.0,1,1,QSARBiodegradation,cmaes,4,CV,1,309741
27,0.16730382293762575,0.7971428571428572,45819.0,1,1,QSARBiodegradation,cmaes,4,CV,1,255237
28,0.17010060362173038,0.8114285714285714,42189.0,1,1,QSARBiodegradation,cmaes,4,CV,1,309743
29,0.1815090543259557,0.8142857142857143,42089.0,1,1,QSARBiodegradation,cmaes,4,CV,1,309744
30,0.15309859154929578,0.84,39824.0,1,1,QSARBiodegradation,cmaes,4,CV,1,309745
32,0.15732394366197183,0.8142857142857143,37953.0,1,1,QSARBiodegradation,cmaes,4,CV,1,309747
33,0.15446680080482894,0.8114285714285714,41467.0,1,1,QSARBiodegradation,cmaes,4,CV,1,309748
34,0.16859154929577463,0.8342857142857143,44239.0,1,1,QSARBiodegradation,cmaes,4,CV,1,309749