
0,0.14285714285714285,0.8,10544.0,1,1,Vertebral3C,cmaes,4,CV,1,309645
1,0.1476190476190476,0.8200000000000001,10169.0,1,1,Vertebral3C,cmaes,4,CV,1,309646
2,0.14285714285714285,0.8200000000000001,10093.0,1,1,Vertebral3C,cmaes,4,CV,1,309647
3,0.14285714285714282,0.8200000000000001,10472.0,1,1,Vertebral3C,cmaes,4,CV,1,255153
4,0.1476190476190476,0.8,10249.0,1,1,Vertebral3C,cmaes,4,CV,1,309649
5,0.14285714285714285,0.85,10031.0,1,1,Vertebral3C,cmaes,4,CV,1,309650
6,0.1380952380952381,0.8200000000000001,12574.0,1,1,Vertebral3C,cmaes,4,CV,1,309651
7,0.1476190476190476,0.8200000000000001,12332.0,1,1,Vertebral3C,cmaes,4,CV,1,309652
8,0.13809523809523808,0.83,9473.0,1,1,Vertebral3C,cmaes,4,CV,1,309653
9,0.13809523809523808,0.8,14203.0,1,1,Vertebral3C,cmaes,4,CV,1,309654
10,0.1476190476190476,0.8200000000000001,9553.0,1,1,Vertebral3C,cmaes,4,CV,1,309655
11,0.13809523809523808,0.81,14035.0,1,1,Vertebral3C,cmaes,4,CV,1,309656
12,0.1380952380952381,0.8,10187.0,1,1,Vertebral3C,cmaes,4,CV,1,309657
13,0.14285714285714285,0.78,10638.0,1,1,Vertebral3C,cmaes,4,CV,1,309658
14,0.1476190476190476,0.76,10198.0,1,1,Vertebral3C,cmaes,4,CV,1,309659
15,0.1380952380952381,0.84,10078.0,1,1,Vertebral3C,cmaes,4,CV,1,309660
16,0.1476190476190476,0.83,10187.0,1,1,Vertebral3C,cmaes,4,CV,1,309661
17,0.13809523809523808,0.85,10130.0,1,1,Vertebral3C,cmaes,4,CV,1,309662
18,0.1380952380952381,0.84,10016.0,1,1,Vertebral3C,cmaes,4,CV,1,309663
19,0.14285714285714285,0.8200000000000001,9434.0,1,1,Vertebral3C,cmaes,4,CV,1,309664
20,0.1380952380952381,0.8,10965.0,1,1,Vertebral3C,cmaes,4,CV,1,255170
21,0.1380952380952381,0.79,12599.0,1,1,Vertebral3C,cmaes,4,CV,1,309666
22,0.1476190476190476,0.84,12652.0,1,1,Vertebral3C,cmaes,4,CV,1,309667
23,0.14761904761904762,0.83,9610.0,1,1,Vertebral3C,cmaes,4,CV,1,309668
24,0.14285714285714285,0.78,10141.0,1,1,Vertebral3C,cmaes,4,CV,1,309669
25,0.14285714285714285,0.8200000000000001,10125.0,1,1,Vertebral3C,cmaes,4,CV,1,309670
26,0.14761904761904762,0.79,10656.0,1,1,Vertebral3C,cmaes,4,CV,1,255176
27,0.14285714285714285,0.8200000000000001,10063.0,1,1,Vertebral3C,cmaes,4,CV,1,309672
28,0.14285714285714285,0.83,11075.0,1,1,Vertebral3C,cmaes,4,CV,1,255178
29,0.14285714285714285,0.78,10359.0,1,1,Vertebral3C,cmaes,4,CV,1,309674
30,0.14285714285714285,0.81,10153.0,1,1,Vertebral3C,cmaes,4,CV,1,309675
32,0.14285714285714285,0.81,14266.0,1,1,Vertebral3C,cmaes,4,CV,1,309677
33,0.14761904761904762,0.77,10140.0,1,1,Vertebral3C,cmaes,4,CV,1,309678
34,0.14285714285714285,0.77,13112.0,1,1,Vertebral3C,cmaes,4,CV,1,309679