
0,218.93465171782492,209.04440334593542,5640.0,1,1,Veteran,cmaes,4,CV,1,310065
1,197.18144432345133,257.1055282680435,7360.0,1,1,Veteran,cmaes,4,CV,1,255511
2,223.033327964813,174.0388290670487,5766.0,1,1,Veteran,cmaes,4,CV,1,310067
3,209.1879106959012,418.40145886180466,5759.0,1,1,Veteran,cmaes,4,CV,1,310068
4,212.5866463811638,202.05888115244863,6759.0,1,1,Veteran,cmaes,4,CV,1,310069
5,205.9938256337552,199.21894625235274,5864.0,1,1,Veteran,cmaes,4,CV,1,310070
6,196.8972937648419,301.2588521380238,6289.0,1,1,Veteran,cmaes,4,CV,1,255516
7,203.5528022245343,237.8160407407704,5872.0,1,1,Veteran,cmaes,4,CV,1,310072
8,207.43527663103833,193.00436255735113,5703.0,1,1,Veteran,cmaes,4,CV,1,310073
9,210.45486607545482,182.13883421138686,5640.0,1,1,Veteran,cmaes,4,CV,1,310074
10,187.59451977667328,304.60801627266466,5780.0,1,1,Veteran,cmaes,4,CV,1,310075
11,211.46291159286915,210.3034104582845,8702.0,1,1,Veteran,cmaes,4,CV,1,255521
12,208.4621292415561,356.8345778497924,5318.0,1,1,Veteran,cmaes,4,CV,1,310077
13,191.8523522905301,280.1714547146303,6137.0,1,1,Veteran,cmaes,4,CV,1,310078
14,214.84094833152932,223.67319003914153,5657.0,1,1,Veteran,cmaes,4,CV,1,310079
15,222.7303560314603,419.9943583062865,5741.0,1,1,Veteran,cmaes,4,CV,1,310080
16,204.41153811478395,173.8295687973826,5753.0,1,1,Veteran,cmaes,4,CV,1,310081
17,182.3692972590263,515.887799260803,6225.0,1,1,Veteran,cmaes,4,CV,1,310082
18,185.8846842416759,356.6662055555478,5476.0,1,1,Veteran,cmaes,4,CV,1,310083
19,197.00267995702873,386.12847656000014,5429.0,1,1,Veteran,cmaes,4,CV,1,310084
20,208.97648408513464,292.3158172149003,5797.0,1,1,Veteran,cmaes,4,CV,1,310085
21,185.4693472091505,255.1576854381524,5692.0,1,1,Veteran,cmaes,4,CV,1,310086
22,218.46458289726942,239.714574214402,6661.0,1,1,Veteran,cmaes,4,CV,1,310087
23,199.95064354219429,277.6794705938566,5750.0,1,1,Veteran,cmaes,4,CV,1,310088
24,197.89652690033122,464.25480021900654,6682.0,1,1,Veteran,cmaes,4,CV,1,310089
25,221.73123074771638,225.59735599088816,5656.0,1,1,Veteran,cmaes,4,CV,1,310090
26,155.67613318475466,311.75989424327776,7548.0,1,1,Veteran,cmaes,4,CV,1,310091
27,204.8373127218665,256.49536157044736,8397.0,1,1,Veteran,cmaes,4,CV,1,310092
28,199.66266325889274,213.2055355953001,7531.0,1,1,Veteran,cmaes,4,CV,1,255538
29,172.4257254944276,270.3083962072739,5722.0,1,1,Veteran,cmaes,4,CV,1,310094
30,204.87895469921835,198.2787864401646,8451.0,1,1,Veteran,cmaes,4,CV,1,310095
31,175.32847088035578,517.4667652567833,5843.0,1,1,Veteran,cmaes,4,CV,1,310096
32,209.18357213304247,159.89681367582568,5838.0,1,1,Veteran,cmaes,4,CV,1,310097
33,203.86654945776843,219.36991240962027,7427.0,1,1,Veteran,cmaes,4,CV,1,310098
34,180.93857610851174,490.2217411044478,5734.0,1,1,Veteran,cmaes,4,CV,1,310099