
0,0.3761389404246547,0.5757575757575757,40917.0,1,1,Yeast,cmaes,4,CV,1,309785
1,0.37415996701710985,0.5838383838383838,40717.0,1,1,Yeast,cmaes,4,CV,1,309786
2,0.37517006802721087,0.5797979797979798,47667.0,1,1,Yeast,cmaes,4,CV,1,309787
3,0.3792207792207792,0.5777777777777777,45125.0,1,1,Yeast,cmaes,4,CV,1,309788
4,0.37517006802721087,0.5737373737373737,45297.0,1,1,Yeast,cmaes,4,CV,1,309789
5,0.37918985776128633,0.5595959595959596,44153.0,1,1,Yeast,cmaes,4,CV,1,309790
6,0.3802102659245516,0.5737373737373737,47122.0,1,1,Yeast,cmaes,4,CV,1,255276
7,0.37417027417027415,0.5696969696969697,46115.0,1,1,Yeast,cmaes,4,CV,1,309792
8,0.37514945372088226,0.5757575757575757,43713.0,1,1,Yeast,cmaes,4,CV,1,309793
9,0.3772005772005772,0.5717171717171717,45422.0,1,1,Yeast,cmaes,4,CV,1,309794
10,0.3782003710575139,0.5777777777777777,43782.0,1,1,Yeast,cmaes,4,CV,1,309795
11,0.37823129251700677,0.5595959595959596,48669.0,1,1,Yeast,cmaes,4,CV,1,255281
12,0.3721191506905793,0.5696969696969697,43780.0,1,1,Yeast,cmaes,4,CV,1,309797
13,0.38121005978148836,0.5717171717171717,46490.0,1,1,Yeast,cmaes,4,CV,1,309798
14,0.37615955473098334,0.5616161616161617,44234.0,1,1,Yeast,cmaes,4,CV,1,309799
15,0.3771799628942486,0.5777777777777777,44009.0,1,1,Yeast,cmaes,4,CV,1,309800
16,0.37011956297670584,0.5777777777777777,43955.0,1,1,Yeast,cmaes,4,CV,1,309801
17,0.3721397649969079,0.5616161616161617,43807.0,1,1,Yeast,cmaes,4,CV,1,309802
18,0.37212945784374357,0.5838383838383838,40611.0,1,1,Yeast,cmaes,4,CV,1,309803
19,0.3781900639043496,0.5676767676767677,46697.0,1,1,Yeast,cmaes,4,CV,1,309804
20,0.3792001649144506,0.5636363636363637,43572.0,1,1,Yeast,cmaes,4,CV,1,309805
21,0.3772005772005772,0.5717171717171717,44060.0,1,1,Yeast,cmaes,4,CV,1,309806
22,0.3761904761904762,0.5656565656565656,40965.0,1,1,Yeast,cmaes,4,CV,1,309807
23,0.37616986188414764,0.5636363636363637,40948.0,1,1,Yeast,cmaes,4,CV,1,309808
24,0.3771902700474129,0.5777777777777777,44563.0,1,1,Yeast,cmaes,4,CV,1,309809
25,0.37515976087404657,0.5737373737373737,44922.0,1,1,Yeast,cmaes,4,CV,1,309810
26,0.38121005978148836,0.5676767676767677,45250.0,1,1,Yeast,cmaes,4,CV,1,309811
27,0.3761698618841475,0.5656565656565656,44201.0,1,1,Yeast,cmaes,4,CV,1,309812
28,0.3772211915069058,0.5676767676767677,47403.0,1,1,Yeast,cmaes,4,CV,1,309813
29,0.3782209853638425,0.5838383838383838,45656.0,1,1,Yeast,cmaes,4,CV,1,309814
30,0.37816944959802096,0.5757575757575757,44125.0,1,1,Yeast,cmaes,4,CV,1,309815
31,0.3782106782106783,0.5818181818181818,44925.0,1,1,Yeast,cmaes,4,CV,1,309816
32,0.38018965161822305,0.5636363636363637,44922.0,1,1,Yeast,cmaes,4,CV,1,309817
34,0.37615955473098334,0.5858585858585859,45547.0,1,1,Yeast,cmaes,4,CV,1,309819