
0,11.089308556326504,214.06299887872058,8619.0,1,1,Cpu,cmaes,5,CV,1,311430
1,8.799008386921168,85.21653800367388,7828.0,1,1,Cpu,cmaes,5,CV,1,311431
2,15.107908680301142,37.2254064185765,11141.0,1,1,Cpu,cmaes,5,CV,1,311432
3,15.344222372533725,12.608292156529803,7652.0,1,1,Cpu,cmaes,5,CV,1,256623
4,15.780673348128886,119.45762816541236,8005.0,1,1,Cpu,cmaes,5,CV,1,311434
5,12.632315201909819,31.894279776341566,7936.0,1,1,Cpu,cmaes,5,CV,1,311435
6,14.255505606776296,14.890007231077835,7168.0,1,1,Cpu,cmaes,5,CV,1,311436
7,12.742437937428424,22.77683655593816,7938.0,1,1,Cpu,cmaes,5,CV,1,311437
8,16.313037743315405,102.91834864429907,7976.0,1,1,Cpu,cmaes,5,CV,1,256628
9,17.02979199920877,29.59561694347599,7762.0,1,1,Cpu,cmaes,5,CV,1,256629
10,9.85507589634184,6.046579035469176,10221.0,1,1,Cpu,cmaes,5,CV,1,311440
11,17.10528378094638,65.49365134133267,7840.0,1,1,Cpu,cmaes,5,CV,1,311441
12,14.926724265342255,60.48045990632782,10166.0,1,1,Cpu,cmaes,5,CV,1,311442
13,17.9614519532755,144.33108453687734,7877.0,1,1,Cpu,cmaes,5,CV,1,311443
14,18.331663289877817,81.63939931241296,7959.0,1,1,Cpu,cmaes,5,CV,1,311444
15,14.575042337249505,15.969639829211978,8524.0,1,1,Cpu,cmaes,5,CV,1,256635
16,18.83781742866541,17.050679331897122,8203.0,1,1,Cpu,cmaes,5,CV,1,256636
17,14.42150662080331,17.507282489098145,7750.0,1,1,Cpu,cmaes,5,CV,1,311447
18,13.273105278656663,14.501303354368561,7276.0,1,1,Cpu,cmaes,5,CV,1,311448
19,13.153466240526052,31.79214278606247,8698.0,1,1,Cpu,cmaes,5,CV,1,311449
20,11.723924988948431,73.00227066478568,7859.0,1,1,Cpu,cmaes,5,CV,1,311450
21,15.920781040232251,68.10188872084231,8714.0,1,1,Cpu,cmaes,5,CV,1,311451
22,8.211078666479365,190.55042502930567,10787.0,1,1,Cpu,cmaes,5,CV,1,311452
23,12.62349737681648,33.108050445149026,7781.0,1,1,Cpu,cmaes,5,CV,1,311453
24,13.061678604685815,87.50832005040837,8720.0,1,1,Cpu,cmaes,5,CV,1,311454
25,14.398012672974938,41.69778212636119,7908.0,1,1,Cpu,cmaes,5,CV,1,311455
26,9.12686300453788,98.06161727638015,7090.0,1,1,Cpu,cmaes,5,CV,1,311456
27,13.242496037826015,120.74793019013957,10874.0,1,1,Cpu,cmaes,5,CV,1,311457
28,11.48199654415375,48.321961942170724,8327.0,1,1,Cpu,cmaes,5,CV,1,311458
29,11.911545411045891,14.615021830397728,10691.0,1,1,Cpu,cmaes,5,CV,1,311459
30,17.94682346829637,128.46483593202373,10798.0,1,1,Cpu,cmaes,5,CV,1,311460
31,11.928627316378092,80.88828422249577,10664.0,1,1,Cpu,cmaes,5,CV,1,311461
32,16.76382642085113,69.17474964282418,7922.0,1,1,Cpu,cmaes,5,CV,1,311462
33,11.369741536727856,69.38437175069495,7860.0,1,1,Cpu,cmaes,5,CV,1,311463