
0,0.19249999999999998,0.795,35812.0,1,1,Chart,cmaes,5,CV,1,310415
1,0.1825,0.79,41971.0,1,1,Chart,cmaes,5,CV,1,310416
2,0.20750000000000002,0.78,44266.0,1,1,Chart,cmaes,5,CV,1,310417
3,0.19749999999999998,0.78,55219.0,1,1,Chart,cmaes,5,CV,1,255753
4,0.1925,0.79,59156.0,1,1,Chart,cmaes,5,CV,1,255754
5,0.20750000000000002,0.795,36780.0,1,1,Chart,cmaes,5,CV,1,310420
6,0.195,0.79,39547.0,1,1,Chart,cmaes,5,CV,1,310421
7,0.205,0.785,36715.0,1,1,Chart,cmaes,5,CV,1,310422
8,0.20750000000000002,0.79,40078.0,1,1,Chart,cmaes,5,CV,1,310423
9,0.19249999999999998,0.8,39562.0,1,1,Chart,cmaes,5,CV,1,310424
10,0.18,0.765,41581.0,1,1,Chart,cmaes,5,CV,1,310425
11,0.19499999999999998,0.815,39000.0,1,1,Chart,cmaes,5,CV,1,310426
12,0.20750000000000002,0.77,40929.0,1,1,Chart,cmaes,5,CV,1,310427
13,0.19999999999999998,0.79,39422.0,1,1,Chart,cmaes,5,CV,1,310428
14,0.20249999999999999,0.8049999999999999,39093.0,1,1,Chart,cmaes,5,CV,1,310429
15,0.1825,0.8049999999999999,39887.0,1,1,Chart,cmaes,5,CV,1,310430
16,0.22000000000000003,0.785,40203.0,1,1,Chart,cmaes,5,CV,1,310431
17,0.06499999999999999,0.885,40406.0,1,1,Chart,cmaes,5,CV,1,310432
18,0.1675,0.795,39297.0,1,1,Chart,cmaes,5,CV,1,310433
19,0.15999999999999998,0.79,39697.0,1,1,Chart,cmaes,5,CV,1,310434
20,0.1125,0.84,39594.0,1,1,Chart,cmaes,5,CV,1,310435
21,0.1075,0.88,43010.0,1,1,Chart,cmaes,5,CV,1,310436
22,0.1975,0.755,39540.0,1,1,Chart,cmaes,5,CV,1,310437
23,0.195,0.795,40388.0,1,1,Chart,cmaes,5,CV,1,310438
24,0.2125,0.755,39751.0,1,1,Chart,cmaes,5,CV,1,310439
25,0.10499999999999998,0.84,40829.0,1,1,Chart,cmaes,5,CV,1,310440
26,0.205,0.795,40085.0,1,1,Chart,cmaes,5,CV,1,310441
27,0.195,0.79,43850.0,1,1,Chart,cmaes,5,CV,1,310442
28,0.20750000000000002,0.775,40367.0,1,1,Chart,cmaes,5,CV,1,310443
29,0.19999999999999998,0.78,39936.0,1,1,Chart,cmaes,5,CV,1,310444
30,0.2,0.8,40555.0,1,1,Chart,cmaes,5,CV,1,310445
31,0.09249999999999999,0.895,40172.0,1,1,Chart,cmaes,5,CV,1,310446
32,0.19,0.78,39614.0,1,1,Chart,cmaes,5,CV,1,310447
33,0.19,0.775,39477.0,1,1,Chart,cmaes,5,CV,1,310448
34,0.19749999999999995,0.79,39172.0,1,1,Chart,cmaes,5,CV,1,310449