
0,0.3649171840150352,1.034029825527962,5980.0,1,1,Servo,cmaes,5,CV,1,311500
1,0.3515684592468197,1.1644054890909612,8073.0,1,1,Servo,cmaes,5,CV,1,311501
2,0.35062489315759987,1.1372246932746282,5970.0,1,1,Servo,cmaes,5,CV,1,256682
3,0.3413375738647043,1.0877790215078853,8138.0,1,1,Servo,cmaes,5,CV,1,311503
4,0.37252233136219054,1.153298250679373,8272.0,1,1,Servo,cmaes,5,CV,1,311504
5,0.3536730818023613,1.1366511530812151,5828.0,1,1,Servo,cmaes,5,CV,1,256685
6,0.3449308365334326,1.1083084211790184,8260.0,1,1,Servo,cmaes,5,CV,1,311506
7,0.36599425063119967,1.163805140773316,8244.0,1,1,Servo,cmaes,5,CV,1,311507
8,0.3657989099341526,1.0982272042103165,6007.0,1,1,Servo,cmaes,5,CV,1,311508
9,0.3465912818236896,1.1007072595653196,6118.0,1,1,Servo,cmaes,5,CV,1,256689
10,0.34309450352507803,1.1597770536099083,5683.0,1,1,Servo,cmaes,5,CV,1,311510
11,0.3465109316051759,1.2197752133440711,5544.0,1,1,Servo,cmaes,5,CV,1,311511
12,0.34663408617420904,1.1107089179450769,5984.0,1,1,Servo,cmaes,5,CV,1,256692
13,0.3736673319762602,1.1892738370165354,6078.0,1,1,Servo,cmaes,5,CV,1,311513
14,0.3525819271123383,1.0865021053138701,5405.0,1,1,Servo,cmaes,5,CV,1,311514
15,0.3521203727557807,1.1527900794785446,8150.0,1,1,Servo,cmaes,5,CV,1,311515
16,0.3460756644827245,1.1315306551023723,6266.0,1,1,Servo,cmaes,5,CV,1,311516
17,0.34955732165186815,1.1155323107646615,8066.0,1,1,Servo,cmaes,5,CV,1,311517
18,0.37017488413685734,1.0535501287992108,6236.0,1,1,Servo,cmaes,5,CV,1,311518
19,0.37306107157119595,1.1991278783365331,6767.0,1,1,Servo,cmaes,5,CV,1,311519
20,0.3575557757407831,1.1501440560639826,6165.0,1,1,Servo,cmaes,5,CV,1,311520
21,0.3272038723733356,1.1338574690625656,8092.0,1,1,Servo,cmaes,5,CV,1,311521
22,0.34897751067358834,1.1390689144273636,5494.0,1,1,Servo,cmaes,5,CV,1,311522
23,0.35230844609287215,1.120440585262676,5922.0,1,1,Servo,cmaes,5,CV,1,311523
24,0.36877550065923187,1.1020656959215744,6532.0,1,1,Servo,cmaes,5,CV,1,311524
25,0.3468733947497936,1.1408691362103514,6019.0,1,1,Servo,cmaes,5,CV,1,311525
26,0.38438098956228617,1.1204379754644866,5890.0,1,1,Servo,cmaes,5,CV,1,311526
27,0.3696554598700914,1.2970945659777386,5444.0,1,1,Servo,cmaes,5,CV,1,311527
28,0.36795837602048903,1.0523397007163513,5944.0,1,0,Servo,cmaes,5,CV,1,311528
29,0.3520623197797598,1.2511379395022602,5944.0,1,1,Servo,cmaes,5,CV,1,256709
30,0.353578805837147,1.2847411006610685,7616.0,1,1,Servo,cmaes,5,CV,1,311530
32,0.3421101572946738,1.0876907535711446,6679.0,1,1,Servo,cmaes,5,CV,1,311532
33,0.33976117804519934,1.1959220095136183,5397.0,1,1,Servo,cmaes,5,CV,1,311533
34,0.31103965499300906,1.1427443964847501,5875.0,1,1,Servo,cmaes,5,CV,1,311534