
0,2.3619039820159187,3.3818154651745944,18660.0,1,1,AutoMpg,cmaes,6,CV,1,312830
1,2.3867524947034555,3.5883230256877265,14645.0,1,1,AutoMpg,cmaes,6,CV,1,312831
2,2.401685750797877,3.6818064524806875,12234.0,1,1,AutoMpg,cmaes,6,CV,1,312832
3,2.3317128892695793,3.613993700620491,12102.0,1,1,AutoMpg,cmaes,6,CV,1,312833
4,2.3737415737721266,3.3968541466339643,12167.0,1,1,AutoMpg,cmaes,6,CV,1,312834
5,2.3414687198897837,3.707941899754992,12422.0,1,1,AutoMpg,cmaes,6,CV,1,312835
6,2.331932215616649,3.2901751127356804,14138.0,1,1,AutoMpg,cmaes,6,CV,1,257766
7,2.3298182321534147,3.52359197164691,12572.0,1,1,AutoMpg,cmaes,6,CV,1,312837
8,2.411825276249028,3.6028394903051226,13521.0,1,1,AutoMpg,cmaes,6,CV,1,312838
9,2.359016194482234,3.5086857511350544,13681.0,1,1,AutoMpg,cmaes,6,CV,1,257769
10,2.4194729726339483,3.4970747453444084,13706.0,1,1,AutoMpg,cmaes,6,CV,1,312840
11,2.352511600539771,3.450030461110233,18782.0,1,1,AutoMpg,cmaes,6,CV,1,312841
12,2.338703611640496,3.6309911694226864,13359.0,1,1,AutoMpg,cmaes,6,CV,1,312842
13,2.4049851279609444,3.4755076913588123,13686.0,1,1,AutoMpg,cmaes,6,CV,1,312843
14,2.327543166473976,3.475411536652724,18183.0,1,1,AutoMpg,cmaes,6,CV,1,312844
15,2.421097610794276,3.517695513265886,17589.0,1,1,AutoMpg,cmaes,6,CV,1,312845
16,2.3774327153446047,3.4214595496541755,15608.0,1,1,AutoMpg,cmaes,6,CV,1,312846
17,2.3114082490391596,3.512522756951042,13763.0,1,1,AutoMpg,cmaes,6,CV,1,257777
18,2.411923908745478,3.4755096813298145,19048.0,1,1,AutoMpg,cmaes,6,CV,1,257778
19,2.3686884514758764,3.421829746074607,18432.0,1,1,AutoMpg,cmaes,6,CV,1,312849
20,2.22809628608931,3.6800722875331577,18763.0,1,1,AutoMpg,cmaes,6,CV,1,312850
21,2.249288783748925,3.485590083088034,12640.0,1,1,AutoMpg,cmaes,6,CV,1,312851
22,2.266514530734193,3.538502213466532,12888.0,1,1,AutoMpg,cmaes,6,CV,1,312852
23,2.4002054578357077,3.5804798405316642,12781.0,1,1,AutoMpg,cmaes,6,CV,1,312853
24,2.37459226914036,3.425814170027306,13111.0,1,1,AutoMpg,cmaes,6,CV,1,312854
25,2.3464330286812562,3.4877282024657976,12935.0,1,1,AutoMpg,cmaes,6,CV,1,312855
26,2.389948460141478,3.6085263582836524,12254.0,1,1,AutoMpg,cmaes,6,CV,1,312856
27,2.3556658678187032,3.4531876154138477,17923.0,1,1,AutoMpg,cmaes,6,CV,1,312857
28,2.367047475568673,3.68701420377154,12164.0,1,1,AutoMpg,cmaes,6,CV,1,312858
29,2.247217556960941,3.59255081499002,14930.0,1,1,AutoMpg,cmaes,6,CV,1,312859
30,2.338168610496554,3.937699788267861,12848.0,1,1,AutoMpg,cmaes,6,CV,1,312860
31,2.366172564353466,3.3930251851438156,12235.0,1,1,AutoMpg,cmaes,6,CV,1,312861
33,2.39290641590686,3.524805153401381,18330.0,1,1,AutoMpg,cmaes,6,CV,1,312863
34,2.3692158168292528,3.600512447570923,14617.0,1,1,AutoMpg,cmaes,6,CV,1,312864