
0,0.13399209486166005,0.875,11953.0,1,1,Ecoli,cmaes,6,CV,1,257100
1,0.11166007905138339,0.8482142857142857,12641.0,1,1,Ecoli,cmaes,6,CV,1,312061
2,0.133596837944664,0.8660714285714286,11646.0,1,1,Ecoli,cmaes,6,CV,1,312062
3,0.12905138339920946,0.875,11547.0,1,1,Ecoli,cmaes,6,CV,1,312063
4,0.1294466403162055,0.8125,12181.0,1,1,Ecoli,cmaes,6,CV,1,257104
5,0.133596837944664,0.8571428571428572,13906.0,1,1,Ecoli,cmaes,6,CV,1,312065
6,0.12490118577075097,0.8660714285714286,12744.0,1,1,Ecoli,cmaes,6,CV,1,312066
7,0.12924901185770749,0.8482142857142857,11694.0,1,1,Ecoli,cmaes,6,CV,1,312067
8,0.13794466403162056,0.875,12125.0,1,1,Ecoli,cmaes,6,CV,1,257108
9,0.133596837944664,0.8839285714285714,12666.0,1,1,Ecoli,cmaes,6,CV,1,257109
10,0.133794466403162,0.8660714285714286,11868.0,1,1,Ecoli,cmaes,6,CV,1,312070
11,0.13339920948616601,0.8839285714285714,11641.0,1,1,Ecoli,cmaes,6,CV,1,312071
12,0.12035573122529644,0.875,12146.0,1,1,Ecoli,cmaes,6,CV,1,312072
13,0.12905138339920946,0.8660714285714286,11616.0,1,1,Ecoli,cmaes,6,CV,1,312073
14,0.12470355731225294,0.8482142857142857,13813.0,1,1,Ecoli,cmaes,6,CV,1,312074
15,0.13379446640316206,0.8571428571428572,14365.0,1,1,Ecoli,cmaes,6,CV,1,312075
16,0.13379446640316206,0.8571428571428572,13068.0,1,1,Ecoli,cmaes,6,CV,1,312076
17,0.133596837944664,0.8392857142857143,13067.0,1,1,Ecoli,cmaes,6,CV,1,312077
18,0.12964426877470353,0.8571428571428572,13144.0,1,1,Ecoli,cmaes,6,CV,1,312078
19,0.133596837944664,0.875,12282.0,1,1,Ecoli,cmaes,6,CV,1,257119
20,0.12924901185770749,0.875,14374.0,1,1,Ecoli,cmaes,6,CV,1,312080
21,0.1294466403162055,0.8928571428571429,14638.0,1,1,Ecoli,cmaes,6,CV,1,312081
22,0.13379446640316206,0.8660714285714286,12652.0,1,1,Ecoli,cmaes,6,CV,1,312082
23,0.12905138339920946,0.8660714285714286,14667.0,1,1,Ecoli,cmaes,6,CV,1,312083
24,0.133596837944664,0.8214285714285714,14702.0,1,1,Ecoli,cmaes,6,CV,1,312084
25,0.13794466403162056,0.875,10954.0,1,1,Ecoli,cmaes,6,CV,1,312085
26,0.13379446640316206,0.875,11001.0,1,1,Ecoli,cmaes,6,CV,1,312086
27,0.11620553359683794,0.8571428571428572,16233.0,1,1,Ecoli,cmaes,6,CV,1,312087
28,0.13794466403162056,0.8660714285714286,16161.0,1,1,Ecoli,cmaes,6,CV,1,312088
29,0.1377470355731225,0.875,12746.0,1,1,Ecoli,cmaes,6,CV,1,257129
30,0.13794466403162056,0.9017857142857143,11594.0,1,1,Ecoli,cmaes,6,CV,1,312090
31,0.13379446640316206,0.875,11987.0,1,1,Ecoli,cmaes,6,CV,1,312091
32,0.133596837944664,0.8571428571428572,11934.0,1,1,Ecoli,cmaes,6,CV,1,312092
33,0.12470355731225294,0.8482142857142857,11939.0,1,1,Ecoli,cmaes,6,CV,1,312093
34,0.13379446640316206,0.8660714285714286,11890.0,1,1,Ecoli,cmaes,6,CV,1,312094