
0,1.1924521971880504,83.40328124758143,8579.0,1,1,Cpu,DEExp,1,TT,0,208530
1,1.1473785880854301,43.107612348318014,6242.0,1,1,Cpu,DEExp,1,TT,0,208531
2,1.1021074210033295,20.711918032413397,7174.0,1,1,Cpu,DEExp,1,TT,0,208532
3,1.1968462886807174,70.88012592338839,6591.0,1,1,Cpu,DEExp,1,TT,0,208533
4,1.1170501948692126,49.178067711954135,6733.0,1,1,Cpu,DEExp,1,TT,0,208534
5,1.168400557256363,34.03241052094292,8546.0,1,1,Cpu,DEExp,1,TT,0,208535
6,1.178494445580822,28.466669137704663,6755.0,1,1,Cpu,DEExp,1,TT,0,208536
7,1.2049761920117854,14.502589747143364,6739.0,1,1,Cpu,DEExp,1,TT,0,208537
8,1.1637883964214273,24.21734445880947,6728.0,1,1,Cpu,DEExp,1,TT,0,208538
9,1.1726762721565631,50.67309345893423,6820.0,1,1,Cpu,DEExp,1,TT,0,208539
10,1.1162531754912206,60.218038773478966,17422.0,1,1,Cpu,DEExp,1,TT,0,170230
11,1.2022269226367284,93.44021508213655,6438.0,1,1,Cpu,DEExp,1,TT,0,208541
12,1.0330653371369074,18.71793313274834,9005.0,1,1,Cpu,DEExp,1,TT,0,208542
13,1.1389691864359839,80.32646300443204,6547.0,1,1,Cpu,DEExp,1,TT,0,208543
14,1.1674054881392688,72.67317662942803,6239.0,1,1,Cpu,DEExp,1,TT,0,208544
15,1.1743745812694464,50.27350776919843,7244.0,1,1,Cpu,DEExp,1,TT,0,208545
16,1.1409718227365055,9.617460895930352,6610.0,1,1,Cpu,DEExp,1,TT,0,208546
17,1.2030975473741345,32.582089905128605,6610.0,1,1,Cpu,DEExp,1,TT,0,208547
18,1.1362821584181004,37.097738925733026,6594.0,1,1,Cpu,DEExp,1,TT,0,208548
19,1.1706284380769096,51.6263858266669,6656.0,1,1,Cpu,DEExp,1,TT,0,208549
20,1.1472966228698414,85.16770643934078,6688.0,1,1,Cpu,DEExp,1,TT,0,208550
21,1.1113994916586256,152.55126261337998,6657.0,1,1,Cpu,DEExp,1,TT,0,208551
22,1.1135135562845444,11.421256012252254,10735.0,1,1,Cpu,DEExp,1,TT,0,170242
23,1.12356072529457,54.08958552385525,16531.0,1,1,Cpu,DEExp,1,TT,0,170243
24,1.150283594987862,45.6513362257307,6700.0,1,1,Cpu,DEExp,1,TT,0,208554
25,1.0962887077525627,14.14716876339006,6547.0,1,1,Cpu,DEExp,1,TT,0,208555
26,1.1933476354726333,14.84230038634903,10891.0,1,1,Cpu,DEExp,1,TT,0,170246
27,1.1689952572105102,88.58805076955497,6599.0,1,1,Cpu,DEExp,1,TT,0,208557
28,1.1446670047065655,106.9811021511767,6817.0,1,1,Cpu,DEExp,1,TT,0,208558
29,1.0718509084504948,101.14047573426247,7337.0,1,1,Cpu,DEExp,1,TT,0,208559
31,1.2000000041690349,15.447361695626226,6200.0,1,1,Cpu,DEExp,1,TT,0,208561
32,1.18391779510865,99.09911231364454,7393.0,1,1,Cpu,DEExp,1,TT,0,208562
33,1.1407604184561606,185.79399840214288,7378.0,1,1,Cpu,DEExp,1,TT,0,208563
34,1.1110391044797674,44.28557142709455,7402.0,1,1,Cpu,DEExp,1,TT,0,208564
30,1.100084553701498,32.53039676332832,6437.0,1,1,Cpu,DEExp,1,TT,0,177314