
0,0.6820809945880881,0.8278799009346178,16932.0,1,1,Sensory,DEExp,1,TT,0,208565
1,0.6744591556172653,0.7805764072797614,21109.0,1,1,Sensory,DEExp,1,TT,0,208566
2,0.6731709041455866,0.8160513084557924,20831.0,1,1,Sensory,DEExp,1,TT,0,208567
3,0.669264785776863,0.8415592590645272,20898.0,1,1,Sensory,DEExp,1,TT,0,208568
4,0.6800776161925675,0.7752030446607822,21076.0,1,1,Sensory,DEExp,1,TT,0,208569
5,0.650372292925239,0.7744581384294271,26203.0,1,1,Sensory,DEExp,1,TT,0,170255
6,0.6887743147706441,0.7963309297894302,21992.0,1,1,Sensory,DEExp,1,TT,0,208571
7,0.68820178319612,0.8238033469465273,22771.0,1,1,Sensory,DEExp,1,TT,0,208572
8,0.6696875176809994,0.8108653625361106,22172.0,1,1,Sensory,DEExp,1,TT,0,208573
9,0.6668925824955325,0.8756106375238294,21954.0,1,1,Sensory,DEExp,1,TT,0,208574
10,0.6788490189815657,0.8621163857452221,21563.0,1,1,Sensory,DEExp,1,TT,0,208575
11,0.6868799675486637,0.8437081066525329,21948.0,1,1,Sensory,DEExp,1,TT,0,208576
12,0.6794653200724201,0.7854338523124716,23052.0,1,1,Sensory,DEExp,1,TT,0,208577
13,0.6732517466414489,0.7852435225845356,23113.0,1,1,Sensory,DEExp,1,TT,0,208578
14,0.685075908650897,0.818311981966822,22959.0,1,1,Sensory,DEExp,1,TT,0,208579
15,0.6775791072869624,0.8168694510672591,22956.0,1,1,Sensory,DEExp,1,TT,0,208580
16,0.6755014803781132,0.7614131836376121,29016.0,1,1,Sensory,DEExp,1,TT,0,170266
17,0.6819647371638371,0.8331891633548785,23111.0,1,1,Sensory,DEExp,1,TT,0,208582
18,0.674174065972313,0.8210098805213946,21953.0,1,1,Sensory,DEExp,1,TT,0,208583
19,0.6865068062872318,0.7819188207905619,23350.0,1,1,Sensory,DEExp,1,TT,0,208584
20,0.6811270158054843,0.8380806853369007,23551.0,1,1,Sensory,DEExp,1,TT,0,208585
21,0.6857811638162897,0.7967245171375317,15956.0,1,1,Sensory,DEExp,1,TT,0,208586
22,0.6831151743597786,0.7845838157290096,23239.0,1,1,Sensory,DEExp,1,TT,0,208587
23,0.6828273539150184,0.826796142676146,22947.0,1,1,Sensory,DEExp,1,TT,0,208588
24,0.6543091378554176,0.8366457302712623,22767.0,1,1,Sensory,DEExp,1,TT,0,208589
25,0.6691600909989602,0.8429733282617087,17040.0,1,1,Sensory,DEExp,1,TT,0,208590
26,0.6714547149366897,0.8173710588172578,22016.0,1,1,Sensory,DEExp,1,TT,0,208591
27,0.6820673953967777,0.8130626161234638,18496.0,1,1,Sensory,DEExp,1,TT,0,208592
28,0.6758708486657217,0.8086670656049115,16734.0,1,1,Sensory,DEExp,1,TT,0,208593
29,0.6683672584567629,0.821578594560475,15995.0,1,1,Sensory,DEExp,1,TT,0,208594
30,0.6767731585342847,0.8225929404001949,17213.0,1,1,Sensory,DEExp,1,TT,0,208595
31,0.657824212242181,0.8415653260427369,16563.0,1,1,Sensory,DEExp,1,TT,0,208596
32,0.6815769393299816,0.825280574724588,17268.0,1,1,Sensory,DEExp,1,TT,0,208597
33,0.6753628985737423,0.8110240477945257,17279.0,1,1,Sensory,DEExp,1,TT,0,208598
34,0.6830118589710155,0.7872886096709983,17320.0,1,1,Sensory,DEExp,1,TT,0,208599