
0,2.6423657289533886,4.29048952867224,15341.0,1,1,Housing,DEExp,2,TT,0,210140
1,2.5985751398981347,4.805607115165099,15031.0,1,1,Housing,DEExp,2,TT,0,210141
2,2.677010710355559,5.081343735449936,15400.0,1,1,Housing,DEExp,2,TT,0,210142
3,2.609877273048628,4.759238684804014,15318.0,1,1,Housing,DEExp,2,TT,0,210143
4,2.6128626251508167,4.663040712696499,15291.0,1,1,Housing,DEExp,2,TT,0,210144
5,2.6054710667462806,4.798212896634464,15640.0,1,1,Housing,DEExp,2,TT,0,210145
6,2.6490767383669134,4.561961098626004,18724.0,1,1,Housing,DEExp,2,TT,0,210146
7,2.645800709601343,4.194868629576029,18693.0,1,1,Housing,DEExp,2,TT,0,210147
8,2.6985424128531457,4.690237466283562,18894.0,1,1,Housing,DEExp,2,TT,0,210148
9,2.625660717852885,4.142222755250044,16678.0,1,1,Housing,DEExp,2,TT,0,210149
10,2.6683739213956996,4.134321958808482,20873.0,1,1,Housing,DEExp,2,TT,0,210150
11,2.673625200329917,4.2493077841965405,20698.0,1,1,Housing,DEExp,2,TT,0,210151
12,2.623738422574775,4.191492319622113,18710.0,1,1,Housing,DEExp,2,TT,0,210152
13,2.6237698648122243,4.376442742416222,20388.0,1,1,Housing,DEExp,2,TT,0,210153
14,2.608295930534776,3.8696493996935954,21032.0,1,1,Housing,DEExp,2,TT,0,210154
15,2.695439327668744,3.7121096849809594,20491.0,1,1,Housing,DEExp,2,TT,0,210155
16,2.706604964810133,3.8053721101969584,20887.0,1,1,Housing,DEExp,2,TT,0,210156
17,2.5611563717350485,4.420806889962266,21063.0,1,1,Housing,DEExp,2,TT,0,210157
18,2.700579674197151,4.584571279937226,15630.0,1,1,Housing,DEExp,2,TT,0,210158
19,2.612170948942651,3.331267663699157,20141.0,1,1,Housing,DEExp,2,TT,0,210159
20,2.6640573145819872,3.8548977601357812,16488.0,1,1,Housing,DEExp,2,TT,0,210160
21,2.675354840546888,4.675568601473856,21422.0,1,1,Housing,DEExp,2,TT,0,171561
22,2.6138759786475947,4.389680731019715,14953.0,1,1,Housing,DEExp,2,TT,0,210162
23,2.621040460474363,4.433333815550501,19641.0,1,1,Housing,DEExp,2,TT,0,210163
24,2.579627734309482,4.298601064772167,16518.0,1,1,Housing,DEExp,2,TT,0,210164
25,2.573715879647402,4.352121119369126,15442.0,1,1,Housing,DEExp,2,TT,0,210165
26,2.6753928142269996,3.9411897546919175,14875.0,1,1,Housing,DEExp,2,TT,0,210166
27,2.645193066329165,4.206548757561655,15182.0,1,1,Housing,DEExp,2,TT,0,210167
28,2.6889993850140934,4.210056896249332,15247.0,1,1,Housing,DEExp,2,TT,0,210168
29,2.6771814691713667,4.251730804461716,20432.0,1,1,Housing,DEExp,2,TT,0,210169
30,2.636525389096205,4.118994210147442,14860.0,1,1,Housing,DEExp,2,TT,0,210170
32,2.658325174320282,4.622737939793047,15484.0,1,1,Housing,DEExp,2,TT,0,210172
34,2.647898076287344,4.192414699981214,15391.0,1,1,Housing,DEExp,2,TT,0,210174
31,2.701213382502249,3.9743134044792177,19140.0,1,1,Housing,DEExp,2,TT,0,171278
33,2.5967395903172217,4.054019368676626,20282.0,1,1,Housing,DEExp,2,TT,0,171358