
0,0.12173913043478261,0.6727272727272727,12984.0,1,1,Leaf,DEExp,3,TT,0,210910
1,0.11739130434782609,0.7090909090909091,13304.0,1,1,Leaf,DEExp,3,TT,0,210911
2,0.11739130434782609,0.7,13315.0,1,1,Leaf,DEExp,3,TT,0,210912
3,0.11304347826086956,0.7181818181818183,13181.0,1,1,Leaf,DEExp,3,TT,0,210913
4,0.11739130434782609,0.7363636363636363,13093.0,1,1,Leaf,DEExp,3,TT,0,210914
5,0.12608695652173912,0.7090909090909091,13469.0,1,1,Leaf,DEExp,3,TT,0,210915
6,0.12173913043478261,0.7090909090909091,13238.0,1,1,Leaf,DEExp,3,TT,0,210916
7,0.12173913043478261,0.6727272727272727,14749.0,1,1,Leaf,DEExp,3,TT,0,210917
8,0.12173913043478261,0.7272727272727273,14353.0,1,1,Leaf,DEExp,3,TT,0,210918
9,0.12608695652173912,0.7,17911.0,1,1,Leaf,DEExp,3,TT,0,210919
10,0.10869565217391304,0.6909090909090909,14799.0,1,1,Leaf,DEExp,3,TT,0,210920
11,0.11304347826086956,0.7090909090909091,14825.0,1,1,Leaf,DEExp,3,TT,0,210921
12,0.11739130434782609,0.6909090909090909,14508.0,1,1,Leaf,DEExp,3,TT,0,210922
13,0.11739130434782609,0.7181818181818183,14894.0,1,1,Leaf,DEExp,3,TT,0,210923
14,0.11739130434782609,0.7272727272727273,16360.0,1,1,Leaf,DEExp,3,TT,0,210924
15,0.11739130434782609,0.6909090909090909,15278.0,1,1,Leaf,DEExp,3,TT,0,210925
16,0.12173913043478261,0.7,17588.0,1,1,Leaf,DEExp,3,TT,0,210926
17,0.11739130434782609,0.7272727272727273,13250.0,1,1,Leaf,DEExp,3,TT,0,210927
18,0.12608695652173912,0.7181818181818183,17820.0,1,1,Leaf,DEExp,3,TT,0,210928
19,0.11739130434782609,0.6909090909090909,18016.0,1,1,Leaf,DEExp,3,TT,0,210929
20,0.11739130434782609,0.7272727272727273,17468.0,1,1,Leaf,DEExp,3,TT,0,210930
21,0.12173913043478261,0.7090909090909091,17673.0,1,1,Leaf,DEExp,3,TT,0,210931
22,0.12608695652173912,0.7454545454545455,17792.0,1,1,Leaf,DEExp,3,TT,0,210932
23,0.11739130434782609,0.7363636363636363,17869.0,1,1,Leaf,DEExp,3,TT,0,210933
24,0.12608695652173912,0.7363636363636363,17610.0,1,1,Leaf,DEExp,3,TT,0,210934
25,0.12173913043478261,0.7181818181818183,13868.0,1,1,Leaf,DEExp,3,TT,0,210935
26,0.13043478260869565,0.7090909090909091,13641.0,1,1,Leaf,DEExp,3,TT,0,210936
27,0.13043478260869565,0.7636363636363637,14017.0,1,1,Leaf,DEExp,3,TT,0,210937
28,0.10434782608695652,0.7181818181818183,14305.0,1,1,Leaf,DEExp,3,TT,0,210938
29,0.12608695652173912,0.6818181818181819,13562.0,1,1,Leaf,DEExp,3,TT,0,210939
30,0.11739130434782608,0.6909090909090909,14531.0,1,1,Leaf,DEExp,3,TT,0,210940
31,0.12608695652173912,0.7272727272727273,13752.0,1,1,Leaf,DEExp,3,TT,0,210941
32,0.11739130434782609,0.7272727272727273,14861.0,1,1,Leaf,DEExp,3,TT,0,210942
33,0.11739130434782609,0.7363636363636363,14278.0,1,1,Leaf,DEExp,3,TT,0,210943
34,0.11304347826086956,0.7090909090909091,14903.0,1,1,Leaf,DEExp,3,TT,0,210944