
0,59.519510680742535,182.6525351366657,4547.0,1,1,Veteran,DEExp,3,TT,0,211575
1,57.47938828448111,479.71881499306113,4722.0,1,1,Veteran,DEExp,3,TT,0,211576
2,59.44497941516332,304.3057366883419,4516.0,1,1,Veteran,DEExp,3,TT,0,211577
3,56.94665701327814,306.7359873503511,4578.0,1,1,Veteran,DEExp,3,TT,0,211578
4,59.731823502733924,377.14972715008787,6231.0,1,1,Veteran,DEExp,3,TT,0,211579
5,58.88553181914455,720.2623004079196,4339.0,1,1,Veteran,DEExp,3,TT,0,211580
6,57.97320250453472,617.374799339568,6187.0,1,1,Veteran,DEExp,3,TT,0,211581
7,56.088963589572295,343.220261605381,4703.0,1,1,Veteran,DEExp,3,TT,0,211582
8,58.34159643131542,175.66418301325788,4621.0,1,1,Veteran,DEExp,3,TT,0,211583
9,57.379620415241725,480.000761500906,4547.0,1,1,Veteran,DEExp,3,TT,0,211584
10,56.404296003537276,419.7631809869918,4727.0,1,1,Veteran,DEExp,3,TT,0,211585
11,58.364491218519845,193.73852918473415,4687.0,1,1,Veteran,DEExp,3,TT,0,211586
12,56.47089728278254,309.9321591427003,6875.0,1,1,Veteran,DEExp,3,TT,0,172722
13,60.264372176040936,245.62195608372943,4776.0,1,1,Veteran,DEExp,3,TT,0,211588
14,54.440926463858375,451.6993548369329,4712.0,1,1,Veteran,DEExp,3,TT,0,211589
15,56.574030153548364,265.1878006801662,4750.0,1,1,Veteran,DEExp,3,TT,0,211590
16,59.21911153650279,603.1267113255678,5182.0,1,1,Veteran,DEExp,3,TT,0,211591
17,56.002502003387065,234.6132984795662,5938.0,1,1,Veteran,DEExp,3,TT,0,211592
18,57.928449674835925,212.57949025727103,6317.0,1,1,Veteran,DEExp,3,TT,0,211593
19,58.94487552648879,319.1525260219183,5036.0,1,1,Veteran,DEExp,3,TT,0,211594
20,56.82535594625085,244.2616534936601,5075.0,1,1,Veteran,DEExp,3,TT,0,211595
21,59.288404091485674,271.03636621975465,5237.0,1,1,Veteran,DEExp,3,TT,0,211596
22,59.22777708476599,318.7380512797426,5157.0,1,1,Veteran,DEExp,3,TT,0,211597
23,58.60440007800434,361.8736981004799,4609.0,1,1,Veteran,DEExp,3,TT,0,211598
24,55.21274362599761,376.9488483645979,4337.0,1,1,Veteran,DEExp,3,TT,0,211599
25,56.41568302080328,388.8396351507606,4516.0,1,1,Veteran,DEExp,3,TT,0,211600
26,58.59217637124694,507.5410782621849,4547.0,1,1,Veteran,DEExp,3,TT,0,211601
27,58.26639734378056,270.61116687147,6781.0,1,1,Veteran,DEExp,3,TT,0,172737
28,57.18593569765268,256.6068084624099,4798.0,1,1,Veteran,DEExp,3,TT,0,211603
29,58.13746992700103,803.3265666100822,5837.0,1,1,Veteran,DEExp,3,TT,0,211604
30,58.500347914532846,312.61462384635576,4609.0,1,1,Veteran,DEExp,3,TT,0,211605
31,55.825170587753924,395.07354479175297,4531.0,1,1,Veteran,DEExp,3,TT,0,211606
32,56.71112241793346,754.181508371113,4618.0,1,1,Veteran,DEExp,3,TT,0,211607
33,53.11416175347157,287.4506390660141,4703.0,1,1,Veteran,DEExp,3,TT,0,211608
34,61.45399821242997,365.85613798508706,4658.0,1,1,Veteran,DEExp,3,TT,0,211609