
0,1.61848760616714,3.8986484815258318,12840.0,1,1,AutoMpg,DEExp,4,TT,0,212870
1,1.6254705252925787,3.5904112773667314,11656.0,1,1,AutoMpg,DEExp,4,TT,0,212871
2,1.6276714255835152,3.527784299044908,15219.0,1,1,AutoMpg,DEExp,4,TT,0,212872
3,1.6365472899557136,3.5773892241790897,11641.0,1,1,AutoMpg,DEExp,4,TT,0,212873
4,1.6042211074333317,3.621235123472524,13209.0,1,1,AutoMpg,DEExp,4,TT,0,212874
5,1.6043950921738415,3.7777399424778797,11937.0,1,1,AutoMpg,DEExp,4,TT,0,212875
6,1.5928510726663365,3.5371618737744766,11579.0,1,1,AutoMpg,DEExp,4,TT,0,212876
7,1.6225050985270968,3.629896135274168,11836.0,1,1,AutoMpg,DEExp,4,TT,0,212877
8,1.626959009315422,3.5281886601487127,11787.0,1,1,AutoMpg,DEExp,4,TT,0,212878
9,1.6310947300558924,3.457162083529033,12194.0,1,1,AutoMpg,DEExp,4,TT,0,212879
10,1.6052937842542419,3.3624484598462274,14500.0,1,1,AutoMpg,DEExp,4,TT,0,212880
11,1.6338772569203588,3.945014798059239,11986.0,1,1,AutoMpg,DEExp,4,TT,0,212881
12,1.639430266981853,3.673372530452369,11992.0,1,1,AutoMpg,DEExp,4,TT,0,212882
13,1.5989599410918462,3.700445036963931,12052.0,1,1,AutoMpg,DEExp,4,TT,0,212883
14,1.6146831267128459,3.5237675334645777,14513.0,1,1,AutoMpg,DEExp,4,TT,0,212884
15,1.6131713744582297,3.7158361566884364,13193.0,1,1,AutoMpg,DEExp,4,TT,0,212885
16,1.601551966114653,3.777929589842544,13222.0,1,1,AutoMpg,DEExp,4,TT,0,212886
17,1.6290863358099676,3.5226620929386874,11794.0,1,1,AutoMpg,DEExp,4,TT,0,212887
18,1.639543916430256,3.6551887695444574,14371.0,1,1,AutoMpg,DEExp,4,TT,0,212888
19,1.5658962511448828,4.27499911126737,12015.0,1,1,AutoMpg,DEExp,4,TT,0,212889
20,1.6485912656503898,3.6359037586987166,14443.0,1,1,AutoMpg,DEExp,4,TT,0,212890
21,1.6289273709524756,3.4424546839836423,12031.0,1,1,AutoMpg,DEExp,4,TT,0,212891
22,1.6150649546495888,3.526781367348863,16859.0,1,1,AutoMpg,DEExp,4,TT,0,173782
23,1.6074458548242494,3.7997526206459984,11127.0,1,1,AutoMpg,DEExp,4,TT,0,212893
24,1.6292966621019642,3.2665257674785275,16076.0,1,1,AutoMpg,DEExp,4,TT,0,212894
25,1.6133205376094206,3.5249057592415944,11085.0,1,1,AutoMpg,DEExp,4,TT,0,212895
26,1.6319991160516538,3.515538122908014,16297.0,1,1,AutoMpg,DEExp,4,TT,0,173786
27,1.6306980185211735,3.675724508554864,13294.0,1,1,AutoMpg,DEExp,4,TT,0,212897
28,1.6063377741752265,3.59640655189304,15876.0,1,1,AutoMpg,DEExp,4,TT,0,212898
29,1.628561108659762,3.728766938374899,15962.0,1,1,AutoMpg,DEExp,4,TT,0,212899
30,1.6094243088552198,3.7891257861632868,15942.0,1,1,AutoMpg,DEExp,4,TT,0,212900
31,1.620487443228108,3.7129857475681303,16057.0,1,1,AutoMpg,DEExp,4,TT,0,212901
32,1.61537419976885,3.7356444534048077,16078.0,1,1,AutoMpg,DEExp,4,TT,0,212902
33,1.6496130971262293,3.72834655291926,16011.0,1,1,AutoMpg,DEExp,4,TT,0,212903
34,1.6295764352533153,3.454804342139214,16012.0,1,1,AutoMpg,DEExp,4,TT,0,212904