
0,0.6764487328906083,0.7694285828388227,17399.0,1,1,Sensory,DEExp,7,TT,0,217385
1,0.6670881121566644,0.8037406187873588,16594.0,1,1,Sensory,DEExp,7,TT,0,217386
2,0.6806994889342609,0.8239426456941941,17153.0,1,1,Sensory,DEExp,7,TT,0,217387
3,0.6555138122678054,0.8095850281550815,17509.0,1,1,Sensory,DEExp,7,TT,0,217388
4,0.6874741510368498,0.8633284158073063,17474.0,1,1,Sensory,DEExp,7,TT,0,217389
5,0.6834331348056034,0.7449051443403649,22407.0,1,1,Sensory,DEExp,7,TT,0,217390
6,0.6865347807960698,0.8041432597104992,23625.0,1,1,Sensory,DEExp,7,TT,0,177456
7,0.6946514578344891,0.8388101965473368,16896.0,1,1,Sensory,DEExp,7,TT,0,217392
8,0.6597649914560002,0.8262123626871962,16703.0,1,1,Sensory,DEExp,7,TT,0,217393
9,0.6828085411532102,0.7939896254294101,16703.0,1,1,Sensory,DEExp,7,TT,0,217394
10,0.6763744493510783,0.7982404411576752,16920.0,1,1,Sensory,DEExp,7,TT,0,217395
11,0.6826788947635916,0.7593113771327572,16813.0,1,1,Sensory,DEExp,7,TT,0,217396
12,0.691893094253635,0.8065451300217747,18989.0,1,1,Sensory,DEExp,7,TT,0,217397
13,0.678454775434738,0.7919908882304248,16943.0,1,1,Sensory,DEExp,7,TT,0,217398
14,0.6833709296593715,0.813670364645435,23380.0,1,1,Sensory,DEExp,7,TT,0,217399
15,0.6752004273475152,0.8120071164381654,24765.0,1,1,Sensory,DEExp,7,TT,0,177465
16,0.6794402707133995,0.7658314687665746,17397.0,1,1,Sensory,DEExp,7,TT,0,217401
17,0.6649153688844449,0.7928064976504685,17416.0,1,1,Sensory,DEExp,7,TT,0,217402
18,0.6751409015575699,0.8022647865125698,23034.0,1,1,Sensory,DEExp,7,TT,0,217403
19,0.6767236325145154,0.8006381416275361,23082.0,1,1,Sensory,DEExp,7,TT,0,217404
20,0.6751628633726513,0.8325082765851948,22998.0,1,1,Sensory,DEExp,7,TT,0,217405
21,0.6850130381487031,0.8209125212376142,24078.0,1,1,Sensory,DEExp,7,TT,0,177471
22,0.6754504142264134,0.7687162063637654,23120.0,1,1,Sensory,DEExp,7,TT,0,217407
23,0.669983433480348,0.8078803445165755,17078.0,1,1,Sensory,DEExp,7,TT,0,217408
24,0.6679881454883766,0.8230162876741409,15857.0,1,1,Sensory,DEExp,7,TT,0,217409
25,0.6639199442383633,0.8373933103264447,16765.0,1,1,Sensory,DEExp,7,TT,0,217410
26,0.6751723970636783,0.7798883547779908,17000.0,1,1,Sensory,DEExp,7,TT,0,217411
27,0.6770979973302376,0.81550728449765,24594.0,1,1,Sensory,DEExp,7,TT,0,177477
28,0.6879148377289948,0.7833575534181663,17243.0,1,1,Sensory,DEExp,7,TT,0,217413
29,0.6764434867851803,0.7875597779643657,19036.0,1,1,Sensory,DEExp,7,TT,0,217414
30,0.6772024062014593,0.8079169198432089,16594.0,1,1,Sensory,DEExp,7,TT,0,217415
31,0.6568689330102937,0.8434458372630198,18593.0,1,1,Sensory,DEExp,7,TT,0,217416
32,0.6862153133090991,0.8345434124195981,17493.0,1,1,Sensory,DEExp,7,TT,0,217417
33,0.6837487575476087,0.8213365662318618,17158.0,1,1,Sensory,DEExp,7,TT,0,217418
34,0.6769224902379364,0.7917398900948995,15970.0,1,1,Sensory,DEExp,7,TT,0,217419