
0,0.013192612137203167,0.9631578947368421,23512.0,1,1,Wdbc,DEExp,7,TT,0,217140
1,0.013192612137203167,0.9631578947368421,23359.0,1,1,Wdbc,DEExp,7,TT,0,217141
2,0.010554089709762533,0.9789473684210527,23415.0,1,1,Wdbc,DEExp,7,TT,0,217142
3,0.010554089709762533,0.9631578947368421,23241.0,1,1,Wdbc,DEExp,7,TT,0,217143
4,0.010554089709762533,0.968421052631579,23336.0,1,1,Wdbc,DEExp,7,TT,0,217144
5,0.013192612137203167,0.9578947368421052,23176.0,1,1,Wdbc,DEExp,7,TT,0,217145
6,0.0158311345646438,0.9789473684210527,23090.0,1,1,Wdbc,DEExp,7,TT,0,217146
7,0.013192612137203167,0.9526315789473684,24109.0,1,1,Wdbc,DEExp,7,TT,0,217147
8,0.013192612137203167,0.968421052631579,23264.0,1,1,Wdbc,DEExp,7,TT,0,217148
9,0.013192612137203167,0.968421052631579,17484.0,1,1,Wdbc,DEExp,7,TT,0,217149
10,0.0158311345646438,0.9578947368421052,17773.0,1,1,Wdbc,DEExp,7,TT,0,217150
11,0.013192612137203167,0.9631578947368421,17249.0,1,1,Wdbc,DEExp,7,TT,0,217151
12,0.010554089709762533,0.968421052631579,17218.0,1,1,Wdbc,DEExp,7,TT,0,217152
13,0.013192612137203167,0.9578947368421052,19717.0,1,1,Wdbc,DEExp,7,TT,0,217153
14,0.0158311345646438,0.9578947368421052,19709.0,1,1,Wdbc,DEExp,7,TT,0,217154
15,0.010554089709762533,0.9631578947368421,17188.0,1,1,Wdbc,DEExp,7,TT,0,217155
16,0.010554089709762533,0.9578947368421052,18265.0,1,1,Wdbc,DEExp,7,TT,0,217156
17,0.013192612137203167,0.9578947368421052,23329.0,1,1,Wdbc,DEExp,7,TT,0,217157
18,0.013192612137203167,0.9631578947368421,19556.0,1,1,Wdbc,DEExp,7,TT,0,217158
19,0.013192612137203167,0.9526315789473684,23388.0,1,1,Wdbc,DEExp,7,TT,0,217159
20,0.0158311345646438,0.9631578947368421,17141.0,1,1,Wdbc,DEExp,7,TT,0,217160
21,0.010554089709762533,0.9736842105263158,17483.0,1,1,Wdbc,DEExp,7,TT,0,217161
22,0.013192612137203167,0.9473684210526316,18179.0,1,1,Wdbc,DEExp,7,TT,0,217162
23,0.013192612137203167,0.9578947368421052,18321.0,1,1,Wdbc,DEExp,7,TT,0,217163
24,0.013192612137203167,0.9736842105263158,23236.0,1,1,Wdbc,DEExp,7,TT,0,217164
25,0.013192612137203167,0.968421052631579,17078.0,1,1,Wdbc,DEExp,7,TT,0,217165
26,0.010554089709762533,0.9631578947368421,19464.0,1,1,Wdbc,DEExp,7,TT,0,217166
27,0.010554089709762533,0.9473684210526316,19677.0,1,1,Wdbc,DEExp,7,TT,0,217167
28,0.010554089709762533,0.9631578947368421,18020.0,1,1,Wdbc,DEExp,7,TT,0,217168
29,0.010554089709762533,0.968421052631579,18090.0,1,1,Wdbc,DEExp,7,TT,0,217169
30,0.0158311345646438,0.9473684210526316,19187.0,1,1,Wdbc,DEExp,7,TT,0,217170
31,0.0158311345646438,0.9631578947368421,17281.0,1,1,Wdbc,DEExp,7,TT,0,217171
32,0.010554089709762533,0.9578947368421052,19712.0,1,1,Wdbc,DEExp,7,TT,0,217172
33,0.013192612137203167,0.9631578947368421,17187.0,1,1,Wdbc,DEExp,7,TT,0,217173
34,0.013192612137203167,0.9736842105263158,17141.0,1,1,Wdbc,DEExp,7,TT,0,217174