
0,1.6598154962135265,3.7371473832294657,12102.0,1,1,AutoMpg,DEExp,8,TT,0,218750
1,1.640328166427011,3.6646884542851166,16168.0,1,1,AutoMpg,DEExp,8,TT,0,218751
2,1.6582322382055381,3.5161877994248556,16237.0,1,1,AutoMpg,DEExp,8,TT,0,218752
3,1.6683717031886234,3.5626460707022436,16469.0,1,1,AutoMpg,DEExp,8,TT,0,178563
4,1.671513145738695,3.701988275616924,11563.0,1,1,AutoMpg,DEExp,8,TT,0,218754
5,1.6446601143561466,3.492635129782088,11874.0,1,1,AutoMpg,DEExp,8,TT,0,218755
6,1.6272903260055098,3.2958576528302146,11953.0,1,1,AutoMpg,DEExp,8,TT,0,218756
7,1.6198767660164912,3.3759439347026783,16750.0,1,1,AutoMpg,DEExp,8,TT,0,178567
8,1.6491073583381142,3.6288093966441073,16232.0,1,1,AutoMpg,DEExp,8,TT,0,218758
9,1.6503791757024204,3.38879615383225,16209.0,1,1,AutoMpg,DEExp,8,TT,0,218759
10,1.662959187416896,3.6459583793593,11125.0,1,1,AutoMpg,DEExp,8,TT,0,218760
11,1.6510545562392018,4.039160734592236,11828.0,1,1,AutoMpg,DEExp,8,TT,0,218761
12,1.6250568975337665,3.6370508729086084,12843.0,1,1,AutoMpg,DEExp,8,TT,0,218762
13,1.639392648081158,3.397126338092314,16125.0,1,1,AutoMpg,DEExp,8,TT,0,218763
14,1.6564396940112904,3.7404010400923893,11085.0,1,1,AutoMpg,DEExp,8,TT,0,218764
15,1.657031016212755,3.5732125008010214,16122.0,1,1,AutoMpg,DEExp,8,TT,0,218765
16,1.61219498613463,3.9848979153971973,12007.0,1,1,AutoMpg,DEExp,8,TT,0,218766
17,1.5775879163152087,3.3744824694836595,14455.0,1,1,AutoMpg,DEExp,8,TT,0,218767
18,1.6424731856443484,3.38443395847897,11578.0,1,1,AutoMpg,DEExp,8,TT,0,218768
19,1.6720626015329572,3.4184926769327997,12031.0,1,1,AutoMpg,DEExp,8,TT,0,218769
20,1.6442836646613874,3.752820098958579,14488.0,1,1,AutoMpg,DEExp,8,TT,0,218770
21,1.6607031622748296,3.3995533516475698,16594.0,1,1,AutoMpg,DEExp,8,TT,0,178581
22,1.640466887693757,3.5500673651558152,11704.0,1,1,AutoMpg,DEExp,8,TT,0,218772
23,1.6360532582028326,3.6401758855835586,11797.0,1,1,AutoMpg,DEExp,8,TT,0,218773
24,1.611763776717401,3.459376550774377,11672.0,1,1,AutoMpg,DEExp,8,TT,0,218774
25,1.6629679138222333,3.4681501393622898,15970.0,1,1,AutoMpg,DEExp,8,TT,0,218775
26,1.6579646550306464,3.488523317101211,11735.0,1,1,AutoMpg,DEExp,8,TT,0,218776
27,1.6384442690849366,3.595704388480703,12965.0,1,1,AutoMpg,DEExp,8,TT,0,218777
28,1.6292033431401076,3.519719795595555,11014.0,1,1,AutoMpg,DEExp,8,TT,0,218778
29,1.6067924705811603,3.7232530342119934,11704.0,1,1,AutoMpg,DEExp,8,TT,0,218779
30,1.6589420739371392,3.5287731618686475,11807.0,1,1,AutoMpg,DEExp,8,TT,0,218780
31,1.67669646949474,3.656473754165541,12840.0,1,1,AutoMpg,DEExp,8,TT,0,218781
32,1.635120432736646,3.6925238335995303,13252.0,1,1,AutoMpg,DEExp,8,TT,0,218782
33,1.6266244791287128,3.4552473869984324,16015.0,1,1,AutoMpg,DEExp,8,TT,0,218783
34,1.6581054614791029,3.5676707162282004,11975.0,1,1,AutoMpg,DEExp,8,TT,0,218784