
0,0.5477338405545265,1.4755456273663592,8016.0,1,1,BodyFat,DEExp,8,TT,0,218995
1,0.6543709394007226,1.4573702275656026,11453.0,1,1,BodyFat,DEExp,8,TT,0,178771
2,0.6524263797967317,1.3395225321374682,8000.0,1,1,BodyFat,DEExp,8,TT,0,218997
3,0.6220295933150068,1.227437057904878,11516.0,1,1,BodyFat,DEExp,8,TT,0,178773
4,0.6458348163716232,1.733289982203026,8146.0,1,1,BodyFat,DEExp,8,TT,0,218999
5,0.6329323730230664,1.2511051884547473,8031.0,1,1,BodyFat,DEExp,8,TT,0,219000
6,0.5946986058239254,1.5472174889328492,8000.0,1,1,BodyFat,DEExp,8,TT,0,219001
7,0.6398408146851748,1.3101515373572492,8257.0,1,1,BodyFat,DEExp,8,TT,0,219002
8,0.6173474180276144,2.062564458290555,11797.0,1,1,BodyFat,DEExp,8,TT,0,178778
9,0.6149371500383316,1.1598739823864415,8348.0,1,1,BodyFat,DEExp,8,TT,0,219004
10,0.6250906914921508,1.1936876451246499,11266.0,1,1,BodyFat,DEExp,8,TT,0,178780
11,0.6260981200085011,1.1507476699685775,8353.0,1,1,BodyFat,DEExp,8,TT,0,219006
12,0.610419203910245,1.867669000204256,8255.0,1,1,BodyFat,DEExp,8,TT,0,219007
13,0.5898227910336244,2.505401706261776,11688.0,1,1,BodyFat,DEExp,8,TT,0,178783
14,0.6385048830817238,1.341576388471729,10148.0,1,1,BodyFat,DEExp,8,TT,0,219009
15,0.6189898391100784,1.3071013660695525,11015.0,1,1,BodyFat,DEExp,8,TT,0,219010
16,0.6145338739727121,1.806794382368413,11099.0,1,1,BodyFat,DEExp,8,TT,0,219011
17,0.6364416866522519,1.0357546586010875,11594.0,1,1,BodyFat,DEExp,8,TT,0,178787
18,0.6145974884131559,1.5039027744800597,11169.0,1,1,BodyFat,DEExp,8,TT,0,219013
19,0.6441797532907407,1.0368977894327278,11289.0,1,1,BodyFat,DEExp,8,TT,0,219014
20,0.5623447818753871,3.2132796468853635,11150.0,1,1,BodyFat,DEExp,8,TT,0,219015
21,0.5997876164527794,1.119624831407023,11782.0,1,1,BodyFat,DEExp,8,TT,0,178791
22,0.6173569275816478,1.7094051056249293,10813.0,1,1,BodyFat,DEExp,8,TT,0,219017
23,0.612005445647061,1.040749085851323,11055.0,1,1,BodyFat,DEExp,8,TT,0,219018
24,0.6215528087368195,2.1431048730913385,11164.0,1,1,BodyFat,DEExp,8,TT,0,219019
25,0.6325123619128518,2.532105082542073,11107.0,1,1,BodyFat,DEExp,8,TT,0,219020
26,0.6145138311254303,1.223621800202815,11375.0,1,1,BodyFat,DEExp,8,TT,0,178796
27,0.6042012028533591,1.5758516342161217,8450.0,1,1,BodyFat,DEExp,8,TT,0,219022
28,0.6273304155201788,1.1021306473189914,8016.0,1,1,BodyFat,DEExp,8,TT,0,219023
29,0.6377026725656817,1.1157711355842477,8031.0,1,1,BodyFat,DEExp,8,TT,0,219024
30,0.6340322609178367,2.5798426386951627,7984.0,1,1,BodyFat,DEExp,8,TT,0,219025
31,0.6163996198641633,1.306053721650043,8214.0,1,1,BodyFat,DEExp,8,TT,0,219026
32,0.6106475828969149,1.0187110917480064,8051.0,1,1,BodyFat,DEExp,8,TT,0,219027
33,0.6098049856484917,1.4035292741061745,9027.0,1,1,BodyFat,DEExp,8,TT,0,219028
34,0.6158152714378055,1.3022880650561728,8015.0,1,1,BodyFat,DEExp,8,TT,0,219029