
0,0.1333333333333332,0.8200000000000001,8845.0,1,1,Vertebral2C,NGHS,2,CV,0,60305
1,0.13809523809523816,0.8200000000000001,8688.0,1,1,Vertebral2C,NGHS,2,CV,0,60306
2,0.13333333333333308,0.86,11688.0,1,1,Vertebral2C,NGHS,2,CV,0,60307
3,0.13809523809523794,0.8200000000000001,8830.0,1,1,Vertebral2C,NGHS,2,CV,0,60308
4,0.1333333333333332,0.8,11277.0,1,1,Vertebral2C,NGHS,2,CV,0,60309
5,0.1333333333333332,0.81,8359.0,1,1,Vertebral2C,NGHS,2,CV,0,60310
6,0.13809523809523783,0.8,9390.0,1,1,Vertebral2C,NGHS,2,CV,0,60311
7,0.13809523809523794,0.76,14562.0,1,1,Vertebral2C,NGHS,2,CV,0,60312
8,0.13809523809523816,0.8,11406.0,1,1,Vertebral2C,NGHS,2,CV,0,60313
9,0.14285714285714268,0.8,9436.0,1,1,Vertebral2C,NGHS,2,CV,0,60314
10,0.1333333333333332,0.86,9775.0,1,1,Vertebral2C,NGHS,2,CV,0,60315
11,0.13333333333333308,0.83,11571.0,1,1,Vertebral2C,NGHS,2,CV,0,60316
12,0.13809523809523794,0.78,9861.0,1,1,Vertebral2C,NGHS,2,CV,0,60317
13,0.14285714285714268,0.8,9292.0,1,1,Vertebral2C,NGHS,2,CV,0,60318
14,0.1333333333333332,0.83,8802.0,1,1,Vertebral2C,NGHS,2,CV,0,60319
15,0.13333333333333308,0.83,11516.0,1,1,Vertebral2C,NGHS,2,CV,0,60320
16,0.1333333333333332,0.8200000000000001,8899.0,1,1,Vertebral2C,NGHS,2,CV,0,60321
17,0.1238095238095237,0.83,8574.0,1,1,Vertebral2C,NGHS,2,CV,0,60322
18,0.12857142857142845,0.8200000000000001,9516.0,1,1,Vertebral2C,NGHS,2,CV,0,60323
19,0.13333333333333308,0.77,8654.0,1,1,Vertebral2C,NGHS,2,CV,0,60324
20,0.12857142857142845,0.81,9291.0,1,1,Vertebral2C,NGHS,2,CV,0,60325
21,0.1333333333333332,0.81,8750.0,1,1,Vertebral2C,NGHS,2,CV,0,60326
22,0.1333333333333332,0.8,8524.0,1,1,Vertebral2C,NGHS,2,CV,0,60327
23,0.1333333333333332,0.78,9534.0,1,1,Vertebral2C,NGHS,2,CV,0,61203
24,0.14285714285714268,0.85,8615.0,1,1,Vertebral2C,NGHS,2,CV,0,60329
25,0.13809523809523794,0.81,8696.0,1,1,Vertebral2C,NGHS,2,CV,0,60330
26,0.12857142857142834,0.8,9033.0,1,1,Vertebral2C,NGHS,2,CV,0,60331
27,0.12857142857142845,0.8,8703.0,1,1,Vertebral2C,NGHS,2,CV,0,60332
28,0.1333333333333332,0.8,9625.0,1,1,Vertebral2C,NGHS,2,CV,0,60333
29,0.1238095238095237,0.78,9531.0,1,1,Vertebral2C,NGHS,2,CV,0,60334
30,0.12857142857142845,0.8,11078.0,1,1,Vertebral2C,NGHS,2,CV,0,61210
31,0.1333333333333332,0.79,8881.0,1,1,Vertebral2C,NGHS,2,CV,0,60336
32,0.13809523809523794,0.83,9675.0,1,1,Vertebral2C,NGHS,2,CV,0,60337
33,0.13809523809523794,0.8,11391.0,1,1,Vertebral2C,NGHS,2,CV,0,60338
34,0.13809523809523794,0.8,11141.0,1,1,Vertebral2C,NGHS,2,CV,0,60339