
0,0.8523301450435387,1.070076463959849,10384.0,1,1,BodyFat,NGHS,3,CV,0,63175
1,0.9983196594123575,2.7264450938790694,7453.0,1,1,BodyFat,NGHS,3,CV,0,63176
2,0.877883140696668,1.7110034506553455,7421.0,1,1,BodyFat,NGHS,3,CV,0,63177
3,0.7864257886683129,0.9386274711251098,7526.0,1,1,BodyFat,NGHS,3,CV,0,63178
4,0.8628972083696709,4.3098693618833055,7485.0,1,1,BodyFat,NGHS,3,CV,0,63179
5,0.9330858355150775,1.2968106659370118,7453.0,1,1,BodyFat,NGHS,3,CV,0,63180
6,0.7318679727939467,0.8236053066440046,7494.0,1,1,BodyFat,NGHS,3,CV,0,63181
7,0.9422334910906421,1.1317173752831287,7468.0,1,1,BodyFat,NGHS,3,CV,0,63182
8,0.8270584864511544,1.8790742676133754,7546.0,1,1,BodyFat,NGHS,3,CV,0,63183
9,0.7570035240316301,1.218826733991851,7484.0,1,1,BodyFat,NGHS,3,CV,0,63184
10,0.8557396371298323,1.7012440387667034,7504.0,1,1,BodyFat,NGHS,3,CV,0,63185
11,0.7495851055765539,1.5093591068719883,7437.0,1,1,BodyFat,NGHS,3,CV,0,63186
12,0.6837725245693907,1.035553629096557,7595.0,1,1,BodyFat,NGHS,3,CV,0,63187
13,0.9254532000353624,1.246596355383039,7610.0,1,1,BodyFat,NGHS,3,CV,0,63188
14,0.9467654105453427,0.9489891323226526,7511.0,1,1,BodyFat,NGHS,3,CV,0,63189
15,1.0161062914525054,0.9289684132800163,7484.0,1,1,BodyFat,NGHS,3,CV,0,63190
16,1.0800990435953295,0.906221207380497,7523.0,1,1,BodyFat,NGHS,3,CV,0,63191
17,1.005281380372677,1.0793301699510498,7506.0,1,1,BodyFat,NGHS,3,CV,0,63192
18,0.8926276424351413,2.2190243341898594,7522.0,1,1,BodyFat,NGHS,3,CV,0,63193
19,0.9984885079697721,1.3868645266321444,7562.0,1,1,BodyFat,NGHS,3,CV,0,63194
20,0.8309743903998476,0.9667767176747761,7581.0,1,1,BodyFat,NGHS,3,CV,0,63195
21,0.7895246581489921,0.9850883947265553,8293.0,1,1,BodyFat,NGHS,3,CV,0,63196
22,0.7632125284074228,0.9111475247560414,9300.0,1,1,BodyFat,NGHS,3,CV,0,63197
23,1.0922427470118778,1.5467992807738764,8161.0,1,1,BodyFat,NGHS,3,CV,0,63198
24,0.9315576416770724,1.118262248603319,9218.0,1,1,BodyFat,NGHS,3,CV,0,63199
25,0.9253080085705101,1.274626836941258,8389.0,1,1,BodyFat,NGHS,3,CV,0,63200
26,0.84632666155165,1.6235488550826815,9358.0,1,1,BodyFat,NGHS,3,CV,0,63201
27,0.9997931118863072,1.3122484045326528,9563.0,1,1,BodyFat,NGHS,3,CV,0,63202
28,0.9036812158546323,2.56001165027584,7165.0,1,1,BodyFat,NGHS,3,CV,0,63203
29,0.8586108486430856,0.9992953403438404,9496.0,1,1,BodyFat,NGHS,3,CV,0,63204
30,0.8799218482573858,1.1463149337790373,7144.0,1,1,BodyFat,NGHS,3,CV,0,63205
31,0.7135455527132049,1.801354961150588,7045.0,1,1,BodyFat,NGHS,3,CV,0,63206
32,0.8458384378734227,1.0930251808575175,10261.0,1,1,BodyFat,NGHS,3,CV,0,63207
33,0.8499056788511211,1.0317946729512175,10087.0,1,1,BodyFat,NGHS,3,CV,0,63208
34,0.861382896376609,1.5532287513924352,10274.0,1,1,BodyFat,NGHS,3,CV,0,63209