
0,3.28824105376425,3.925428205523219,17595.0,1,1,Housing,NGHS,4,CV,0,52740
1,3.3197482203350006,4.36879127356065,18305.0,1,1,Housing,NGHS,4,CV,0,64611
2,3.0705265143082565,3.926542508370214,19418.0,1,1,Housing,NGHS,4,CV,0,64612
3,3.3475913167392255,4.149164219312325,13277.0,1,1,Housing,NGHS,4,CV,0,64613
4,3.2674829645111294,3.903995365781506,13397.0,1,1,Housing,NGHS,4,CV,0,64614
5,3.3474019845178695,4.430836712503482,13447.0,1,1,Housing,NGHS,4,CV,0,64615
6,3.1988210129804218,3.6945963768764254,14015.0,1,1,Housing,NGHS,4,CV,0,64616
7,3.2791141077659143,4.287835505134252,14078.0,1,1,Housing,NGHS,4,CV,0,64617
8,3.333387727339602,4.32653198981285,19234.0,1,1,Housing,NGHS,4,CV,0,64618
9,3.4052043341014064,4.580174070196299,15548.0,1,1,Housing,NGHS,4,CV,0,64619
10,3.2454799667785452,4.467266307864914,14063.0,1,1,Housing,NGHS,4,CV,0,64620
11,3.2290739433768882,3.9919297189076595,14161.0,1,1,Housing,NGHS,4,CV,0,64621
12,3.495621900662061,4.1876877128585805,14063.0,1,1,Housing,NGHS,4,CV,0,64622
13,3.4605808445831605,4.5487761585965005,14099.0,1,1,Housing,NGHS,4,CV,0,64623
14,3.3222417181613073,4.421986072750807,14131.0,1,1,Housing,NGHS,4,CV,0,64624
15,3.397348615276189,4.163334878248028,14047.0,1,1,Housing,NGHS,4,CV,0,64625
16,3.3241034824756346,3.8913833940369913,14000.0,1,1,Housing,NGHS,4,CV,0,64626
17,3.413456983714019,4.144724446220479,14000.0,1,1,Housing,NGHS,4,CV,0,64627
18,3.3511789319698444,4.741254932554412,19125.0,1,1,Housing,NGHS,4,CV,0,64628
19,3.2826161552503983,4.612523229771576,14047.0,1,1,Housing,NGHS,4,CV,0,64629
20,3.354999401576837,3.7308061089309534,14202.0,1,1,Housing,NGHS,4,CV,0,64630
21,3.2060247226040053,4.021514396017164,14000.0,1,1,Housing,NGHS,4,CV,0,64631
22,3.1804273803653507,4.721962031687762,13859.0,1,1,Housing,NGHS,4,CV,0,64632
23,3.2530321404295472,4.033447970854245,13984.0,1,1,Housing,NGHS,4,CV,0,64633
24,3.2038910294936462,4.349654624341314,13922.0,1,1,Housing,NGHS,4,CV,0,64634
25,3.234355757293895,3.8445367576011624,14259.0,1,1,Housing,NGHS,4,CV,0,64635
26,3.386901264532642,4.4563288535995955,14191.0,1,1,Housing,NGHS,4,CV,0,64636
27,3.3072253454061915,4.592328912839612,14347.0,1,1,Housing,NGHS,4,CV,0,64637
28,3.4533780439044053,4.203483588264814,14330.0,1,1,Housing,NGHS,4,CV,0,64638
29,3.237543856769843,4.108971253714162,17081.0,1,1,Housing,NGHS,4,CV,0,52769
30,3.4303896121867608,4.006249729449549,19393.0,1,1,Housing,NGHS,4,CV,0,64640
31,3.231484690523895,4.22301031334153,18703.0,1,1,Housing,NGHS,4,CV,0,64641
32,3.332969002454255,3.859036202010992,19031.0,1,1,Housing,NGHS,4,CV,0,64642
33,3.422965301626294,4.723001110432413,19096.0,1,1,Housing,NGHS,4,CV,0,64643
34,3.3841762670122884,3.936083539505263,19209.0,1,1,Housing,NGHS,4,CV,0,64644