
0,0.9203900730819805,1.2731970320650596,7105.0,1,1,BodyFat,NGHS,6,CV,0,67585
1,0.819871639983956,1.0413668264905496,10269.0,1,1,BodyFat,NGHS,6,CV,0,67586
2,1.0121174696387918,1.511318589327212,7563.0,1,1,BodyFat,NGHS,6,CV,0,67587
3,0.878538926146059,2.2431303121501185,7469.0,1,1,BodyFat,NGHS,6,CV,0,67588
4,0.9658677686509771,2.1389341310660677,7564.0,1,1,BodyFat,NGHS,6,CV,0,67589
5,0.9760734604766345,1.2921728865361715,7453.0,1,1,BodyFat,NGHS,6,CV,0,67590
6,1.0245395994623179,1.0555626112352765,7557.0,1,1,BodyFat,NGHS,6,CV,0,67591
7,0.7579105534708481,0.9354123582009654,7539.0,1,1,BodyFat,NGHS,6,CV,0,67592
8,0.9129671959063318,1.4857686266544015,7595.0,1,1,BodyFat,NGHS,6,CV,0,67593
9,0.8204707742919671,1.1280961698953285,7602.0,1,1,BodyFat,NGHS,6,CV,0,67594
10,0.923953424591074,2.002869265216216,7484.0,1,1,BodyFat,NGHS,6,CV,0,67595
11,0.8001503798871505,1.2992932987932067,7517.0,1,1,BodyFat,NGHS,6,CV,0,67596
12,1.0564765062837878,1.021855557512873,7599.0,1,1,BodyFat,NGHS,6,CV,0,67597
13,0.7864101747847095,1.3763826384244393,7534.0,1,1,BodyFat,NGHS,6,CV,0,67598
14,0.8526187783510684,1.4233704600556434,7502.0,1,1,BodyFat,NGHS,6,CV,0,67599
15,1.0626425985126569,1.9265755870051058,7625.0,1,1,BodyFat,NGHS,6,CV,0,67600
16,1.1184094596524885,1.0612733525808247,7586.0,1,1,BodyFat,NGHS,6,CV,0,67601
17,0.9561009655800227,1.2442605431804115,7571.0,1,1,BodyFat,NGHS,6,CV,0,67602
18,0.8869647130065775,2.721610438954313,7632.0,1,1,BodyFat,NGHS,6,CV,0,67603
19,0.9197011187081194,1.3613720389370179,7643.0,1,1,BodyFat,NGHS,6,CV,0,67604
20,0.8036018584415652,2.5852886044261574,7652.0,1,1,BodyFat,NGHS,6,CV,0,67605
21,1.0090273379755184,0.8767218237705681,7562.0,1,1,BodyFat,NGHS,6,CV,0,67606
22,0.8753175914496509,1.0521598177695266,7586.0,1,1,BodyFat,NGHS,6,CV,0,67607
23,0.7730122326581574,1.0433988274859927,8193.0,1,1,BodyFat,NGHS,6,CV,0,67608
24,0.8495763931707607,1.1787588961263793,8178.0,1,1,BodyFat,NGHS,6,CV,0,67609
25,1.07372348738404,1.8696959753932223,7057.0,1,1,BodyFat,NGHS,6,CV,0,67610
26,0.7615935319049238,0.9736236912469802,8425.0,1,1,BodyFat,NGHS,6,CV,0,67611
27,0.6721401018755182,1.5582964300167084,7104.0,1,1,BodyFat,NGHS,6,CV,0,67612
28,0.9124613556762847,1.0023149601295755,9575.0,1,1,BodyFat,NGHS,6,CV,0,67613
29,0.9194034267243418,1.7808243747976815,9300.0,1,1,BodyFat,NGHS,6,CV,0,67614
30,0.8837371802480349,0.868689043887887,7180.0,1,1,BodyFat,NGHS,6,CV,0,67615
31,0.9220767284147151,1.0828634763211655,9703.0,1,1,BodyFat,NGHS,6,CV,0,67616
32,0.851567456284078,1.4646548264418124,9922.0,1,1,BodyFat,NGHS,6,CV,0,67617
33,0.9724653950325894,1.2363892501989984,10209.0,1,1,BodyFat,NGHS,6,CV,0,67618
34,0.7845854430357584,1.0463148432201466,9561.0,1,1,BodyFat,NGHS,6,CV,0,67619