
0,2256.714501077947,3246.7790041928097,5156.0,1,1,AutoPrice,NGHS,7,CV,0,68845
1,1805.169656090283,4559.613296327149,5091.0,1,1,AutoPrice,NGHS,7,CV,0,68846
2,1800.1137598319178,3322.790678213094,5062.0,1,1,AutoPrice,NGHS,7,CV,0,68847
3,2012.570050538097,4482.022090510991,6156.0,1,1,AutoPrice,NGHS,7,CV,0,56193
4,2103.9837438705363,3994.2900641712476,5786.0,1,1,AutoPrice,NGHS,7,CV,0,68849
5,2014.3097373850965,3432.5879062483705,5638.0,1,1,AutoPrice,NGHS,7,CV,0,68850
6,2107.1406373474247,3374.8087107443243,5764.0,1,1,AutoPrice,NGHS,7,CV,0,68851
7,2127.5501852807674,6133.355663216531,4769.0,1,1,AutoPrice,NGHS,7,CV,0,68852
8,2088.9022895340454,3641.405656890201,5530.0,1,1,AutoPrice,NGHS,7,CV,0,68853
9,2139.86069684675,4506.708350341924,5591.0,1,1,AutoPrice,NGHS,7,CV,0,68854
10,2071.2387894134545,5865.332042649807,6156.0,1,1,AutoPrice,NGHS,7,CV,0,56200
11,1999.0600863450923,3991.4826690163486,5598.0,1,1,AutoPrice,NGHS,7,CV,0,68856
12,2154.633301013408,3056.8111875842574,6146.0,1,1,AutoPrice,NGHS,7,CV,0,56202
13,1915.7231813193944,2964.0350947832053,6321.0,1,1,AutoPrice,NGHS,7,CV,0,68858
14,2175.149576698693,3952.965796865238,4820.0,1,1,AutoPrice,NGHS,7,CV,0,68859
15,1845.4008576262793,4425.966228864025,6361.0,1,1,AutoPrice,NGHS,7,CV,0,68860
16,1855.608706355263,3657.440501838031,6309.0,1,1,AutoPrice,NGHS,7,CV,0,68861
17,1923.1965648872476,3865.5714114391267,6283.0,1,1,AutoPrice,NGHS,7,CV,0,68862
18,1834.956760008837,3812.606875720598,5720.0,1,1,AutoPrice,NGHS,7,CV,0,68863
19,2144.2623126662756,3199.8387636080806,6610.0,1,1,AutoPrice,NGHS,7,CV,0,68864
20,2003.2671583781703,3260.2226357184395,6703.0,1,1,AutoPrice,NGHS,7,CV,0,68865
21,1841.6814246673216,3333.0387446764253,5097.0,1,1,AutoPrice,NGHS,7,CV,0,68866
22,1847.6118802503304,3959.8447058019797,5125.0,1,1,AutoPrice,NGHS,7,CV,0,68867
23,2255.4221175773596,3365.0375489054204,5169.0,1,1,AutoPrice,NGHS,7,CV,0,68868
24,2021.5445490336836,4130.100587054881,6944.0,1,1,AutoPrice,NGHS,7,CV,0,68869
25,2075.355698169137,4298.186120449915,7032.0,1,1,AutoPrice,NGHS,7,CV,0,68870
26,2055.318266516638,3840.789442249111,5220.0,1,1,AutoPrice,NGHS,7,CV,0,68871
27,2192.168469239553,2281.623005894669,6420.0,1,1,AutoPrice,NGHS,7,CV,0,68872
28,2002.4873075800892,4703.87629255537,4893.0,1,1,AutoPrice,NGHS,7,CV,0,68873
29,1848.7747954121107,3014.050585203556,4757.0,1,1,AutoPrice,NGHS,7,CV,0,68874
30,1589.6766753814595,5604.53757743836,5614.0,1,1,AutoPrice,NGHS,7,CV,0,68875
31,1968.6017394766945,5704.591426075381,5751.0,1,1,AutoPrice,NGHS,7,CV,0,68876
32,1946.059241455055,3878.3536429241462,6983.0,1,1,AutoPrice,NGHS,7,CV,0,68877
33,2231.4807138419037,4134.86280772639,6884.0,1,1,AutoPrice,NGHS,7,CV,0,68878
34,2080.8884632049258,3378.1988210781406,5737.0,1,1,AutoPrice,NGHS,7,CV,0,68879