
0,2.3912680429134467,3.494153359652272,11078.0,1,1,AutoMpg,NGHS,8,CV,0,70280
1,2.3094029234764784,3.6396047237809306,11102.0,1,1,AutoMpg,NGHS,8,CV,0,70281
2,2.4378477459899046,3.496245175512196,11061.0,1,1,AutoMpg,NGHS,8,CV,0,70282
3,2.3435561807483607,3.630280693938163,11160.0,1,1,AutoMpg,NGHS,8,CV,0,70283
4,2.2792937750983815,3.5455902033840014,10828.0,1,1,AutoMpg,NGHS,8,CV,0,70284
5,2.3268572696633916,3.46230725322915,11158.0,1,1,AutoMpg,NGHS,8,CV,0,70285
6,2.2940759565206608,3.6029923203505723,11093.0,1,1,AutoMpg,NGHS,8,CV,0,70286
7,2.4032482179357437,3.3880949571833847,11047.0,1,1,AutoMpg,NGHS,8,CV,0,70287
8,2.2283163459542368,3.664224909834428,11105.0,1,1,AutoMpg,NGHS,8,CV,0,70288
9,2.391830072540033,3.654871156853719,11078.0,1,1,AutoMpg,NGHS,8,CV,0,70289
10,2.337211057185834,3.6390709196253668,11131.0,1,1,AutoMpg,NGHS,8,CV,0,70290
11,2.326563454309131,3.4918232459020513,15120.0,1,1,AutoMpg,NGHS,8,CV,0,70291
12,2.310096495624957,3.6764338540522132,11109.0,1,1,AutoMpg,NGHS,8,CV,0,70292
13,2.417727658649299,3.6297749559094568,14950.0,1,1,AutoMpg,NGHS,8,CV,0,70293
14,2.294746143112703,3.4347606087063953,10891.0,1,1,AutoMpg,NGHS,8,CV,0,70294
15,2.286792278763884,3.3827882459438783,11139.0,1,1,AutoMpg,NGHS,8,CV,0,70295
16,2.216000497860199,3.351752238455825,11113.0,1,1,AutoMpg,NGHS,8,CV,0,70296
17,2.506444788373318,3.373133029464874,11189.0,1,1,AutoMpg,NGHS,8,CV,0,70297
18,2.3021833842164723,3.579219950932546,12039.0,1,1,AutoMpg,NGHS,8,CV,0,70298
19,2.330306894186711,3.455581153552576,11984.0,1,1,AutoMpg,NGHS,8,CV,0,70299
20,2.3704805082031477,3.5941828411523176,11218.0,1,1,AutoMpg,NGHS,8,CV,0,70300
21,2.3586883482640646,3.4614890665732596,11257.0,1,1,AutoMpg,NGHS,8,CV,0,70301
22,2.2794491617008203,3.5070721437950394,11173.0,1,1,AutoMpg,NGHS,8,CV,0,70302
23,2.374430932119283,3.286622325040172,11031.0,1,1,AutoMpg,NGHS,8,CV,0,70303
24,2.247835830354364,3.5350222763774433,13555.0,1,1,AutoMpg,NGHS,8,CV,0,70304
25,2.235982113767883,3.358179064644414,10922.0,1,1,AutoMpg,NGHS,8,CV,0,70305
26,2.3770174333987955,3.461167639797926,11118.0,1,1,AutoMpg,NGHS,8,CV,0,70306
27,2.3419725585307414,3.4628159195978534,11000.0,1,1,AutoMpg,NGHS,8,CV,0,70307
28,2.329128255077509,3.59197836681924,10875.0,1,1,AutoMpg,NGHS,8,CV,0,70308
29,2.4194537199909467,3.7732699866018393,11129.0,1,1,AutoMpg,NGHS,8,CV,0,70309
30,2.346127325909636,3.4036034784457434,13631.0,1,1,AutoMpg,NGHS,8,CV,0,70310
31,2.340586669764959,3.5218946910369286,10968.0,1,1,AutoMpg,NGHS,8,CV,0,70311
32,2.239472424333635,3.4772893067986943,14783.0,1,1,AutoMpg,NGHS,8,CV,0,70312
33,2.32826281988857,3.9131073667236618,11015.0,1,1,AutoMpg,NGHS,8,CV,0,70313
34,2.319703290759538,3.682354418295829,11034.0,1,1,AutoMpg,NGHS,8,CV,0,70314