
0,0.0,1.0,45971.0,1,1,Banknote,DEBin,2,CV,0,105945
1,0.0,1.0,34656.0,1,1,Banknote,DEBin,2,CV,0,105946
2,0.0,1.0,48328.0,1,1,Banknote,DEBin,2,CV,0,105947
3,0.0,1.0,34282.0,1,1,Banknote,DEBin,2,CV,0,105948
4,0.0,1.0,48708.0,1,1,Banknote,DEBin,2,CV,0,105949
5,0.0,1.0,35755.0,1,1,Banknote,DEBin,2,CV,0,105950
6,0.0,1.0,35156.0,1,1,Banknote,DEBin,2,CV,0,105951
7,0.0,1.0,36187.0,1,1,Banknote,DEBin,2,CV,0,105952
8,0.0,1.0,34578.0,1,1,Banknote,DEBin,2,CV,0,105953
9,0.0,1.0,35233.0,1,1,Banknote,DEBin,2,CV,0,105954
10,0.0,0.9977777777777778,36288.0,1,1,Banknote,DEBin,2,CV,0,105955
11,0.0,1.0,34656.0,1,1,Banknote,DEBin,2,CV,0,105956
12,0.0,1.0,35187.0,1,1,Banknote,DEBin,2,CV,0,105957
13,0.0,1.0,38343.0,1,1,Banknote,DEBin,2,CV,0,105958
14,0.0,1.0,59104.0,1,1,Banknote,DEBin,2,CV,0,105959
15,0.0,1.0,47484.0,1,1,Banknote,DEBin,2,CV,0,105960
16,0.0,1.0,34813.0,1,1,Banknote,DEBin,2,CV,0,105961
17,0.0,1.0,35078.0,1,1,Banknote,DEBin,2,CV,0,105962
18,0.0,1.0,37454.0,1,1,Banknote,DEBin,2,CV,0,105963
19,0.0,1.0,34562.0,1,1,Banknote,DEBin,2,CV,0,105964
20,0.0,1.0,34750.0,1,1,Banknote,DEBin,2,CV,0,105965
21,0.0,1.0,36530.0,1,1,Banknote,DEBin,2,CV,0,105966
22,0.0,1.0,45406.0,1,1,Banknote,DEBin,2,CV,0,105967
23,0.0,1.0,34484.0,1,1,Banknote,DEBin,2,CV,0,105968
24,0.0,1.0,34282.0,1,1,Banknote,DEBin,2,CV,0,105969
25,0.0,1.0,34422.0,1,1,Banknote,DEBin,2,CV,0,105970
26,0.0,1.0,35078.0,1,1,Banknote,DEBin,2,CV,0,105971
27,0.0,1.0,35857.0,1,1,Banknote,DEBin,2,CV,0,105972
28,0.0,1.0,35181.0,1,1,Banknote,DEBin,2,CV,0,105973
29,0.0,1.0,36118.0,1,1,Banknote,DEBin,2,CV,0,105974
30,0.0,1.0,34594.0,1,1,Banknote,DEBin,2,CV,0,105975
31,0.0,1.0,35062.0,1,1,Banknote,DEBin,2,CV,0,105976
32,0.0,1.0,36113.0,1,1,Banknote,DEBin,2,CV,0,105977
33,0.0,1.0,37764.0,1,1,Banknote,DEBin,2,CV,0,105978
34,0.0,1.0,34859.0,1,1,Banknote,DEBin,2,CV,0,105979