
0,0.8243569253045153,0.7760053310222241,15970.0,1,1,Sensory,DEBin,4,CV,0,110075
1,0.8197824248093368,0.8069204697752059,15828.0,1,1,Sensory,DEBin,4,CV,0,110076
2,0.8260111100866068,0.796285618960773,16025.0,1,1,Sensory,DEBin,4,CV,0,110077
3,0.8213277343388095,0.8459858219630226,16096.0,1,1,Sensory,DEBin,4,CV,0,110078
4,0.8296279050575788,0.8164784112829264,15937.0,1,1,Sensory,DEBin,4,CV,0,110079
5,0.829453297314727,0.7974678120469333,16003.0,1,1,Sensory,DEBin,4,CV,0,110080
6,0.8317271578652452,0.8257129624250842,15766.0,1,1,Sensory,DEBin,4,CV,0,110081
7,0.8174992564500562,0.8325313702090106,15672.0,1,1,Sensory,DEBin,4,CV,0,110082
8,0.8201732190678509,0.8332796699482332,16082.0,1,1,Sensory,DEBin,4,CV,0,110083
9,0.824549897067179,0.7924436118221759,15930.0,1,1,Sensory,DEBin,4,CV,0,110084
10,0.8175825843761608,0.8403687557241449,15816.0,1,1,Sensory,DEBin,4,CV,0,110085
11,0.8300696605960951,0.8217331513650962,15922.0,1,1,Sensory,DEBin,4,CV,0,110086
12,0.8192181345028888,0.7911370083840458,15806.0,1,1,Sensory,DEBin,4,CV,0,110087
13,0.8250085036741247,0.847735536706597,15734.0,1,1,Sensory,DEBin,4,CV,0,110088
14,0.8306272279533289,0.8210636314724713,15936.0,1,1,Sensory,DEBin,4,CV,0,110089
15,0.8247200627600566,0.8216070910871349,15810.0,1,1,Sensory,DEBin,4,CV,0,110090
16,0.8239031167361951,0.8109756762927329,17430.0,1,1,Sensory,DEBin,4,CV,0,110091
17,0.830087337700267,0.8308194397890164,15981.0,1,1,Sensory,DEBin,4,CV,0,110092
18,0.8304945291373504,0.7915205815352294,17217.0,1,1,Sensory,DEBin,4,CV,0,110093
19,0.8295923589286568,0.7998748467334919,20610.0,1,1,Sensory,DEBin,4,CV,0,110094
20,0.8380467507499031,0.8237159467096513,20672.0,1,1,Sensory,DEBin,4,CV,0,110095
21,0.8277716508565114,0.8290170659075157,17702.0,1,1,Sensory,DEBin,4,CV,0,110096
22,0.8309862842488304,0.8622731024737421,17777.0,1,1,Sensory,DEBin,4,CV,0,110097
23,0.8347198758961213,0.8487806970105691,19507.0,1,1,Sensory,DEBin,4,CV,0,110098
24,0.8199312012311516,0.8480433093786993,21355.0,1,1,Sensory,DEBin,4,CV,0,110099
25,0.8252914066100102,0.8381829961874679,19617.0,1,1,Sensory,DEBin,4,CV,0,110100
26,0.8181004835849827,0.817603817052291,19452.0,1,1,Sensory,DEBin,4,CV,0,110101
27,0.8361522803205558,0.8138767054554675,21374.0,1,1,Sensory,DEBin,4,CV,0,110102
28,0.8408446358785191,0.7713552111321922,21645.0,1,1,Sensory,DEBin,4,CV,0,110103
29,0.8360346298669169,0.8080898505835722,21887.0,1,1,Sensory,DEBin,4,CV,0,110104
30,0.8216567642313173,0.7807915625539152,17316.0,1,1,Sensory,DEBin,4,CV,0,110105
31,0.8318176989609574,0.8284198100327017,21297.0,1,1,Sensory,DEBin,4,CV,0,110106
32,0.8304794129205547,0.8245862330267147,21394.0,1,1,Sensory,DEBin,4,CV,0,110107
33,0.8301169613204913,0.7946537238902232,21747.0,1,1,Sensory,DEBin,4,CV,0,110108
34,0.8350823719536159,0.8467114392111578,14892.0,1,1,Sensory,DEBin,4,CV,0,110109