
0,2.449396173176207,3.3705174054534357,10890.0,1,1,AutoMpg,DEBin,5,CV,0,111440
1,2.3580420755844256,3.425030173117892,10937.0,1,1,AutoMpg,DEBin,5,CV,0,111441
2,2.4229728149961005,3.3365469325905885,10953.0,1,1,AutoMpg,DEBin,5,CV,0,111442
3,2.3674488427779155,3.269196584216316,11148.0,1,1,AutoMpg,DEBin,5,CV,0,111443
4,2.4131851969093896,3.6466799152929372,14956.0,1,1,AutoMpg,DEBin,5,CV,0,111444
5,2.3604484687542953,3.4522074607309396,10875.0,1,1,AutoMpg,DEBin,5,CV,0,111445
6,2.3498516553709186,3.6855391113405567,11122.0,1,1,AutoMpg,DEBin,5,CV,0,111446
7,2.3666545177912806,3.4971396686826552,10828.0,1,1,AutoMpg,DEBin,5,CV,0,111447
8,2.375475477359808,3.55562888596329,10995.0,1,1,AutoMpg,DEBin,5,CV,0,111448
9,2.2961298566030757,3.3392952340828503,11058.0,1,1,AutoMpg,DEBin,5,CV,0,111449
10,2.454259570575066,3.3593900602619753,11094.0,1,1,AutoMpg,DEBin,5,CV,0,111450
11,2.367213828910203,3.2730013479600197,11078.0,1,1,AutoMpg,DEBin,5,CV,0,111451
12,2.3959944749727065,3.4888619431045664,10906.0,1,1,AutoMpg,DEBin,5,CV,0,111452
13,2.417727658649299,3.6297749559094568,11067.0,1,1,AutoMpg,DEBin,5,CV,0,111453
14,2.307052822295691,3.3906316084622232,11198.0,1,1,AutoMpg,DEBin,5,CV,0,111454
15,2.3886415106438066,3.413310226585168,10921.0,1,1,AutoMpg,DEBin,5,CV,0,111455
16,2.260855122931304,3.8367388839589176,11113.0,1,1,AutoMpg,DEBin,5,CV,0,111456
17,2.3198621694914787,3.453065262805127,10828.0,1,1,AutoMpg,DEBin,5,CV,0,111457
18,2.4433029007039004,3.2618514003492196,12096.0,1,1,AutoMpg,DEBin,5,CV,0,111458
19,2.40929328935882,3.4187260665090617,10937.0,1,1,AutoMpg,DEBin,5,CV,0,111459
20,2.458541974127057,3.6857957807158694,10906.0,1,1,AutoMpg,DEBin,5,CV,0,111460
21,2.3478686947963094,3.778939528710681,10875.0,1,1,AutoMpg,DEBin,5,CV,0,111461
22,2.3127039824799005,3.3697672595665256,11055.0,1,1,AutoMpg,DEBin,5,CV,0,111462
23,2.369105049642776,3.5597866300397656,11050.0,1,1,AutoMpg,DEBin,5,CV,0,111463
24,2.3887404189363357,3.338757213101472,11114.0,1,1,AutoMpg,DEBin,5,CV,0,111464
25,2.4222105885552785,3.602329877698294,11014.0,1,1,AutoMpg,DEBin,5,CV,0,111465
26,2.4142441456532406,3.633714245661258,13907.0,1,1,AutoMpg,DEBin,5,CV,0,90986
27,2.407749492842245,3.4245975503862436,11121.0,1,1,AutoMpg,DEBin,5,CV,0,111467
28,2.409261963505041,3.4914906402510373,13578.0,1,1,AutoMpg,DEBin,5,CV,0,90988
29,2.3897024155962874,3.6485708896252853,11031.0,1,1,AutoMpg,DEBin,5,CV,0,111469
30,2.4045249114457126,3.4617373975292565,11082.0,1,1,AutoMpg,DEBin,5,CV,0,111470
31,2.43282802103416,3.411402511091106,11010.0,1,1,AutoMpg,DEBin,5,CV,0,111471
32,2.3756410196681426,3.4788687892169574,11102.0,1,1,AutoMpg,DEBin,5,CV,0,111472
33,2.360891566430104,3.7064640326748535,14960.0,1,1,AutoMpg,DEBin,5,CV,0,111473
34,2.3702574147910482,3.4776794252285352,11133.0,1,1,AutoMpg,DEBin,5,CV,0,111474