
0,1.1489170957134882,1.1988712688793262,10000.0,1,1,BodyFat,DEBin,5,CV,0,111685
1,1.0957147461930528,1.547486819991934,9391.0,1,1,BodyFat,DEBin,5,CV,0,91171
2,1.1479882472966962,1.3701527739235109,10391.0,1,1,BodyFat,DEBin,5,CV,0,111687
3,1.1443746788551672,0.9772301134986678,7042.0,1,1,BodyFat,DEBin,5,CV,0,111688
4,1.0458686957276455,2.304247187274142,7469.0,1,1,BodyFat,DEBin,5,CV,0,111689
5,1.1882226778649612,1.3913004523703214,7525.0,1,1,BodyFat,DEBin,5,CV,0,111690
6,1.2326498448645016,1.0716057630356859,7528.0,1,1,BodyFat,DEBin,5,CV,0,111691
7,1.2176101159379689,1.3583159203061226,7627.0,1,1,BodyFat,DEBin,5,CV,0,111692
8,1.076018105485789,1.5480839595356808,7522.0,1,1,BodyFat,DEBin,5,CV,0,111693
9,1.1928957775206293,1.1519445497310976,7503.0,1,1,BodyFat,DEBin,5,CV,0,111694
10,1.1862258111264836,1.1710042557164833,9234.0,1,1,BodyFat,DEBin,5,CV,0,91180
11,1.2178492682034616,0.9450352753404099,7583.0,1,1,BodyFat,DEBin,5,CV,0,111696
12,1.1347270827132125,1.2782278948152506,7470.0,1,1,BodyFat,DEBin,5,CV,0,111697
13,1.1462559957960248,1.1797880559907408,7473.0,1,1,BodyFat,DEBin,5,CV,0,111698
14,1.2497667872403733,1.8340884626733143,7556.0,1,1,BodyFat,DEBin,5,CV,0,111699
15,1.083057572864953,1.422655447264658,7575.0,1,1,BodyFat,DEBin,5,CV,0,111700
16,1.1418626374111214,1.1796782740587695,7484.0,1,1,BodyFat,DEBin,5,CV,0,111701
17,1.1400526020249195,1.113413561654955,7535.0,1,1,BodyFat,DEBin,5,CV,0,111702
18,1.2239122279473293,1.2153211419165044,7517.0,1,1,BodyFat,DEBin,5,CV,0,111703
19,1.1768679789260204,1.2859524272681067,7629.0,1,1,BodyFat,DEBin,5,CV,0,111704
20,1.121953484950629,1.4735007721921318,9563.0,1,1,BodyFat,DEBin,5,CV,0,91190
21,1.204719634381595,1.1059481463881748,8476.0,1,1,BodyFat,DEBin,5,CV,0,111706
22,1.2176756252677543,1.2912738789695994,9163.0,1,1,BodyFat,DEBin,5,CV,0,111707
23,1.1147962960438251,1.1787112024187654,8395.0,1,1,BodyFat,DEBin,5,CV,0,111708
24,1.1560186196989164,1.621567614382939,9112.0,1,1,BodyFat,DEBin,5,CV,0,111709
25,1.1455368725319368,1.0992098791360676,8214.0,1,1,BodyFat,DEBin,5,CV,0,111710
26,1.1007052782436428,1.2866945038623723,9211.0,1,1,BodyFat,DEBin,5,CV,0,111711
27,1.0849627272200186,1.1745775527433742,9524.0,1,1,BodyFat,DEBin,5,CV,0,111712
28,1.2266209466076616,1.4070836034680945,9540.0,1,1,BodyFat,DEBin,5,CV,0,111713
29,1.1987256478299773,1.725564570477366,9563.0,1,1,BodyFat,DEBin,5,CV,0,111714
30,1.181258958858157,1.1992992685930348,7100.0,1,1,BodyFat,DEBin,5,CV,0,111715
31,1.1764766173857588,1.0033304702640695,7061.0,1,1,BodyFat,DEBin,5,CV,0,111716
32,1.2108202386171556,1.935655207027522,9453.0,1,1,BodyFat,DEBin,5,CV,0,111717
34,1.1841324036133136,1.130186577091125,9227.0,1,1,BodyFat,DEBin,5,CV,0,111719
33,1.1897128636286993,1.4217274119587318,9172.0,1,1,BodyFat,DEBin,5,CV,0,91119