
0,0.6034316493090209,0.9608816966371645,11103.0,1,1,BodyFat,HS,0,TT,1,289170
1,0.6176539522957974,1.4966897936044445,10849.0,1,1,BodyFat,HS,0,TT,1,289171
2,0.6015299080460705,1.2657764106325802,10687.0,1,1,BodyFat,HS,0,TT,1,289172
3,0.6127695508089818,1.5269121105842434,10787.0,1,1,BodyFat,HS,0,TT,1,289173
4,0.6323577814462409,0.9582413835104062,10656.0,1,1,BodyFat,HS,0,TT,1,289174
5,0.6463082956642039,1.3965028011958756,11066.0,1,1,BodyFat,HS,0,TT,1,289175
6,0.6163629391170173,1.1338162698362488,10679.0,1,1,BodyFat,HS,0,TT,1,289176
7,0.6220454926018489,1.2588985099276457,10422.0,1,1,BodyFat,HS,0,TT,1,289177
8,0.6161357570658224,1.2400713817322204,10649.0,1,1,BodyFat,HS,0,TT,1,289178
9,0.5909062785192896,0.9615741591752333,10570.0,1,1,BodyFat,HS,0,TT,1,289179
10,0.6219756507955138,1.2857843728775284,9932.0,1,1,BodyFat,HS,0,TT,1,289180
11,0.6174888263673233,3.3637472561520285,12742.0,1,1,BodyFat,HS,0,TT,1,289181
12,0.6383150199177776,1.0241133746088913,12798.0,1,1,BodyFat,HS,0,TT,1,289182
13,0.6122096136806657,0.9817520579362647,10765.0,1,1,BodyFat,HS,0,TT,1,289183
14,0.6329532386689682,1.2431997059794966,10596.0,1,1,BodyFat,HS,0,TT,1,289184
15,0.6515008667873404,1.4367739017430352,10489.0,1,1,BodyFat,HS,0,TT,1,289185
16,0.60299423213954,1.2486151638177605,10706.0,1,1,BodyFat,HS,0,TT,1,289186
17,0.6260987900590314,1.1285444967866531,11058.0,1,1,BodyFat,HS,0,TT,1,289187
18,0.6113405977379508,1.097180430666854,14058.0,1,1,BodyFat,HS,0,TT,1,289188
19,0.6058324319769977,1.6492782077726889,10634.0,1,1,BodyFat,HS,0,TT,1,289189
20,0.6077627946445888,1.24936370936726,8235.0,1,1,BodyFat,HS,0,TT,1,289190
21,0.6130799400132773,1.3217568164643705,15835.0,1,1,BodyFat,HS,0,TT,1,289191
22,0.6382368162184009,1.4113094609025871,11033.0,1,1,BodyFat,HS,0,TT,1,289192
23,0.6370746490780775,3.7849429018836207,10599.0,1,1,BodyFat,HS,0,TT,1,289193
24,0.6211961119531388,1.1525903477631831,10276.0,1,1,BodyFat,HS,0,TT,1,289194
25,0.6057245541363366,1.0926056638294286,10814.0,1,1,BodyFat,HS,0,TT,1,289195
26,0.615313756983665,0.9238897955004304,10574.0,1,1,BodyFat,HS,0,TT,1,289196
27,0.6239320789827096,1.5325370967493561,10596.0,1,1,BodyFat,HS,0,TT,1,289197
28,0.6491899586596964,0.9944674629304586,10937.0,1,1,BodyFat,HS,0,TT,1,289198
29,0.6163467453095933,2.9362006805248475,8015.0,1,1,BodyFat,HS,0,TT,1,289199
30,0.6313136767318137,1.1572707205106414,9406.0,1,1,BodyFat,HS,0,TT,1,298839
31,0.6263999115811908,1.0432412473574155,11125.0,1,1,BodyFat,HS,0,TT,1,290959
32,0.6318805479264539,2.428943888286047,10657.0,1,1,BodyFat,HS,0,TT,1,290999
33,0.601382888419009,1.5901067712576635,9906.0,1,1,BodyFat,HS,0,TT,1,291039