
0,0.0,1.0,66597.0,1,1,Banknote,HS,0,TT,1,288030
1,0.0,1.0,48274.0,1,1,Banknote,HS,0,TT,1,288031
2,0.0,1.0,74336.0,1,1,Banknote,HS,0,TT,1,288032
3,0.0,0.9977777777777778,47401.0,1,1,Banknote,HS,0,TT,1,288033
4,0.0,1.0,42072.0,1,1,Banknote,HS,0,TT,1,288034
5,0.0,1.0,37594.0,1,1,Banknote,HS,0,TT,1,288035
6,0.0,1.0,49952.0,1,1,Banknote,HS,0,TT,1,288036
7,0.0,1.0,62631.0,1,1,Banknote,HS,0,TT,1,288037
8,0.0,1.0,35656.0,1,1,Banknote,HS,0,TT,1,288038
9,0.0,1.0,51393.0,1,1,Banknote,HS,0,TT,1,288039
10,0.0,1.0,47394.0,1,1,Banknote,HS,0,TT,1,288040
11,0.0,1.0,51387.0,1,1,Banknote,HS,0,TT,1,288041
12,0.0,1.0,36600.0,1,1,Banknote,HS,0,TT,1,288042
13,0.0,1.0,48931.0,1,1,Banknote,HS,0,TT,1,288043
14,0.0,1.0,37205.0,1,1,Banknote,HS,0,TT,1,288044
15,0.0,1.0,48841.0,1,1,Banknote,HS,0,TT,1,288045
16,0.0,1.0,40272.0,1,1,Banknote,HS,0,TT,1,288046
17,0.0,1.0,58549.0,1,1,Banknote,HS,0,TT,1,288047
18,0.0,1.0,47273.0,1,1,Banknote,HS,0,TT,1,288048
19,0.0,1.0,48675.0,1,1,Banknote,HS,0,TT,1,288049
20,0.0,1.0,51489.0,1,1,Banknote,HS,0,TT,1,288050
21,0.0,1.0,60438.0,1,1,Banknote,HS,0,TT,1,288051
22,0.0,1.0,48627.0,1,1,Banknote,HS,0,TT,1,288052
23,0.0,1.0,59919.0,1,1,Banknote,HS,0,TT,1,288053
24,0.0,0.9977777777777778,48300.0,1,1,Banknote,HS,0,TT,1,288054
25,0.0,1.0,48600.0,1,1,Banknote,HS,0,TT,1,288055
26,0.0,1.0,37754.0,1,1,Banknote,HS,0,TT,1,288056
27,0.0,1.0,35532.0,1,1,Banknote,HS,0,TT,1,288057
28,0.0,1.0,36609.0,1,1,Banknote,HS,0,TT,1,288058
29,0.0,1.0,37316.0,1,1,Banknote,HS,0,TT,1,288059
30,0.0,1.0,38735.0,1,1,Banknote,HS,0,TT,1,298801
31,0.0,1.0,56921.0,1,1,Banknote,HS,0,TT,1,290921
33,0.0,1.0,49547.0,1,1,Banknote,HS,0,TT,1,291001
32,0.0,1.0,59969.0,1,1,Banknote,HS,0,TT,1,290961