
0,0.0,0.9672131147540983,13895.0,1,1,Dermatology,HS,10,TT,1,300240
1,0.0,0.9426229508196722,16776.0,1,1,Dermatology,HS,10,TT,1,300241
2,0.0,0.9672131147540983,13203.0,1,1,Dermatology,HS,10,TT,1,300242
3,0.0,0.9508196721311475,16643.0,1,1,Dermatology,HS,10,TT,1,300243
4,0.0,0.9672131147540983,17102.0,1,1,Dermatology,HS,10,TT,1,300244
5,0.0,0.9754098360655737,17011.0,1,1,Dermatology,HS,10,TT,1,300245
6,0.0,0.9754098360655737,17109.0,1,1,Dermatology,HS,10,TT,1,300246
7,0.0,0.9590163934426229,13672.0,1,1,Dermatology,HS,10,TT,1,300247
8,0.0,0.9754098360655737,17026.0,1,1,Dermatology,HS,10,TT,1,300248
9,0.0,0.9754098360655737,16463.0,1,1,Dermatology,HS,10,TT,1,300249
10,0.0,0.9836065573770492,13841.0,1,1,Dermatology,HS,10,TT,1,300250
11,0.0,0.9836065573770492,16642.0,1,1,Dermatology,HS,10,TT,1,300251
12,0.0,0.9672131147540983,12390.0,1,1,Dermatology,HS,10,TT,1,300252
13,0.0,0.9754098360655737,16546.0,1,1,Dermatology,HS,10,TT,1,300253
14,0.0,0.9672131147540983,12844.0,1,1,Dermatology,HS,10,TT,1,300254
15,0.0,0.9672131147540983,16892.0,1,1,Dermatology,HS,10,TT,1,300255
16,0.0,0.9836065573770492,16983.0,1,1,Dermatology,HS,10,TT,1,300256
17,0.0,0.9508196721311475,17088.0,1,1,Dermatology,HS,10,TT,1,300257
18,0.0,0.9672131147540983,12313.0,1,1,Dermatology,HS,10,TT,1,300258
19,0.0,0.9754098360655737,16605.0,1,1,Dermatology,HS,10,TT,1,300259
20,0.0,0.9590163934426229,17173.0,1,1,Dermatology,HS,10,TT,1,300260
21,0.0,0.9590163934426229,14076.0,1,1,Dermatology,HS,10,TT,1,300261
22,0.0,0.9754098360655737,18649.0,1,1,Dermatology,HS,10,TT,1,300262
23,0.0,0.9590163934426229,13536.0,1,1,Dermatology,HS,10,TT,1,300263
24,0.0,0.9672131147540983,12328.0,1,1,Dermatology,HS,10,TT,1,300264
25,0.0,0.9672131147540983,12895.0,1,1,Dermatology,HS,10,TT,1,300265
26,0.0,0.9754098360655737,12381.0,1,1,Dermatology,HS,10,TT,1,300266
27,0.0,0.9754098360655737,26178.0,1,1,Dermatology,HS,10,TT,1,300267
28,0.0,0.9754098360655737,12578.0,1,1,Dermatology,HS,10,TT,1,300268
29,0.0,0.9754098360655737,16667.0,1,1,Dermatology,HS,10,TT,1,300269
30,0.0,0.9754098360655737,15391.0,1,1,Dermatology,HS,10,TT,1,311208
31,0.0,0.9508196721311475,17453.0,1,1,Dermatology,HS,10,TT,1,304528
32,0.0,0.9754098360655737,16985.0,1,1,Dermatology,HS,10,TT,1,304568
33,0.0,0.9754098360655737,17093.0,1,1,Dermatology,HS,10,TT,1,304608