
0,0.05803571428571429,0.8660714285714286,10720.0,1,1,Ecoli,HS,11,TT,1,301500
1,0.05803571428571429,0.8571428571428572,10390.0,1,1,Ecoli,HS,11,TT,1,301501
2,0.05803571428571429,0.8660714285714286,13073.0,1,1,Ecoli,HS,11,TT,1,301502
3,0.05803571428571429,0.8660714285714286,9894.0,1,1,Ecoli,HS,11,TT,1,301503
4,0.05803571428571429,0.8660714285714286,9843.0,1,1,Ecoli,HS,11,TT,1,301504
5,0.05803571428571429,0.8571428571428572,9839.0,1,1,Ecoli,HS,11,TT,1,301505
6,0.05803571428571429,0.8571428571428572,10499.0,1,1,Ecoli,HS,11,TT,1,301506
7,0.05803571428571429,0.8392857142857143,13023.0,1,1,Ecoli,HS,11,TT,1,301507
8,0.05803571428571429,0.8392857142857143,10454.0,1,1,Ecoli,HS,11,TT,1,301508
9,0.05803571428571429,0.8392857142857143,13068.0,1,1,Ecoli,HS,11,TT,1,301509
10,0.05803571428571429,0.8660714285714286,10693.0,1,1,Ecoli,HS,11,TT,1,301510
11,0.05803571428571429,0.8660714285714286,13232.0,1,1,Ecoli,HS,11,TT,1,301511
12,0.05803571428571429,0.8839285714285714,38307.0,1,1,Ecoli,HS,11,TT,1,301512
13,0.05803571428571429,0.8392857142857143,32735.0,1,1,Ecoli,HS,11,TT,1,301513
14,0.05803571428571429,0.8571428571428572,9890.0,1,1,Ecoli,HS,11,TT,1,301514
15,0.05803571428571429,0.8392857142857143,9941.0,1,1,Ecoli,HS,11,TT,1,301515
16,0.05803571428571429,0.8482142857142857,9944.0,1,1,Ecoli,HS,11,TT,1,301516
17,0.05803571428571429,0.8660714285714286,9783.0,1,1,Ecoli,HS,11,TT,1,301517
18,0.05803571428571429,0.8392857142857143,10114.0,1,1,Ecoli,HS,11,TT,1,301518
19,0.05803571428571429,0.8660714285714286,13265.0,1,1,Ecoli,HS,11,TT,1,301519
20,0.05357142857142857,0.8392857142857143,13195.0,1,1,Ecoli,HS,11,TT,1,301520
21,0.05803571428571429,0.8571428571428572,10078.0,1,1,Ecoli,HS,11,TT,1,301521
22,0.05803571428571429,0.8571428571428572,13121.0,1,1,Ecoli,HS,11,TT,1,301522
23,0.05803571428571429,0.8660714285714286,10473.0,1,1,Ecoli,HS,11,TT,1,301523
24,0.05803571428571429,0.875,9718.0,1,1,Ecoli,HS,11,TT,1,301524
25,0.05803571428571429,0.8303571428571428,9875.0,1,1,Ecoli,HS,11,TT,1,301525
26,0.05803571428571429,0.8571428571428572,9620.0,1,1,Ecoli,HS,11,TT,1,301526
27,0.05803571428571429,0.8482142857142857,13111.0,1,1,Ecoli,HS,11,TT,1,301527
28,0.05803571428571429,0.875,13159.0,1,1,Ecoli,HS,11,TT,1,301528
29,0.05803571428571429,0.8660714285714286,10677.0,1,1,Ecoli,HS,11,TT,1,301529
30,0.05803571428571429,0.8571428571428572,10719.0,1,1,Ecoli,HS,11,TT,1,312450
31,0.05803571428571429,0.8482142857142857,13815.0,1,1,Ecoli,HS,11,TT,1,305890
32,0.05803571428571429,0.8571428571428572,13250.0,1,1,Ecoli,HS,11,TT,1,305930
33,0.05803571428571429,0.8392857142857143,11813.0,1,1,Ecoli,HS,11,TT,1,305970