
0,0.16858584439952576,1.1776098861251845,6875.0,1,1,Servo,HS,11,TT,1,302280
1,0.1767675824018388,1.1101715569533042,6829.0,1,1,Servo,HS,11,TT,1,302281
2,0.1707275204862326,1.1763804606665564,6826.0,1,1,Servo,HS,11,TT,1,302282
3,0.17476605108309728,1.1357591077357596,5062.0,1,1,Servo,HS,11,TT,1,302283
4,0.17466400468529222,1.0789422029359763,6767.0,1,1,Servo,HS,11,TT,1,302284
5,0.17363849528129238,1.0668015159316144,5514.0,1,1,Servo,HS,11,TT,1,302285
6,0.16687069136519087,1.0455001616607273,4968.0,1,1,Servo,HS,11,TT,1,302286
7,0.16683021634468148,1.1398904580053923,5101.0,1,1,Servo,HS,11,TT,1,302287
8,0.17384890213058624,1.0056539437088634,5047.0,1,1,Servo,HS,11,TT,1,302288
9,0.17282578765835188,1.3751323532199624,29416.0,1,1,Servo,HS,11,TT,1,302289
10,0.1724485990644907,1.0726018415534786,5122.0,1,1,Servo,HS,11,TT,1,302290
11,0.17228111250440906,1.0305515960824787,5654.0,1,1,Servo,HS,11,TT,1,302291
12,0.17242258289760554,1.109195026660257,5623.0,1,1,Servo,HS,11,TT,1,302292
13,0.1664175852684312,1.116805981640571,6813.0,1,1,Servo,HS,11,TT,1,302293
14,0.16974790902537543,1.1449721764383884,5521.0,1,1,Servo,HS,11,TT,1,302294
15,0.17237799532612735,1.1306697086160917,4860.0,1,1,Servo,HS,11,TT,1,302295
16,0.16885104371693624,1.3421615143911545,4828.0,1,1,Servo,HS,11,TT,1,302296
17,0.17065676234088087,1.1090299364502967,5144.0,1,1,Servo,HS,11,TT,1,302297
18,0.16531991686196068,1.0647279835388024,5063.0,1,1,Servo,HS,11,TT,1,302298
19,0.1694274504794871,1.1621809289083702,7142.0,1,1,Servo,HS,11,TT,1,302299
20,0.16964944942487456,1.068836976264454,7087.0,1,1,Servo,HS,11,TT,1,302300
21,0.16951240023008177,1.1373001454957656,5151.0,1,1,Servo,HS,11,TT,1,302301
22,0.16501048570735835,1.0529954326696358,6757.0,1,1,Servo,HS,11,TT,1,302302
23,0.16645806546710085,1.2052205238029217,5639.0,1,1,Servo,HS,11,TT,1,302303
24,0.1660987646470393,1.1045903707108888,6698.0,1,1,Servo,HS,11,TT,1,302304
25,0.16508549844158657,1.0752160806471072,6796.0,1,1,Servo,HS,11,TT,1,302305
26,0.17004645341772942,1.1806531139947747,5562.0,1,1,Servo,HS,11,TT,1,302306
27,0.16698790513128428,1.219923964202047,4719.0,1,1,Servo,HS,11,TT,1,302307
28,0.174381190965211,1.1363995695682376,5494.0,1,1,Servo,HS,11,TT,1,302308
29,0.17607588056565554,1.2476109816544318,6838.0,1,1,Servo,HS,11,TT,1,302309
30,0.1659378483597562,1.0437683399478483,5788.0,1,1,Servo,HS,11,TT,1,312476
31,0.17072696796873307,1.2615741514024559,7328.0,1,1,Servo,HS,11,TT,1,305916
32,0.16705884564453238,1.1746263812916042,8766.0,1,1,Servo,HS,11,TT,1,305956
33,0.17301666748478792,1.2058981516509446,6407.0,1,1,Servo,HS,11,TT,1,305996
33,0.17301666748478792,1.2058981516509446,7110.0,1,1,Servo,HS,11,TT,1,305996