
0,0.5644686036155565,2.627597618258849,10440.0,1,1,BodyFat,HS,11,TT,1,302370
1,0.6106509180539939,1.110154717457972,10646.0,1,1,BodyFat,HS,11,TT,1,302371
2,0.6298450817184778,1.5273344503236157,10388.0,1,1,BodyFat,HS,11,TT,1,302372
3,0.6143490336234579,1.2103607282246969,7594.0,1,1,BodyFat,HS,11,TT,1,302373
4,0.6090151552283337,1.2700111368139448,8494.0,1,1,BodyFat,HS,11,TT,1,302374
5,0.6112499921998494,1.3608119892760888,7797.0,1,1,BodyFat,HS,11,TT,1,302375
6,0.6169258730370886,1.510024161607399,7687.0,1,1,BodyFat,HS,11,TT,1,302376
7,0.6026883378783588,1.0048184334186911,8656.0,1,1,BodyFat,HS,11,TT,1,302377
8,0.6423496536328096,1.041981925760404,10501.0,1,1,BodyFat,HS,11,TT,1,302378
9,0.627961231100284,0.9536449132321704,7648.0,1,1,BodyFat,HS,11,TT,1,302379
10,0.6053308046752608,1.3016761130084455,10385.0,1,1,BodyFat,HS,11,TT,1,302380
11,0.6240772662283364,1.2100302553368885,10522.0,1,1,BodyFat,HS,11,TT,1,302381
12,0.6094699542577312,0.9619887915992393,8611.0,1,1,BodyFat,HS,11,TT,1,302382
13,0.6281108129165728,1.136993585957032,7605.0,1,1,BodyFat,HS,11,TT,1,302383
14,0.6145010767784849,1.0182929611989133,10344.0,1,1,BodyFat,HS,11,TT,1,302384
15,0.6108693630304111,1.1835872099777671,7641.0,1,1,BodyFat,HS,11,TT,1,302385
16,0.6076611349732297,1.0945005532914849,10530.0,1,1,BodyFat,HS,11,TT,1,302386
17,0.6065978532953229,1.9701172115624066,8487.0,1,1,BodyFat,HS,11,TT,1,302387
18,0.6249047291069642,1.1798115653352719,7813.0,1,1,BodyFat,HS,11,TT,1,302388
19,0.6045976595528111,1.2210909583442322,7734.0,1,1,BodyFat,HS,11,TT,1,302389
20,0.6420964931557717,1.4065005495859273,27032.0,1,1,BodyFat,HS,11,TT,1,302390
21,0.6127039381233421,1.3878257053178285,10329.0,1,1,BodyFat,HS,11,TT,1,302391
22,0.6339086296314589,1.2702268233506506,10401.0,1,1,BodyFat,HS,11,TT,1,302392
23,0.6458288722857954,2.4779131495817373,10509.0,1,1,BodyFat,HS,11,TT,1,302393
24,0.6092161453860833,1.1796741097791505,7224.0,1,1,BodyFat,HS,11,TT,1,302394
25,0.6324710030036605,0.8849381982645855,8660.0,1,1,BodyFat,HS,11,TT,1,302395
26,0.605565704820848,2.8785477845151095,7252.0,1,1,BodyFat,HS,11,TT,1,302396
27,0.6296175857206995,0.8770577731502024,8656.0,1,1,BodyFat,HS,11,TT,1,302397
28,0.6176209776346475,2.420257924279954,10428.0,1,1,BodyFat,HS,11,TT,1,302398
29,0.6313783505925263,1.283356357080629,10432.0,1,1,BodyFat,HS,11,TT,1,302399
30,0.6167498610464673,1.5158433558937106,9141.0,1,1,BodyFat,HS,11,TT,1,312479
31,0.6178770507387897,1.1396084076249202,10859.0,1,1,BodyFat,HS,11,TT,1,305919
32,0.6315506527898852,1.1829827735475043,11109.0,1,1,BodyFat,HS,11,TT,1,305959
33,0.6204464801527894,1.0525278637135442,10500.0,1,1,BodyFat,HS,11,TT,1,305999