
0,0.0079155672823219,0.968421052631579,17340.0,1,1,Wdbc,HS,11,TT,1,302040
1,0.010554089709762533,0.9631578947368421,17504.0,1,1,Wdbc,HS,11,TT,1,302041
2,0.0079155672823219,0.9578947368421052,19430.0,1,1,Wdbc,HS,11,TT,1,302042
3,0.010554089709762533,0.9578947368421052,23310.0,1,1,Wdbc,HS,11,TT,1,302043
4,0.010554089709762533,0.9631578947368421,23146.0,1,1,Wdbc,HS,11,TT,1,302044
5,0.010554089709762533,0.9631578947368421,19449.0,1,1,Wdbc,HS,11,TT,1,302045
6,0.010554089709762533,0.968421052631579,23437.0,1,1,Wdbc,HS,11,TT,1,302046
7,0.010554089709762533,0.9578947368421052,23156.0,1,1,Wdbc,HS,11,TT,1,302047
8,0.010554089709762533,0.968421052631579,46056.0,1,1,Wdbc,HS,11,TT,1,302048
9,0.010554089709762533,0.9789473684210527,23161.0,1,1,Wdbc,HS,11,TT,1,302049
10,0.010554089709762533,0.9473684210526316,22954.0,1,1,Wdbc,HS,11,TT,1,302050
11,0.010554089709762533,0.9578947368421052,22862.0,1,1,Wdbc,HS,11,TT,1,302051
12,0.010554089709762533,0.9578947368421052,17501.0,1,1,Wdbc,HS,11,TT,1,302052
13,0.010554089709762533,0.9526315789473684,19378.0,1,1,Wdbc,HS,11,TT,1,302053
14,0.010554089709762533,0.968421052631579,22799.0,1,1,Wdbc,HS,11,TT,1,302054
15,0.010554089709762533,0.968421052631579,19425.0,1,1,Wdbc,HS,11,TT,1,302055
16,0.010554089709762533,0.9736842105263158,22778.0,1,1,Wdbc,HS,11,TT,1,302056
17,0.010554089709762533,0.9631578947368421,22694.0,1,1,Wdbc,HS,11,TT,1,302057
18,0.010554089709762533,0.9631578947368421,22586.0,1,1,Wdbc,HS,11,TT,1,302058
19,0.010554089709762533,0.9842105263157894,22816.0,1,1,Wdbc,HS,11,TT,1,302059
20,0.010554089709762533,0.9631578947368421,32110.0,1,1,Wdbc,HS,11,TT,1,302060
21,0.010554089709762533,0.9631578947368421,33110.0,1,1,Wdbc,HS,11,TT,1,302061
22,0.010554089709762533,0.968421052631579,22861.0,1,1,Wdbc,HS,11,TT,1,302062
23,0.0079155672823219,0.9578947368421052,17451.0,1,1,Wdbc,HS,11,TT,1,302063
24,0.010554089709762533,0.968421052631579,23085.0,1,1,Wdbc,HS,11,TT,1,302064
25,0.010554089709762533,0.9578947368421052,19253.0,1,1,Wdbc,HS,11,TT,1,302065
26,0.010554089709762533,0.9631578947368421,22948.0,1,1,Wdbc,HS,11,TT,1,302066
28,0.010554089709762533,0.968421052631579,23056.0,1,1,Wdbc,HS,11,TT,1,302068
29,0.010554089709762533,0.9631578947368421,19348.0,1,1,Wdbc,HS,11,TT,1,302069
27,0.010554089709762533,0.9631578947368421,19907.0,1,1,Wdbc,HS,11,TT,1,312348
30,0.010554089709762533,0.9473684210526316,18797.0,1,1,Wdbc,HS,11,TT,1,312468
31,0.010554089709762533,0.9736842105263158,24469.0,1,1,Wdbc,HS,11,TT,1,305908
32,0.010554089709762533,0.9526315789473684,23578.0,1,1,Wdbc,HS,11,TT,1,305948
33,0.010554089709762533,0.9789473684210527,25000.0,1,1,Wdbc,HS,11,TT,1,305988