
0,0.6905752139922254,0.8090666032514018,17765.0,1,1,Sensory,HS,11,TT,1,302250
1,0.7062792868438375,0.8250190619598813,21625.0,1,1,Sensory,HS,11,TT,1,302251
2,0.7047303387687343,0.7295471071412155,21613.0,1,1,Sensory,HS,11,TT,1,302252
3,0.7044948611180444,0.7597164275445156,17287.0,1,1,Sensory,HS,11,TT,1,302253
4,0.6942249239159238,0.8387471199312339,16500.0,1,1,Sensory,HS,11,TT,1,302254
5,0.7023023774487758,0.7804891980033729,21475.0,1,1,Sensory,HS,11,TT,1,302255
6,0.7042733597300888,0.8045094353480313,21326.0,1,1,Sensory,HS,11,TT,1,302256
7,0.7003456519953072,0.7970531231347494,17626.0,1,1,Sensory,HS,11,TT,1,302257
8,0.6951575877650141,0.7960774055585417,16179.0,1,1,Sensory,HS,11,TT,1,302258
9,0.7050464108756246,0.820087596401179,21488.0,1,1,Sensory,HS,11,TT,1,302259
10,0.694301382293466,0.7669048797539515,21521.0,1,1,Sensory,HS,11,TT,1,302260
11,0.6922113456074063,0.7891962864888972,16469.0,1,1,Sensory,HS,11,TT,1,302261
12,0.6945531019098431,0.798395459566592,17610.0,1,1,Sensory,HS,11,TT,1,302262
13,0.7008874342768261,0.8274544419243256,21652.0,1,1,Sensory,HS,11,TT,1,302263
14,0.7061594712621163,0.8192535908520777,21441.0,1,1,Sensory,HS,11,TT,1,302264
15,0.6958015137495975,0.7810227919478864,17703.0,1,1,Sensory,HS,11,TT,1,302265
16,0.7005146844187099,0.7871614927447455,17384.0,1,1,Sensory,HS,11,TT,1,302266
17,0.7082349326354656,0.8170293774639223,16906.0,1,1,Sensory,HS,11,TT,1,302267
18,0.7017296980966699,0.8406133073479162,16128.0,1,1,Sensory,HS,11,TT,1,302268
19,0.7034690843677868,0.7696824048647316,17617.0,1,1,Sensory,HS,11,TT,1,302269
20,0.6966890546350052,0.8069504303278723,21559.0,1,1,Sensory,HS,11,TT,1,302270
21,0.704264344686529,0.7843295881939056,16391.0,1,1,Sensory,HS,11,TT,1,302271
22,0.6996436970541797,0.7969148255511893,16047.0,1,1,Sensory,HS,11,TT,1,302272
23,0.7047672643463735,0.7641304309447913,21525.0,1,1,Sensory,HS,11,TT,1,302273
24,0.7031924319530345,0.7773040144190327,17630.0,1,1,Sensory,HS,11,TT,1,302274
25,0.7019002553141641,0.8230362554879379,21172.0,1,1,Sensory,HS,11,TT,1,302275
26,0.7101506567679657,0.8038778043442512,21478.0,1,1,Sensory,HS,11,TT,1,302276
27,0.7052973521587256,0.7683402410264487,21660.0,1,1,Sensory,HS,11,TT,1,302277
28,0.6975398389561259,0.7721708480750455,21784.0,1,1,Sensory,HS,11,TT,1,302278
29,0.7074155172358058,0.8340259936702452,17500.0,1,1,Sensory,HS,11,TT,1,312435
30,0.703944549337382,0.8330551741471153,18641.0,1,1,Sensory,HS,11,TT,1,312475
31,0.6892481135216967,0.7651362420932415,23218.0,1,1,Sensory,HS,11,TT,1,305915
32,0.6937235438567998,0.7686980732816666,22516.0,1,1,Sensory,HS,11,TT,1,305955
33,0.702887354434655,0.7463662984055526,17766.0,1,1,Sensory,HS,11,TT,1,305995