
0,0.1753472222222222,0.75,30073.0,1,1,Diabetes,HS,1,TT,1,289470
1,0.171875,0.78125,23353.0,1,1,Diabetes,HS,1,TT,1,289471
2,0.1736111111111111,0.7291666666666667,30057.0,1,1,Diabetes,HS,1,TT,1,289472
3,0.171875,0.7552083333333334,29042.0,1,1,Diabetes,HS,1,TT,1,289473
4,0.17708333333333334,0.75,30127.0,1,1,Diabetes,HS,1,TT,1,289474
5,0.1684027777777778,0.734375,23549.0,1,1,Diabetes,HS,1,TT,1,289475
6,0.171875,0.7604166666666666,23825.0,1,1,Diabetes,HS,1,TT,1,289476
7,0.1736111111111111,0.75,29194.0,1,1,Diabetes,HS,1,TT,1,289477
8,0.1736111111111111,0.7552083333333334,32008.0,1,1,Diabetes,HS,1,TT,1,289478
9,0.1753472222222222,0.75,29797.0,1,1,Diabetes,HS,1,TT,1,289479
10,0.1701388888888889,0.765625,30786.0,1,1,Diabetes,HS,1,TT,1,289480
11,0.1701388888888889,0.7395833333333333,31873.0,1,1,Diabetes,HS,1,TT,1,289481
12,0.1736111111111111,0.7604166666666666,25197.0,1,1,Diabetes,HS,1,TT,1,289482
13,0.171875,0.7604166666666666,22906.0,1,1,Diabetes,HS,1,TT,1,289483
14,0.171875,0.7552083333333334,31340.0,1,1,Diabetes,HS,1,TT,1,289484
15,0.1736111111111111,0.734375,26000.0,1,1,Diabetes,HS,1,TT,1,289485
16,0.1736111111111111,0.75,29062.0,1,1,Diabetes,HS,1,TT,1,289486
17,0.1753472222222222,0.7552083333333334,37779.0,1,1,Diabetes,HS,1,TT,1,289487
18,0.1753472222222222,0.7447916666666667,28945.0,1,1,Diabetes,HS,1,TT,1,289488
19,0.1736111111111111,0.7604166666666666,29683.0,1,1,Diabetes,HS,1,TT,1,289489
20,0.1736111111111111,0.75,29765.0,1,1,Diabetes,HS,1,TT,1,289490
21,0.1753472222222222,0.7552083333333334,30147.0,1,1,Diabetes,HS,1,TT,1,289491
22,0.1753472222222222,0.78125,41195.0,1,1,Diabetes,HS,1,TT,1,289492
23,0.1701388888888889,0.7239583333333333,29626.0,1,1,Diabetes,HS,1,TT,1,289493
24,0.171875,0.75,29595.0,1,1,Diabetes,HS,1,TT,1,289494
25,0.171875,0.7291666666666667,37272.0,1,1,Diabetes,HS,1,TT,1,289495
26,0.1736111111111111,0.7552083333333334,34511.0,1,1,Diabetes,HS,1,TT,1,289496
27,0.171875,0.7447916666666667,29544.0,1,1,Diabetes,HS,1,TT,1,289497
28,0.1753472222222222,0.7447916666666667,30710.0,1,1,Diabetes,HS,1,TT,1,289498
29,0.171875,0.7604166666666666,29156.0,1,1,Diabetes,HS,1,TT,1,289499
30,0.171875,0.7708333333333334,26218.0,1,1,Diabetes,HS,1,TT,1,300049
31,0.1701388888888889,0.7552083333333334,36203.0,1,1,Diabetes,HS,1,TT,1,292289
32,0.1736111111111111,0.75,32406.0,1,1,Diabetes,HS,1,TT,1,292329
33,0.1736111111111111,0.7708333333333334,25438.0,1,1,Diabetes,HS,1,TT,1,292369