
0,0.022727272727272728,0.5909090909090908,6750.0,1,1,Hayes,HS,1,TT,1,289620
1,0.011363636363636364,0.6818181818181819,6644.0,1,1,Hayes,HS,1,TT,1,289621
2,0.011363636363636364,0.6136363636363636,6678.0,1,1,Hayes,HS,1,TT,1,289622
3,0.022727272727272728,0.75,5977.0,1,1,Hayes,HS,1,TT,1,289623
4,0.011363636363636364,0.5909090909090908,5485.0,1,1,Hayes,HS,1,TT,1,289624
5,0.011363636363636364,0.7272727272727273,5531.0,1,1,Hayes,HS,1,TT,1,289625
6,0.022727272727272728,0.75,5547.0,1,1,Hayes,HS,1,TT,1,289626
7,0.022727272727272728,0.7727272727272727,5572.0,1,1,Hayes,HS,1,TT,1,289627
8,0.022727272727272728,0.75,5640.0,1,1,Hayes,HS,1,TT,1,289628
9,0.022727272727272728,0.7045454545454546,6036.0,1,1,Hayes,HS,1,TT,1,289629
10,0.022727272727272728,0.6818181818181819,5588.0,1,1,Hayes,HS,1,TT,1,289630
11,0.011363636363636364,0.6590909090909092,5705.0,1,1,Hayes,HS,1,TT,1,289631
12,0.011363636363636364,0.6818181818181819,5494.0,1,1,Hayes,HS,1,TT,1,289632
13,0.011363636363636364,0.75,5571.0,1,1,Hayes,HS,1,TT,1,289633
14,0.011363636363636364,0.6590909090909092,5343.0,1,1,Hayes,HS,1,TT,1,289634
15,0.011363636363636364,0.6818181818181819,5606.0,1,1,Hayes,HS,1,TT,1,289635
16,0.022727272727272728,0.6818181818181819,6973.0,1,1,Hayes,HS,1,TT,1,289636
17,0.011363636363636364,0.6363636363636364,5847.0,1,1,Hayes,HS,1,TT,1,289637
18,0.022727272727272728,0.6590909090909092,5959.0,1,1,Hayes,HS,1,TT,1,289638
19,0.011363636363636364,0.6590909090909092,7579.0,1,1,Hayes,HS,1,TT,1,289639
20,0.022727272727272728,0.6818181818181819,4406.0,1,1,Hayes,HS,1,TT,1,289640
21,0.022727272727272728,0.6363636363636364,5591.0,1,1,Hayes,HS,1,TT,1,289641
22,0.022727272727272728,0.7045454545454546,5634.0,1,1,Hayes,HS,1,TT,1,289642
23,0.011363636363636364,0.7272727272727273,5583.0,1,1,Hayes,HS,1,TT,1,289643
24,0.022727272727272728,0.6818181818181819,5597.0,1,1,Hayes,HS,1,TT,1,289644
25,0.011363636363636364,0.6818181818181819,5561.0,1,1,Hayes,HS,1,TT,1,289645
26,0.011363636363636364,0.5454545454545454,5585.0,1,1,Hayes,HS,1,TT,1,289646
27,0.011363636363636364,0.7272727272727273,5646.0,1,1,Hayes,HS,1,TT,1,289647
28,0.011363636363636364,0.6590909090909092,5587.0,1,1,Hayes,HS,1,TT,1,289648
29,0.022727272727272728,0.6136363636363636,5564.0,1,1,Hayes,HS,1,TT,1,289649
30,0.011363636363636364,0.6818181818181819,4594.0,1,1,Hayes,HS,1,TT,1,300054
31,0.022727272727272728,0.6363636363636364,6000.0,1,1,Hayes,HS,1,TT,1,292294
32,0.011363636363636364,0.7045454545454546,5891.0,1,1,Hayes,HS,1,TT,1,292334
33,0.022727272727272728,0.5909090909090908,5625.0,1,1,Hayes,HS,1,TT,1,292374