
0,0.3356926188068756,0.5696969696969697,56238.0,1,1,Yeast,HS,1,TT,1,290070
1,0.3367037411526795,0.5636363636363637,45097.0,1,1,Yeast,HS,1,TT,1,290071
2,0.33872598584428715,0.5757575757575757,42078.0,1,1,Yeast,HS,1,TT,1,290072
3,0.34074823053589487,0.5878787878787879,50403.0,1,1,Yeast,HS,1,TT,1,290073
4,0.33771486349848334,0.5656565656565656,51640.0,1,1,Yeast,HS,1,TT,1,290074
5,0.339737108190091,0.5797979797979798,44309.0,1,1,Yeast,HS,1,TT,1,290075
6,0.339737108190091,0.5737373737373737,40156.0,1,1,Yeast,HS,1,TT,1,290076
7,0.3417593528816987,0.5797979797979798,61774.0,1,1,Yeast,HS,1,TT,1,290077
8,0.33872598584428715,0.5838383838383838,44882.0,1,1,Yeast,HS,1,TT,1,290078
9,0.34074823053589487,0.5818181818181818,61671.0,1,1,Yeast,HS,1,TT,1,290079
10,0.33771486349848334,0.5777777777777777,50762.0,1,1,Yeast,HS,1,TT,1,290080
11,0.339737108190091,0.5737373737373737,55039.0,1,1,Yeast,HS,1,TT,1,290081
12,0.33872598584428715,0.5696969696969697,71907.0,1,1,Yeast,HS,1,TT,1,290082
13,0.3367037411526795,0.5797979797979798,43868.0,1,1,Yeast,HS,1,TT,1,290083
14,0.339737108190091,0.5676767676767677,45401.0,1,1,Yeast,HS,1,TT,1,290084
15,0.34074823053589487,0.5797979797979798,42047.0,1,1,Yeast,HS,1,TT,1,290085
16,0.33771486349848334,0.5656565656565656,46582.0,1,1,Yeast,HS,1,TT,1,290086
17,0.33771486349848334,0.5676767676767677,44223.0,1,1,Yeast,HS,1,TT,1,290087
18,0.3367037411526795,0.5838383838383838,44615.0,1,1,Yeast,HS,1,TT,1,290088
19,0.339737108190091,0.5737373737373737,55189.0,1,1,Yeast,HS,1,TT,1,290089
20,0.33872598584428715,0.5858585858585859,50980.0,1,1,Yeast,HS,1,TT,1,290090
21,0.33771486349848334,0.5717171717171717,45316.0,1,1,Yeast,HS,1,TT,1,290091
22,0.33771486349848334,0.5777777777777777,55594.0,1,1,Yeast,HS,1,TT,1,290092
23,0.33771486349848334,0.5898989898989899,60785.0,1,1,Yeast,HS,1,TT,1,290093
24,0.3367037411526795,0.5676767676767677,50845.0,1,1,Yeast,HS,1,TT,1,290094
25,0.339737108190091,0.5818181818181818,61725.0,1,1,Yeast,HS,1,TT,1,290095
26,0.339737108190091,0.5878787878787879,56017.0,1,1,Yeast,HS,1,TT,1,290096
27,0.3367037411526795,0.5838383838383838,54276.0,1,1,Yeast,HS,1,TT,1,290097
28,0.3417593528816987,0.5838383838383838,61825.0,1,1,Yeast,HS,1,TT,1,290098
29,0.3326592517694641,0.5858585858585859,44405.0,1,1,Yeast,HS,1,TT,1,290099
30,0.33771486349848334,0.5656565656565656,51062.0,1,1,Yeast,HS,1,TT,1,300069
31,0.339737108190091,0.5797979797979798,54265.0,1,1,Yeast,HS,1,TT,1,292309
32,0.339737108190091,0.5838383838383838,55843.0,1,1,Yeast,HS,1,TT,1,292349
33,0.3346814964610718,0.5777777777777777,56922.0,1,1,Yeast,HS,1,TT,1,292389