
0,0.394,0.5665961945031712,51377.0,1,1,Contraceptive,HS,2,TT,1,290610
1,0.396,0.587737843551797,51283.0,1,1,Contraceptive,HS,2,TT,1,290611
2,0.39,0.5433403805496828,58652.0,1,1,Contraceptive,HS,2,TT,1,290612
3,0.397,0.5602536997885835,40316.0,1,1,Contraceptive,HS,2,TT,1,290613
4,0.396,0.5412262156448203,51822.0,1,1,Contraceptive,HS,2,TT,1,290614
5,0.397,0.5539112050739958,40242.0,1,1,Contraceptive,HS,2,TT,1,290615
6,0.398,0.5560253699788584,51942.0,1,1,Contraceptive,HS,2,TT,1,290616
7,0.387,0.5433403805496828,50282.0,1,1,Contraceptive,HS,2,TT,1,290617
8,0.396,0.5560253699788584,51345.0,1,1,Contraceptive,HS,2,TT,1,290618
9,0.399,0.5665961945031712,52132.0,1,1,Contraceptive,HS,2,TT,1,290619
10,0.396,0.5687103594080338,45152.0,1,1,Contraceptive,HS,2,TT,1,290620
11,0.4,0.5687103594080338,41731.0,1,1,Contraceptive,HS,2,TT,1,290621
12,0.398,0.5665961945031712,46682.0,1,1,Contraceptive,HS,2,TT,1,290622
13,0.397,0.5391120507399577,53907.0,1,1,Contraceptive,HS,2,TT,1,290623
14,0.401,0.5792811839323467,65366.0,1,1,Contraceptive,HS,2,TT,1,290624
15,0.4,0.5687103594080338,49813.0,1,1,Contraceptive,HS,2,TT,1,290625
16,0.394,0.5644820295983086,42031.0,1,1,Contraceptive,HS,2,TT,1,290626
17,0.392,0.5539112050739958,40052.0,1,1,Contraceptive,HS,2,TT,1,290627
18,0.395,0.5665961945031712,56329.0,1,1,Contraceptive,HS,2,TT,1,290628
19,0.391,0.5581395348837209,51159.0,1,1,Contraceptive,HS,2,TT,1,290629
20,0.392,0.5391120507399577,56378.0,1,1,Contraceptive,HS,2,TT,1,290630
21,0.399,0.562367864693446,52023.0,1,1,Contraceptive,HS,2,TT,1,290631
22,0.391,0.5517970401691332,41875.0,1,1,Contraceptive,HS,2,TT,1,290632
23,0.399,0.562367864693446,50967.0,1,1,Contraceptive,HS,2,TT,1,290633
24,0.389,0.5369978858350951,50709.0,1,1,Contraceptive,HS,2,TT,1,290634
25,0.389,0.5708245243128964,41522.0,1,1,Contraceptive,HS,2,TT,1,290635
26,0.393,0.5496828752642706,52788.0,1,1,Contraceptive,HS,2,TT,1,290636
27,0.399,0.5665961945031712,56290.0,1,1,Contraceptive,HS,2,TT,1,290637
28,0.397,0.5539112050739958,46597.0,1,1,Contraceptive,HS,2,TT,1,290638
29,0.395,0.5560253699788584,40218.0,1,1,Contraceptive,HS,2,TT,1,290639
30,0.397,0.5454545454545454,41221.0,1,1,Contraceptive,HS,2,TT,1,301287
31,0.392,0.5539112050739958,53468.0,1,1,Contraceptive,HS,2,TT,1,293647
32,0.401,0.5517970401691332,52797.0,1,1,Contraceptive,HS,2,TT,1,293687
33,0.396,0.5602536997885835,53985.0,1,1,Contraceptive,HS,2,TT,1,293727