
0,0.0,0.9754098360655737,14004.0,1,1,Dermatology,HS,2,TT,1,290640
1,0.0,0.9672131147540983,15329.0,1,1,Dermatology,HS,2,TT,1,290641
2,0.0,0.9754098360655737,13821.0,1,1,Dermatology,HS,2,TT,1,290642
3,0.0,0.9754098360655737,16444.0,1,1,Dermatology,HS,2,TT,1,290643
4,0.0,0.9672131147540983,19297.0,1,1,Dermatology,HS,2,TT,1,290644
5,0.0,0.9754098360655737,16385.0,1,1,Dermatology,HS,2,TT,1,290645
6,0.0,0.9754098360655737,16129.0,1,1,Dermatology,HS,2,TT,1,290646
7,0.0,0.9672131147540983,17724.0,1,1,Dermatology,HS,2,TT,1,290647
8,0.0,0.9754098360655737,22125.0,1,1,Dermatology,HS,2,TT,1,290648
9,0.0,0.9590163934426229,17184.0,1,1,Dermatology,HS,2,TT,1,290649
10,0.0,0.9672131147540983,17107.0,1,1,Dermatology,HS,2,TT,1,290650
11,0.0,0.9836065573770492,17659.0,1,1,Dermatology,HS,2,TT,1,290651
12,0.0,0.9672131147540983,13944.0,1,1,Dermatology,HS,2,TT,1,290652
13,0.0,0.9836065573770492,13766.0,1,1,Dermatology,HS,2,TT,1,290653
14,0.0,0.9754098360655737,16000.0,1,1,Dermatology,HS,2,TT,1,290654
15,0.0,0.9754098360655737,18043.0,1,1,Dermatology,HS,2,TT,1,290655
16,0.0,0.9590163934426229,16068.0,1,1,Dermatology,HS,2,TT,1,290656
17,0.0,0.9836065573770492,16563.0,1,1,Dermatology,HS,2,TT,1,290657
18,0.0,0.9672131147540983,16125.0,1,1,Dermatology,HS,2,TT,1,290658
19,0.0,0.9754098360655737,19938.0,1,1,Dermatology,HS,2,TT,1,290659
20,0.0,0.9672131147540983,17688.0,1,1,Dermatology,HS,2,TT,1,290660
21,0.0,0.9590163934426229,17306.0,1,1,Dermatology,HS,2,TT,1,290661
22,0.0,0.9836065573770492,17229.0,1,1,Dermatology,HS,2,TT,1,290662
23,0.0,0.9836065573770492,22038.0,1,1,Dermatology,HS,2,TT,1,290663
24,0.0,0.9672131147540983,13967.0,1,1,Dermatology,HS,2,TT,1,290664
25,0.0,0.9836065573770492,13777.0,1,1,Dermatology,HS,2,TT,1,290665
26,0.0,0.9754098360655737,16454.0,1,1,Dermatology,HS,2,TT,1,290666
27,0.0,0.9754098360655737,16351.0,1,1,Dermatology,HS,2,TT,1,290667
28,0.0,0.9754098360655737,13022.0,1,1,Dermatology,HS,2,TT,1,290668
29,0.0,0.9754098360655737,17910.0,1,1,Dermatology,HS,2,TT,1,290669
30,0.0,0.9672131147540983,13188.0,1,1,Dermatology,HS,2,TT,1,301288
31,0.0,0.9754098360655737,14406.0,1,1,Dermatology,HS,2,TT,1,293648
32,0.0,0.9754098360655737,16719.0,1,1,Dermatology,HS,2,TT,1,293688
33,0.0,0.9754098360655737,16703.0,1,1,Dermatology,HS,2,TT,1,293728