
0,0.05803571428571429,0.875,13285.0,1,1,Ecoli,HS,3,TT,1,291900
1,0.05357142857142857,0.8303571428571428,28753.0,1,1,Ecoli,HS,3,TT,1,291901
2,0.05803571428571429,0.8839285714285714,18175.0,1,1,Ecoli,HS,3,TT,1,291902
3,0.05803571428571429,0.8660714285714286,10343.0,1,1,Ecoli,HS,3,TT,1,291903
4,0.05803571428571429,0.875,10422.0,1,1,Ecoli,HS,3,TT,1,291904
5,0.05803571428571429,0.8482142857142857,10635.0,1,1,Ecoli,HS,3,TT,1,291905
6,0.05803571428571429,0.8303571428571428,9859.0,1,1,Ecoli,HS,3,TT,1,291906
7,0.05803571428571429,0.8571428571428572,13133.0,1,1,Ecoli,HS,3,TT,1,291907
8,0.05803571428571429,0.8482142857142857,11177.0,1,1,Ecoli,HS,3,TT,1,291908
9,0.05803571428571429,0.8392857142857143,10794.0,1,1,Ecoli,HS,3,TT,1,291909
10,0.05803571428571429,0.8571428571428572,10666.0,1,1,Ecoli,HS,3,TT,1,291910
11,0.05357142857142857,0.8571428571428572,12800.0,1,1,Ecoli,HS,3,TT,1,291911
12,0.05803571428571429,0.8660714285714286,12784.0,1,1,Ecoli,HS,3,TT,1,291912
13,0.05803571428571429,0.8571428571428572,9681.0,1,1,Ecoli,HS,3,TT,1,291913
14,0.05803571428571429,0.8660714285714286,14266.0,1,1,Ecoli,HS,3,TT,1,291914
15,0.05803571428571429,0.8482142857142857,9791.0,1,1,Ecoli,HS,3,TT,1,291915
16,0.05803571428571429,0.875,9767.0,1,1,Ecoli,HS,3,TT,1,291916
17,0.05803571428571429,0.8482142857142857,10875.0,1,1,Ecoli,HS,3,TT,1,291917
18,0.05803571428571429,0.8571428571428572,10906.0,1,1,Ecoli,HS,3,TT,1,291918
19,0.05803571428571429,0.8482142857142857,13006.0,1,1,Ecoli,HS,3,TT,1,291919
20,0.05803571428571429,0.8482142857142857,13614.0,1,1,Ecoli,HS,3,TT,1,291920
21,0.05803571428571429,0.8571428571428572,10585.0,1,1,Ecoli,HS,3,TT,1,291921
22,0.05803571428571429,0.8571428571428572,13231.0,1,1,Ecoli,HS,3,TT,1,291922
23,0.05803571428571429,0.8660714285714286,13566.0,1,1,Ecoli,HS,3,TT,1,291923
24,0.05803571428571429,0.8660714285714286,14128.0,1,1,Ecoli,HS,3,TT,1,291924
25,0.05803571428571429,0.8571428571428572,12824.0,1,1,Ecoli,HS,3,TT,1,291925
26,0.05803571428571429,0.8482142857142857,12911.0,1,1,Ecoli,HS,3,TT,1,291926
28,0.05803571428571429,0.8571428571428572,9860.0,1,1,Ecoli,HS,3,TT,1,291928
29,0.05803571428571429,0.8303571428571428,17904.0,1,1,Ecoli,HS,3,TT,1,291929
27,0.05803571428571429,0.8571428571428572,11578.0,1,1,Ecoli,HS,3,TT,1,302410
30,0.05803571428571429,0.8571428571428572,11266.0,1,1,Ecoli,HS,3,TT,1,302530
31,0.05803571428571429,0.8482142857142857,13797.0,1,1,Ecoli,HS,3,TT,1,295010
32,0.05803571428571429,0.8303571428571428,13390.0,1,1,Ecoli,HS,3,TT,1,295050
33,0.05803571428571429,0.8571428571428572,13406.0,1,1,Ecoli,HS,3,TT,1,295090