
0,0.0,0.9666666666666667,31259.0,1,1,Wine,HS,3,TT,1,292500
1,0.0,1.0,6450.0,1,1,Wine,HS,3,TT,1,292501
2,0.0,0.9333333333333333,6520.0,1,1,Wine,HS,3,TT,1,292502
3,0.0,0.95,11508.0,1,1,Wine,HS,3,TT,1,292503
4,0.0,0.9666666666666667,11192.0,1,1,Wine,HS,3,TT,1,292504
5,0.0,0.9833333333333333,5723.0,1,1,Wine,HS,3,TT,1,292505
6,0.0,0.95,6519.0,1,1,Wine,HS,3,TT,1,292506
7,0.0,0.9666666666666667,5433.0,1,1,Wine,HS,3,TT,1,292507
8,0.0,0.9833333333333333,7945.0,1,1,Wine,HS,3,TT,1,292508
9,0.0,0.9666666666666667,6466.0,1,1,Wine,HS,3,TT,1,292509
10,0.0,0.9833333333333333,8385.0,1,1,Wine,HS,3,TT,1,292510
11,0.0,0.9666666666666667,8874.0,1,1,Wine,HS,3,TT,1,292511
12,0.0,0.9333333333333333,5476.0,1,1,Wine,HS,3,TT,1,292512
13,0.0,0.9833333333333333,8376.0,1,1,Wine,HS,3,TT,1,292513
14,0.0,0.9666666666666667,5532.0,1,1,Wine,HS,3,TT,1,292514
15,0.0,0.9833333333333333,8091.0,1,1,Wine,HS,3,TT,1,292515
16,0.0,0.9333333333333333,6441.0,1,1,Wine,HS,3,TT,1,292516
17,0.0,1.0,6459.0,1,1,Wine,HS,3,TT,1,292517
18,0.0,0.9833333333333333,7893.0,1,1,Wine,HS,3,TT,1,292518
19,0.0,0.9666666666666667,5452.0,1,1,Wine,HS,3,TT,1,292519
20,0.0,1.0,18931.0,1,1,Wine,HS,3,TT,1,292520
21,0.0,0.95,65210.0,1,1,Wine,HS,3,TT,1,292521
22,0.0,0.9833333333333333,8159.0,1,1,Wine,HS,3,TT,1,292522
23,0.0,0.9666666666666667,5407.0,1,1,Wine,HS,3,TT,1,292523
24,0.0,1.0,8346.0,1,1,Wine,HS,3,TT,1,292524
25,0.0,0.9666666666666667,8813.0,1,1,Wine,HS,3,TT,1,292525
26,0.0,0.95,6433.0,1,1,Wine,HS,3,TT,1,292526
27,0.0,0.9833333333333333,6474.0,1,1,Wine,HS,3,TT,1,292527
28,0.0,0.9333333333333333,5492.0,1,1,Wine,HS,3,TT,1,292528
29,0.0,0.9833333333333333,8143.0,1,1,Wine,HS,3,TT,1,292529
30,0.0,1.0,7328.0,1,1,Wine,HS,3,TT,1,302550
31,0.0,0.9666666666666667,8890.0,1,1,Wine,HS,3,TT,1,295030
32,0.0,0.95,9547.0,1,1,Wine,HS,3,TT,1,295070
33,0.0,0.9666666666666667,7938.0,1,1,Wine,HS,3,TT,1,295110