
0,1.7102533819629593,3.3190251244937157,12978.0,1,1,AutoMpg,HS,4,TT,1,293760
1,1.7241282459763096,3.420966621667612,29427.0,1,1,AutoMpg,HS,4,TT,1,293761
2,1.6724854909958937,3.4325791135012835,14708.0,1,1,AutoMpg,HS,4,TT,1,293762
3,1.7007974793301595,3.496805896456622,38922.0,1,1,AutoMpg,HS,4,TT,1,293763
4,1.6985273389776876,3.49178323339482,12219.0,1,1,AutoMpg,HS,4,TT,1,293764
5,1.7513783082691883,3.5962691156717326,14644.0,1,1,AutoMpg,HS,4,TT,1,293765
6,1.7250846425500332,3.6230677761787677,11203.0,1,1,AutoMpg,HS,4,TT,1,293766
8,1.7423361214495523,3.5657996970262875,13072.0,1,1,AutoMpg,HS,4,TT,1,293768
9,1.6885913271517743,3.5533194319408827,12053.0,1,1,AutoMpg,HS,4,TT,1,293769
10,1.7072652996069961,3.971130042766067,11921.0,1,1,AutoMpg,HS,4,TT,1,293770
11,1.712324869809042,3.8321329724917357,14682.0,1,1,AutoMpg,HS,4,TT,1,293771
12,1.7264792095582675,3.283176214969252,14727.0,1,1,AutoMpg,HS,4,TT,1,293772
13,1.7215457745436509,3.497146015092171,11087.0,1,1,AutoMpg,HS,4,TT,1,293773
14,1.7196225620428718,3.6299714734506963,20223.0,1,1,AutoMpg,HS,4,TT,1,293774
15,1.7153498145111394,3.5263015203756822,12259.0,1,1,AutoMpg,HS,4,TT,1,293775
16,1.700543816798158,3.3878589021699836,11343.0,1,1,AutoMpg,HS,4,TT,1,293776
17,1.7270717519470973,3.349104181291793,13083.0,1,1,AutoMpg,HS,4,TT,1,293777
18,1.7083555365760386,3.6147415242839145,11540.0,1,1,AutoMpg,HS,4,TT,1,293778
19,1.6973622980764214,3.318138929547824,12176.0,1,1,AutoMpg,HS,4,TT,1,293779
20,1.708715657539624,3.543819958947818,12023.0,1,1,AutoMpg,HS,4,TT,1,293780
21,1.7011322536355213,3.5533175536931845,11328.0,1,1,AutoMpg,HS,4,TT,1,293781
22,1.717568059953825,3.3436902296395496,15173.0,1,1,AutoMpg,HS,4,TT,1,293782
23,1.7491693393014551,3.5220629127402012,14785.0,1,1,AutoMpg,HS,4,TT,1,293783
24,1.7272063140636533,3.6800014821328055,14579.0,1,1,AutoMpg,HS,4,TT,1,293784
25,1.7164649882937018,3.555098574160351,13385.0,1,1,AutoMpg,HS,4,TT,1,293785
26,1.7152755001458424,3.476273234055999,15345.0,1,1,AutoMpg,HS,4,TT,1,293786
27,1.7075579303777266,3.373486946911505,14759.0,1,1,AutoMpg,HS,4,TT,1,293787
28,1.7286914510405722,3.4838764036116174,14604.0,1,1,AutoMpg,HS,4,TT,1,293788
29,1.7313519473438244,3.7444112327497288,11386.0,1,1,AutoMpg,HS,4,TT,1,293789
7,1.715004545109218,3.362559642539072,12156.0,1,1,AutoMpg,HS,4,TT,1,302872
30,1.7284077903019668,3.7533231302096692,12000.0,1,1,AutoMpg,HS,4,TT,1,303792
31,1.7190107053996628,3.453369118513939,15812.0,1,1,AutoMpg,HS,4,TT,1,296392
32,1.7202376898246299,3.6626243887458787,15516.0,1,1,AutoMpg,HS,4,TT,1,296432
33,1.70071700377739,3.5859047874010543,15188.0,1,1,AutoMpg,HS,4,TT,1,296472