
0,0.13043478260869565,0.7090909090909091,17072.0,1,1,Leaf,HS,4,TT,1,293340
1,0.1391304347826087,0.7181818181818183,13569.0,1,1,Leaf,HS,4,TT,1,293341
2,0.13478260869565217,0.7,13140.0,1,1,Leaf,HS,4,TT,1,293342
3,0.13478260869565217,0.7,17159.0,1,1,Leaf,HS,4,TT,1,293343
4,0.13478260869565217,0.7,13254.0,1,1,Leaf,HS,4,TT,1,293344
5,0.13478260869565217,0.7545454545454545,13252.0,1,1,Leaf,HS,4,TT,1,293345
6,0.13043478260869565,0.6818181818181819,16857.0,1,1,Leaf,HS,4,TT,1,293346
7,0.1391304347826087,0.7363636363636363,17184.0,1,1,Leaf,HS,4,TT,1,293347
8,0.12608695652173912,0.7,16986.0,1,1,Leaf,HS,4,TT,1,293348
9,0.13478260869565217,0.7181818181818183,12167.0,1,1,Leaf,HS,4,TT,1,293349
10,0.13043478260869565,0.7272727272727273,20458.0,1,1,Leaf,HS,4,TT,1,293350
11,0.13043478260869565,0.7,13977.0,1,1,Leaf,HS,4,TT,1,293351
12,0.13043478260869565,0.7363636363636363,17164.0,1,1,Leaf,HS,4,TT,1,293352
13,0.1391304347826087,0.7,13973.0,1,1,Leaf,HS,4,TT,1,293353
14,0.12608695652173912,0.7090909090909091,12125.0,1,1,Leaf,HS,4,TT,1,293354
15,0.1391304347826087,0.7272727272727273,20469.0,1,1,Leaf,HS,4,TT,1,293355
16,0.1391304347826087,0.6818181818181819,12937.0,1,1,Leaf,HS,4,TT,1,293356
17,0.13043478260869565,0.7363636363636363,23543.0,1,1,Leaf,HS,4,TT,1,293357
18,0.13043478260869565,0.7090909090909091,13705.0,1,1,Leaf,HS,4,TT,1,293358
19,0.12608695652173912,0.6636363636363636,12835.0,1,1,Leaf,HS,4,TT,1,293359
20,0.13478260869565217,0.7272727272727273,19298.0,1,1,Leaf,HS,4,TT,1,293360
21,0.13478260869565217,0.7272727272727273,15735.0,1,1,Leaf,HS,4,TT,1,293361
22,0.1391304347826087,0.7454545454545455,17717.0,1,1,Leaf,HS,4,TT,1,293362
23,0.1391304347826087,0.6909090909090909,18094.0,1,1,Leaf,HS,4,TT,1,293363
24,0.13478260869565217,0.7545454545454545,17560.0,1,1,Leaf,HS,4,TT,1,293364
25,0.13043478260869565,0.7363636363636363,17971.0,1,1,Leaf,HS,4,TT,1,293365
26,0.13043478260869565,0.7090909090909091,17493.0,1,1,Leaf,HS,4,TT,1,293366
27,0.12173913043478261,0.7090909090909091,14391.0,1,1,Leaf,HS,4,TT,1,293367
28,0.13043478260869565,0.6818181818181819,12893.0,1,1,Leaf,HS,4,TT,1,293368
29,0.13478260869565217,0.7090909090909091,13432.0,1,1,Leaf,HS,4,TT,1,293369
30,0.13478260869565217,0.7363636363636363,14281.0,1,1,Leaf,HS,4,TT,1,303778
31,0.13478260869565217,0.6818181818181819,18407.0,1,1,Leaf,HS,4,TT,1,296378
32,0.13478260869565217,0.7272727272727273,17328.0,1,1,Leaf,HS,4,TT,1,296418
33,0.1391304347826087,0.7454545454545455,18578.0,1,1,Leaf,HS,4,TT,1,296458