
0,0.6108776685571427,1.42928999870521,8972.0,1,1,BodyFat,HS,5,TT,1,295170
1,0.5795601453736741,1.1314400258801365,7798.0,1,1,BodyFat,HS,5,TT,1,295171
2,0.562102243934399,1.30379559312237,10467.0,1,1,BodyFat,HS,5,TT,1,295172
3,0.5838454590644626,1.6759786911006935,10390.0,1,1,BodyFat,HS,5,TT,1,295173
4,0.5787206163386606,0.9592957560671913,10397.0,1,1,BodyFat,HS,5,TT,1,295174
5,0.6007303941965743,1.1270606020968388,10309.0,1,1,BodyFat,HS,5,TT,1,295175
6,0.6027244150742286,1.1366203177612437,7375.0,1,1,BodyFat,HS,5,TT,1,295176
7,0.6153133078802455,1.4395236452394544,10338.0,1,1,BodyFat,HS,5,TT,1,295177
8,0.5635274353773131,1.5811533651854293,10404.0,1,1,BodyFat,HS,5,TT,1,295178
9,0.6075793297954782,1.280346865484703,10206.0,1,1,BodyFat,HS,5,TT,1,295179
10,0.5820269670183645,1.108218985964598,9047.0,1,1,BodyFat,HS,5,TT,1,295180
11,0.5834654648422921,1.6347033793536454,10469.0,1,1,BodyFat,HS,5,TT,1,295181
12,0.5831689602791604,1.053211243115308,9983.0,1,1,BodyFat,HS,5,TT,1,295182
13,0.5687366261510777,1.2623448782774354,12754.0,1,1,BodyFat,HS,5,TT,1,295183
14,0.5851056517351847,1.2610527287621798,11742.0,1,1,BodyFat,HS,5,TT,1,295184
15,0.514516621859147,2.3119584918919607,7895.0,1,1,BodyFat,HS,5,TT,1,295185
16,0.5890628874924236,1.114741882966633,7781.0,1,1,BodyFat,HS,5,TT,1,295186
17,0.5960502638215928,1.58394300747129,7391.0,1,1,BodyFat,HS,5,TT,1,295187
18,0.6036916575460662,1.68218823990319,10425.0,1,1,BodyFat,HS,5,TT,1,295188
19,0.5900611704050894,0.8903139454193023,10343.0,1,1,BodyFat,HS,5,TT,1,295189
20,0.5796051243279285,1.661796674917635,10216.0,1,1,BodyFat,HS,5,TT,1,295190
21,0.6014894328627941,0.9868872116029348,10356.0,1,1,BodyFat,HS,5,TT,1,295191
22,0.5430526177824437,1.9206512753663203,9012.0,1,1,BodyFat,HS,5,TT,1,295192
23,0.5886146604959132,1.2417700518259738,8850.0,1,1,BodyFat,HS,5,TT,1,295193
24,0.6250201756431709,1.2557785314676166,10413.0,1,1,BodyFat,HS,5,TT,1,295194
25,0.5174305612514036,1.7605759350382502,10337.0,1,1,BodyFat,HS,5,TT,1,295195
26,0.5833044274360188,1.0438352820125627,10272.0,1,1,BodyFat,HS,5,TT,1,295196
27,0.5907686673779734,1.9791337287679316,10408.0,1,1,BodyFat,HS,5,TT,1,295197
28,0.5898343170124966,1.7818888591809043,8579.0,1,1,BodyFat,HS,5,TT,1,295198
29,0.5965241270376309,1.7875925853945471,10616.0,1,1,BodyFat,HS,5,TT,1,295199
30,0.5689594406734977,1.605680632101706,8578.0,1,1,BodyFat,HS,5,TT,1,305039
31,0.5681305441348349,1.32734105531979,11015.0,1,1,BodyFat,HS,5,TT,1,297759
32,0.5800748900771324,1.9571003120566461,11188.0,1,1,BodyFat,HS,5,TT,1,297799
33,0.5297393224759177,2.000803759175744,11375.0,1,1,BodyFat,HS,5,TT,1,297839