
0,0.1753472222222222,0.734375,29501.0,1,1,Diabetes,HS,5,TT,1,294270
2,0.1736111111111111,0.7447916666666667,29093.0,1,1,Diabetes,HS,5,TT,1,294272
3,0.1753472222222222,0.7135416666666667,22734.0,1,1,Diabetes,HS,5,TT,1,294273
4,0.171875,0.7760416666666666,24732.0,1,1,Diabetes,HS,5,TT,1,294274
5,0.1753472222222222,0.75,24667.0,1,1,Diabetes,HS,5,TT,1,294275
6,0.1684027777777778,0.7239583333333333,23596.0,1,1,Diabetes,HS,5,TT,1,294276
7,0.16493055555555555,0.7395833333333333,30660.0,1,1,Diabetes,HS,5,TT,1,294277
8,0.17708333333333334,0.765625,25168.0,1,1,Diabetes,HS,5,TT,1,294278
9,0.1736111111111111,0.7916666666666666,25435.0,1,1,Diabetes,HS,5,TT,1,294279
10,0.1753472222222222,0.765625,24273.0,1,1,Diabetes,HS,5,TT,1,294280
11,0.1701388888888889,0.7552083333333334,29700.0,1,1,Diabetes,HS,5,TT,1,294281
12,0.16666666666666666,0.7604166666666666,30869.0,1,1,Diabetes,HS,5,TT,1,294282
13,0.171875,0.75,22507.0,1,1,Diabetes,HS,5,TT,1,294283
14,0.16493055555555555,0.7395833333333333,30101.0,1,1,Diabetes,HS,5,TT,1,294284
15,0.1701388888888889,0.734375,29875.0,1,1,Diabetes,HS,5,TT,1,294285
16,0.1736111111111111,0.734375,31783.0,1,1,Diabetes,HS,5,TT,1,294286
17,0.1736111111111111,0.7395833333333333,29643.0,1,1,Diabetes,HS,5,TT,1,294287
18,0.1736111111111111,0.7395833333333333,22360.0,1,1,Diabetes,HS,5,TT,1,294288
19,0.17708333333333334,0.7552083333333334,24279.0,1,1,Diabetes,HS,5,TT,1,294289
20,0.1753472222222222,0.7447916666666667,23174.0,1,1,Diabetes,HS,5,TT,1,294290
21,0.1736111111111111,0.75,29805.0,1,1,Diabetes,HS,5,TT,1,294291
22,0.1753472222222222,0.7447916666666667,22532.0,1,1,Diabetes,HS,5,TT,1,294292
23,0.171875,0.7447916666666667,45117.0,1,1,Diabetes,HS,5,TT,1,294293
24,0.17708333333333334,0.7552083333333334,22735.0,1,1,Diabetes,HS,5,TT,1,294294
25,0.1736111111111111,0.7395833333333333,82966.0,1,1,Diabetes,HS,5,TT,1,294295
26,0.171875,0.7604166666666666,24727.0,1,1,Diabetes,HS,5,TT,1,294296
27,0.1701388888888889,0.75,23117.0,1,1,Diabetes,HS,5,TT,1,294297
28,0.1753472222222222,0.7395833333333333,24631.0,1,1,Diabetes,HS,5,TT,1,294298
29,0.1736111111111111,0.7604166666666666,22763.0,1,1,Diabetes,HS,5,TT,1,294299
1,0.1736111111111111,0.7604166666666666,24246.0,1,1,Diabetes,HS,5,TT,1,303849
30,0.17708333333333334,0.7291666666666667,24781.0,1,1,Diabetes,HS,5,TT,1,305009
31,0.1701388888888889,0.7395833333333333,30328.0,1,1,Diabetes,HS,5,TT,1,297729
32,0.1753472222222222,0.7604166666666666,30344.0,1,1,Diabetes,HS,5,TT,1,297769
33,0.1736111111111111,0.75,32406.0,1,1,Diabetes,HS,5,TT,1,297809