
0,0.07307692307692308,0.76,175670.0,1,1,Libras,HS,5,TT,1,294600
1,0.07307692307692308,0.74,528736.0,1,1,Libras,HS,5,TT,1,294601
2,0.07307692307692308,0.83,21065.0,1,1,Libras,HS,5,TT,1,294602
3,0.07307692307692308,0.76,20715.0,1,1,Libras,HS,5,TT,1,294603
4,0.07307692307692308,0.77,21184.0,1,1,Libras,HS,5,TT,1,294604
5,0.06923076923076923,0.78,564424.0,1,1,Libras,HS,5,TT,1,294605
6,0.06923076923076923,0.78,20622.0,1,1,Libras,HS,5,TT,1,294606
7,0.07307692307692308,0.76,20952.0,1,1,Libras,HS,5,TT,1,294607
8,0.06538461538461539,0.74,31295.0,1,1,Libras,HS,5,TT,1,294608
9,0.06538461538461539,0.79,20883.0,1,1,Libras,HS,5,TT,1,294609
10,0.06923076923076923,0.8,21451.0,1,1,Libras,HS,5,TT,1,294610
11,0.07307692307692308,0.75,18028.0,1,1,Libras,HS,5,TT,1,294611
12,0.06923076923076923,0.79,20911.0,1,1,Libras,HS,5,TT,1,294612
13,0.07307692307692308,0.72,18439.0,1,1,Libras,HS,5,TT,1,294613
14,0.07307692307692308,0.76,21308.0,1,1,Libras,HS,5,TT,1,294614
16,0.06923076923076923,0.76,29019.0,1,1,Libras,HS,5,TT,1,294616
17,0.06923076923076923,0.79,20951.0,1,1,Libras,HS,5,TT,1,294617
18,0.06538461538461539,0.77,21568.0,1,1,Libras,HS,5,TT,1,294618
19,0.06923076923076923,0.76,20605.0,1,1,Libras,HS,5,TT,1,294619
20,0.06923076923076923,0.77,21461.0,1,1,Libras,HS,5,TT,1,294620
21,0.07307692307692308,0.79,58328.0,1,1,Libras,HS,5,TT,1,294621
22,0.07307692307692308,0.71,20487.0,1,1,Libras,HS,5,TT,1,294622
23,0.07307692307692308,0.74,21205.0,1,1,Libras,HS,5,TT,1,294623
24,0.07307692307692308,0.83,21399.0,1,1,Libras,HS,5,TT,1,294624
25,0.06923076923076923,0.76,22347.0,1,1,Libras,HS,5,TT,1,294625
26,0.06538461538461539,0.77,18005.0,1,1,Libras,HS,5,TT,1,294626
27,0.07307692307692308,0.8,20873.0,1,1,Libras,HS,5,TT,1,294627
28,0.06923076923076923,0.76,17623.0,1,1,Libras,HS,5,TT,1,294628
29,0.06538461538461539,0.77,21370.0,1,1,Libras,HS,5,TT,1,294629
15,0.07307692307692308,0.78,21703.0,1,1,Libras,HS,5,TT,1,304420
30,0.07692307692307693,0.69,22031.0,1,1,Libras,HS,5,TT,1,305020
31,0.07692307692307693,0.74,25312.0,1,1,Libras,HS,5,TT,1,297740
32,0.07307692307692308,0.8200000000000001,26344.0,1,1,Libras,HS,5,TT,1,297780
33,0.07307692307692308,0.76,27454.0,1,1,Libras,HS,5,TT,1,297820