
0,0.10212765957446808,0.86,42160.0,1,1,QSARBiodegradation,HS,5,TT,1,294810
1,0.10354609929078014,0.8514285714285714,40480.0,1,1,QSARBiodegradation,HS,5,TT,1,294811
2,0.10780141843971631,0.84,43355.0,1,1,QSARBiodegradation,HS,5,TT,1,294812
3,0.10212765957446808,0.8371428571428572,43993.0,1,1,QSARBiodegradation,HS,5,TT,1,294813
4,0.10638297872340426,0.8514285714285714,43909.0,1,1,QSARBiodegradation,HS,5,TT,1,294814
5,0.10354609929078014,0.8428571428571429,43409.0,1,1,QSARBiodegradation,HS,5,TT,1,294815
6,0.10921985815602837,0.84,43807.0,1,1,QSARBiodegradation,HS,5,TT,1,294816
7,0.10638297872340426,0.8342857142857143,43632.0,1,1,QSARBiodegradation,HS,5,TT,1,294817
8,0.10780141843971631,0.8571428571428572,43482.0,1,1,QSARBiodegradation,HS,5,TT,1,294818
9,0.1049645390070922,0.8542857142857143,43568.0,1,1,QSARBiodegradation,HS,5,TT,1,294819
10,0.10638297872340426,0.8485714285714285,43791.0,1,1,QSARBiodegradation,HS,5,TT,1,294820
11,0.10638297872340426,0.84,50940.0,1,1,QSARBiodegradation,HS,5,TT,1,294821
12,0.10638297872340426,0.86,526307.0,1,1,QSARBiodegradation,HS,5,TT,1,294822
13,0.10921985815602837,0.8428571428571429,43335.0,1,1,QSARBiodegradation,HS,5,TT,1,294823
14,0.09787234042553192,0.8628571428571429,43634.0,1,1,QSARBiodegradation,HS,5,TT,1,294824
15,0.10212765957446808,0.8485714285714285,43271.0,1,1,QSARBiodegradation,HS,5,TT,1,294825
16,0.10638297872340426,0.8257142857142857,43438.0,1,1,QSARBiodegradation,HS,5,TT,1,294826
17,0.10070921985815603,0.8542857142857143,43329.0,1,1,QSARBiodegradation,HS,5,TT,1,294827
18,0.10212765957446808,0.8485714285714285,43326.0,1,1,QSARBiodegradation,HS,5,TT,1,294828
19,0.1049645390070922,0.8542857142857143,43921.0,1,1,QSARBiodegradation,HS,5,TT,1,294829
20,0.1049645390070922,0.86,43654.0,1,1,QSARBiodegradation,HS,5,TT,1,294830
21,0.10212765957446808,0.8314285714285714,35897.0,1,1,QSARBiodegradation,HS,5,TT,1,294831
22,0.10638297872340426,0.84,43266.0,1,1,QSARBiodegradation,HS,5,TT,1,294832
23,0.10070921985815603,0.8657142857142857,42855.0,1,1,QSARBiodegradation,HS,5,TT,1,294833
24,0.10212765957446808,0.8285714285714285,43391.0,1,1,QSARBiodegradation,HS,5,TT,1,294834
25,0.10212765957446808,0.8485714285714285,43556.0,1,1,QSARBiodegradation,HS,5,TT,1,294835
26,0.10638297872340426,0.8285714285714285,43401.0,1,1,QSARBiodegradation,HS,5,TT,1,294836
27,0.10354609929078014,0.8571428571428572,31976.0,1,1,QSARBiodegradation,HS,5,TT,1,294837
28,0.10070921985815603,0.8342857142857143,43521.0,1,1,QSARBiodegradation,HS,5,TT,1,294838
29,0.1049645390070922,0.8371428571428572,43566.0,1,1,QSARBiodegradation,HS,5,TT,1,294839
30,0.10070921985815603,0.8342857142857143,43093.0,1,1,QSARBiodegradation,HS,5,TT,1,305027
31,0.10212765957446808,0.8171428571428572,45000.0,1,1,QSARBiodegradation,HS,5,TT,1,297747
32,0.1049645390070922,0.8457142857142858,54797.0,1,1,QSARBiodegradation,HS,5,TT,1,297787
33,0.10780141843971631,0.8571428571428572,45094.0,1,1,QSARBiodegradation,HS,5,TT,1,297827