
0,0.14705882352941177,0.7254901960784313,8231.0,1,1,Haberman,HS,6,TT,1,295590
1,0.14705882352941177,0.6666666666666667,8344.0,1,1,Haberman,HS,6,TT,1,295591
2,0.14215686274509803,0.6764705882352942,10877.0,1,1,Haberman,HS,6,TT,1,295592
3,0.14705882352941177,0.7058823529411764,8342.0,1,1,Haberman,HS,6,TT,1,295593
4,0.14215686274509803,0.6862745098039216,10933.0,1,1,Haberman,HS,6,TT,1,295594
5,0.14215686274509803,0.696078431372549,11281.0,1,1,Haberman,HS,6,TT,1,295595
6,0.14215686274509803,0.6764705882352942,10886.0,1,1,Haberman,HS,6,TT,1,295596
7,0.14215686274509803,0.6764705882352942,10919.0,1,1,Haberman,HS,6,TT,1,295597
8,0.14215686274509803,0.6666666666666667,11323.0,1,1,Haberman,HS,6,TT,1,295598
9,0.1323529411764706,0.6666666666666667,11324.0,1,1,Haberman,HS,6,TT,1,295599
10,0.14215686274509803,0.7156862745098039,7828.0,1,1,Haberman,HS,6,TT,1,295600
11,0.14215686274509803,0.6764705882352942,8730.0,1,1,Haberman,HS,6,TT,1,295601
12,0.14705882352941177,0.696078431372549,8910.0,1,1,Haberman,HS,6,TT,1,295602
13,0.14215686274509803,0.7156862745098039,8391.0,1,1,Haberman,HS,6,TT,1,295603
14,0.14215686274509803,0.6176470588235294,8310.0,1,1,Haberman,HS,6,TT,1,295604
15,0.14215686274509803,0.6862745098039216,8547.0,1,1,Haberman,HS,6,TT,1,295605
16,0.14215686274509803,0.7156862745098039,8912.0,1,1,Haberman,HS,6,TT,1,295606
17,0.14705882352941177,0.6666666666666667,7846.0,1,1,Haberman,HS,6,TT,1,295607
18,0.14215686274509803,0.696078431372549,8556.0,1,1,Haberman,HS,6,TT,1,295608
19,0.14215686274509803,0.6764705882352942,8741.0,1,1,Haberman,HS,6,TT,1,295609
20,0.13725490196078433,0.6568627450980392,9120.0,1,1,Haberman,HS,6,TT,1,295610
21,0.14215686274509803,0.7254901960784313,11138.0,1,1,Haberman,HS,6,TT,1,295611
22,0.14705882352941177,0.6568627450980392,17325.0,1,1,Haberman,HS,6,TT,1,295612
23,0.14215686274509803,0.6862745098039216,10871.0,1,1,Haberman,HS,6,TT,1,295613
24,0.14215686274509803,0.6862745098039216,10949.0,1,1,Haberman,HS,6,TT,1,295614
25,0.14215686274509803,0.7058823529411764,7891.0,1,1,Haberman,HS,6,TT,1,295615
26,0.14215686274509803,0.6666666666666667,10974.0,1,1,Haberman,HS,6,TT,1,295616
27,0.14215686274509803,0.7058823529411764,10917.0,1,1,Haberman,HS,6,TT,1,295617
28,0.14705882352941177,0.7254901960784313,10850.0,1,1,Haberman,HS,6,TT,1,295618
29,0.13725490196078433,0.6470588235294117,8722.0,1,1,Haberman,HS,6,TT,1,295619
30,0.14215686274509803,0.7058823529411764,9152.0,1,1,Haberman,HS,6,TT,1,306253
31,0.14215686274509803,0.696078431372549,13360.0,1,1,Haberman,HS,6,TT,1,299093
32,0.14215686274509803,0.6666666666666667,10906.0,1,1,Haberman,HS,6,TT,1,299133
33,0.14215686274509803,0.7058823529411764,14015.0,1,1,Haberman,HS,6,TT,1,299173