
0,0.06923076923076923,0.74,23776.0,1,1,Libras,HS,6,TT,1,295800
1,0.06923076923076923,0.75,18669.0,1,1,Libras,HS,6,TT,1,295801
2,0.07307692307692308,0.77,18181.0,1,1,Libras,HS,6,TT,1,295802
3,0.06538461538461539,0.78,18425.0,1,1,Libras,HS,6,TT,1,295803
4,0.07692307692307693,0.81,20712.0,1,1,Libras,HS,6,TT,1,295804
5,0.06923076923076923,0.8,19089.0,1,1,Libras,HS,6,TT,1,295805
6,0.06923076923076923,0.78,18792.0,1,1,Libras,HS,6,TT,1,295806
7,0.06923076923076923,0.77,17997.0,1,1,Libras,HS,6,TT,1,295807
8,0.07307692307692308,0.78,19005.0,1,1,Libras,HS,6,TT,1,295808
9,0.07307692307692308,0.7,18125.0,1,1,Libras,HS,6,TT,1,295809
10,0.06923076923076923,0.79,18589.0,1,1,Libras,HS,6,TT,1,295810
11,0.07307692307692308,0.8200000000000001,21346.0,1,1,Libras,HS,6,TT,1,295811
12,0.06153846153846154,0.79,29245.0,1,1,Libras,HS,6,TT,1,295812
13,0.07307692307692308,0.77,27806.0,1,1,Libras,HS,6,TT,1,295813
14,0.06153846153846154,0.73,230751.0,1,1,Libras,HS,6,TT,1,295814
15,0.07307692307692308,0.77,23609.0,1,1,Libras,HS,6,TT,1,295815
16,0.06538461538461539,0.76,22984.0,1,1,Libras,HS,6,TT,1,295816
17,0.07307692307692308,0.71,23545.0,1,1,Libras,HS,6,TT,1,295817
18,0.06538461538461539,0.77,23172.0,1,1,Libras,HS,6,TT,1,295818
19,0.07692307692307693,0.69,23248.0,1,1,Libras,HS,6,TT,1,295819
20,0.06538461538461539,0.79,22791.0,1,1,Libras,HS,6,TT,1,295820
21,0.07307692307692308,0.74,22989.0,1,1,Libras,HS,6,TT,1,295821
22,0.06923076923076923,0.83,22542.0,1,1,Libras,HS,6,TT,1,295822
23,0.06923076923076923,0.76,22562.0,1,1,Libras,HS,6,TT,1,295823
24,0.07307692307692308,0.77,22845.0,1,1,Libras,HS,6,TT,1,295824
25,0.06153846153846154,0.74,20281.0,1,1,Libras,HS,6,TT,1,295825
26,0.07307692307692308,0.77,24616.0,1,1,Libras,HS,6,TT,1,295826
27,0.07692307692307693,0.8,19719.0,1,1,Libras,HS,6,TT,1,295827
28,0.06923076923076923,0.77,20281.0,1,1,Libras,HS,6,TT,1,295828
29,0.07307692307692308,0.71,23140.0,1,1,Libras,HS,6,TT,1,295829
30,0.07307692307692308,0.78,22844.0,1,1,Libras,HS,6,TT,1,306260
31,0.06923076923076923,0.69,25203.0,1,1,Libras,HS,6,TT,1,299100
32,0.07307692307692308,0.77,27078.0,1,1,Libras,HS,6,TT,1,299140
33,0.07692307692307693,0.81,27531.0,1,1,Libras,HS,6,TT,1,299180