
0,0.0,0.9571428571428572,8272.0,1,1,Seeds,HS,6,TT,1,295860
1,0.0,0.9857142857142858,8260.0,1,1,Seeds,HS,6,TT,1,295861
2,0.0,0.9714285714285714,8341.0,1,1,Seeds,HS,6,TT,1,295862
3,0.0,0.9857142857142858,41418.0,1,1,Seeds,HS,6,TT,1,295863
4,0.0,0.9857142857142858,8321.0,1,1,Seeds,HS,6,TT,1,295864
5,0.0,0.9571428571428572,6830.0,1,1,Seeds,HS,6,TT,1,295865
6,0.0,0.9714285714285714,8370.0,1,1,Seeds,HS,6,TT,1,295866
7,0.0,0.9857142857142858,6801.0,1,1,Seeds,HS,6,TT,1,295867
8,0.0,0.9571428571428572,6806.0,1,1,Seeds,HS,6,TT,1,295868
9,0.0,0.9714285714285714,8312.0,1,1,Seeds,HS,6,TT,1,295869
10,0.0,0.9714285714285714,6843.0,1,1,Seeds,HS,6,TT,1,295870
11,0.0,0.9571428571428572,6728.0,1,1,Seeds,HS,6,TT,1,295871
12,0.0,0.9714285714285714,8308.0,1,1,Seeds,HS,6,TT,1,295872
13,0.0,0.9714285714285714,6783.0,1,1,Seeds,HS,6,TT,1,295873
14,0.0,1.0,6728.0,1,1,Seeds,HS,6,TT,1,295874
15,0.0,0.9714285714285714,6799.0,1,1,Seeds,HS,6,TT,1,295875
16,0.0,0.9714285714285714,8340.0,1,1,Seeds,HS,6,TT,1,295876
17,0.0,0.9714285714285714,6717.0,1,1,Seeds,HS,6,TT,1,295877
18,0.0,0.9428571428571428,6756.0,1,1,Seeds,HS,6,TT,1,295878
19,0.0,0.9857142857142858,6709.0,1,1,Seeds,HS,6,TT,1,295879
20,0.0,0.9428571428571428,8316.0,1,1,Seeds,HS,6,TT,1,295880
21,0.0,0.9714285714285714,6799.0,1,1,Seeds,HS,6,TT,1,295881
22,0.0,0.9571428571428572,6719.0,1,1,Seeds,HS,6,TT,1,295882
23,0.0,0.9714285714285714,8473.0,1,1,Seeds,HS,6,TT,1,295883
24,0.0,0.9571428571428572,6739.0,1,1,Seeds,HS,6,TT,1,295884
25,0.0,0.9428571428571428,6722.0,1,1,Seeds,HS,6,TT,1,295885
26,0.0,0.9857142857142858,8319.0,1,1,Seeds,HS,6,TT,1,295886
27,0.0,0.9571428571428572,6787.0,1,1,Seeds,HS,6,TT,1,295887
28,0.0,0.9571428571428572,6715.0,1,1,Seeds,HS,6,TT,1,295888
29,0.0,0.9857142857142858,6745.0,1,1,Seeds,HS,6,TT,1,295889
30,0.0,0.9714285714285714,6984.0,1,1,Seeds,HS,6,TT,1,306262
31,0.0,0.9714285714285714,8894.0,1,1,Seeds,HS,6,TT,1,299102
32,0.0,0.9571428571428572,8734.0,1,1,Seeds,HS,6,TT,1,299142
33,0.0,0.9571428571428572,10406.0,1,1,Seeds,HS,6,TT,1,299182