
0,0.08095238095238096,0.75,8788.0,1,1,Vertebral3C,HS,6,TT,1,295950
1,0.08571428571428572,0.85,11229.0,1,1,Vertebral3C,HS,6,TT,1,295951
2,0.08095238095238096,0.83,9907.0,1,1,Vertebral3C,HS,6,TT,1,295952
3,0.08095238095238096,0.81,9794.0,1,1,Vertebral3C,HS,6,TT,1,295953
4,0.08095238095238096,0.8200000000000001,9735.0,1,1,Vertebral3C,HS,6,TT,1,295954
5,0.08095238095238096,0.81,11957.0,1,1,Vertebral3C,HS,6,TT,1,295955
6,0.08095238095238096,0.79,8875.0,1,1,Vertebral3C,HS,6,TT,1,295956
7,0.08095238095238096,0.83,8922.0,1,1,Vertebral3C,HS,6,TT,1,295957
8,0.08095238095238096,0.8,9205.0,1,1,Vertebral3C,HS,6,TT,1,295958
9,0.08095238095238096,0.78,9754.0,1,1,Vertebral3C,HS,6,TT,1,295959
10,0.08571428571428572,0.8200000000000001,9080.0,1,1,Vertebral3C,HS,6,TT,1,295960
11,0.08571428571428572,0.81,9748.0,1,1,Vertebral3C,HS,6,TT,1,295961
12,0.08095238095238096,0.8,8829.0,1,1,Vertebral3C,HS,6,TT,1,295962
13,0.08095238095238096,0.8,319089.0,1,1,Vertebral3C,HS,6,TT,1,295963
14,0.08095238095238096,0.8200000000000001,8985.0,1,1,Vertebral3C,HS,6,TT,1,295964
15,0.08095238095238096,0.8200000000000001,12214.0,1,1,Vertebral3C,HS,6,TT,1,295965
16,0.08095238095238096,0.8200000000000001,9005.0,1,1,Vertebral3C,HS,6,TT,1,295966
17,0.08095238095238096,0.84,9774.0,1,1,Vertebral3C,HS,6,TT,1,295967
18,0.08095238095238096,0.8,9032.0,1,1,Vertebral3C,HS,6,TT,1,295968
19,0.08095238095238096,0.81,9079.0,1,1,Vertebral3C,HS,6,TT,1,295969
20,0.08095238095238096,0.83,9728.0,1,1,Vertebral3C,HS,6,TT,1,295970
21,0.08095238095238096,0.77,9250.0,1,1,Vertebral3C,HS,6,TT,1,295971
22,0.08095238095238096,0.81,8953.0,1,1,Vertebral3C,HS,6,TT,1,295972
23,0.08095238095238096,0.8200000000000001,9223.0,1,1,Vertebral3C,HS,6,TT,1,295973
24,0.08095238095238096,0.84,12028.0,1,1,Vertebral3C,HS,6,TT,1,295974
25,0.08571428571428572,0.8200000000000001,9789.0,1,1,Vertebral3C,HS,6,TT,1,295975
26,0.08095238095238096,0.8,8832.0,1,1,Vertebral3C,HS,6,TT,1,295976
27,0.08095238095238096,0.76,9016.0,1,1,Vertebral3C,HS,6,TT,1,295977
28,0.08571428571428572,0.83,9736.0,1,1,Vertebral3C,HS,6,TT,1,295978
29,0.08571428571428572,0.81,9140.0,1,1,Vertebral3C,HS,6,TT,1,295979
30,0.08095238095238096,0.84,9578.0,1,1,Vertebral3C,HS,6,TT,1,306265
31,0.08095238095238096,0.79,12594.0,1,1,Vertebral3C,HS,6,TT,1,299105
32,0.08095238095238096,0.8200000000000001,14109.0,1,1,Vertebral3C,HS,6,TT,1,299145
33,0.08095238095238096,0.83,12032.0,1,1,Vertebral3C,HS,6,TT,1,299185