
0,0.08441558441558442,0.5833333333333333,9594.0,1,1,Glass,HS,7,TT,1,296760
1,0.08441558441558442,0.6833333333333333,9380.0,1,1,Glass,HS,7,TT,1,296761
2,0.07792207792207792,0.65,7283.0,1,1,Glass,HS,7,TT,1,296762
3,0.07792207792207792,0.6666666666666667,7571.0,1,1,Glass,HS,7,TT,1,296763
4,0.07792207792207792,0.6666666666666667,7420.0,1,1,Glass,HS,7,TT,1,296764
5,0.09090909090909091,0.6,9628.0,1,1,Glass,HS,7,TT,1,296765
6,0.07792207792207792,0.6166666666666667,9525.0,1,1,Glass,HS,7,TT,1,296766
7,0.08441558441558442,0.6666666666666667,9661.0,1,1,Glass,HS,7,TT,1,296767
8,0.07792207792207792,0.5833333333333333,7835.0,1,1,Glass,HS,7,TT,1,296768
9,0.08441558441558442,0.7333333333333334,9535.0,1,1,Glass,HS,7,TT,1,296769
10,0.07792207792207792,0.7333333333333334,7193.0,1,1,Glass,HS,7,TT,1,296770
12,0.09090909090909091,0.5833333333333333,9523.0,1,1,Glass,HS,7,TT,1,296772
13,0.08441558441558442,0.65,7755.0,1,1,Glass,HS,7,TT,1,296773
14,0.08441558441558442,0.6833333333333333,7219.0,1,1,Glass,HS,7,TT,1,296774
15,0.07792207792207792,0.7333333333333334,7681.0,1,1,Glass,HS,7,TT,1,296775
16,0.09090909090909091,0.6333333333333333,9726.0,1,1,Glass,HS,7,TT,1,296776
17,0.09090909090909091,0.65,7497.0,1,1,Glass,HS,7,TT,1,296777
18,0.09090909090909091,0.6333333333333333,7549.0,1,1,Glass,HS,7,TT,1,296778
19,0.08441558441558442,0.6333333333333333,7595.0,1,1,Glass,HS,7,TT,1,296779
20,0.07142857142857142,0.55,9013.0,1,1,Glass,HS,7,TT,1,296780
21,0.08441558441558442,0.6666666666666667,9496.0,1,1,Glass,HS,7,TT,1,296781
22,0.07792207792207792,0.5833333333333333,7630.0,1,1,Glass,HS,7,TT,1,296782
23,0.08441558441558442,0.6666666666666667,7214.0,1,1,Glass,HS,7,TT,1,296783
24,0.08441558441558442,0.6,7424.0,1,1,Glass,HS,7,TT,1,296784
25,0.08441558441558442,0.5833333333333333,7097.0,1,1,Glass,HS,7,TT,1,296785
26,0.08441558441558442,0.7,9418.0,1,1,Glass,HS,7,TT,1,296786
27,0.07792207792207792,0.5666666666666667,6988.0,1,1,Glass,HS,7,TT,1,296787
28,0.09090909090909091,0.6833333333333333,7219.0,1,1,Glass,HS,7,TT,1,296788
29,0.07142857142857142,0.6166666666666667,9654.0,1,1,Glass,HS,7,TT,1,296789
11,0.08441558441558442,0.6,7953.0,1,1,Glass,HS,7,TT,1,306732
30,0.08441558441558442,0.6333333333333333,7828.0,1,1,Glass,HS,7,TT,1,307492
31,0.08441558441558442,0.6,10109.0,1,1,Glass,HS,7,TT,1,300452
32,0.08441558441558442,0.6666666666666667,9953.0,1,1,Glass,HS,7,TT,1,300492
33,0.07142857142857142,0.65,11422.0,1,1,Glass,HS,7,TT,1,300532