
0,0.0,0.9714285714285714,7029.0,1,1,Seeds,HS,7,TT,1,297060
1,0.0,0.9571428571428572,7017.0,1,1,Seeds,HS,7,TT,1,297061
2,0.0,1.0,8642.0,1,1,Seeds,HS,7,TT,1,297062
3,0.0,0.9714285714285714,7007.0,1,1,Seeds,HS,7,TT,1,297063
4,0.0,0.9428571428571428,7019.0,1,1,Seeds,HS,7,TT,1,297064
5,0.0,0.9571428571428572,7006.0,1,1,Seeds,HS,7,TT,1,297065
6,0.0,0.9428571428571428,7102.0,1,1,Seeds,HS,7,TT,1,297066
7,0.0,0.9428571428571428,290345.0,1,1,Seeds,HS,7,TT,1,297067
8,0.0,0.9714285714285714,8419.0,1,1,Seeds,HS,7,TT,1,297068
9,0.0,0.9857142857142858,7500.0,1,1,Seeds,HS,7,TT,1,297069
10,0.0,1.0,7005.0,1,1,Seeds,HS,7,TT,1,297070
11,0.0,0.9142857142857143,7032.0,1,1,Seeds,HS,7,TT,1,297071
12,0.0,0.9714285714285714,8148.0,1,1,Seeds,HS,7,TT,1,297072
13,0.0,0.9714285714285714,6547.0,1,1,Seeds,HS,7,TT,1,297073
14,0.0,0.9714285714285714,7003.0,1,1,Seeds,HS,7,TT,1,297074
15,0.0,0.9714285714285714,7050.0,1,1,Seeds,HS,7,TT,1,297075
16,0.0,0.9571428571428572,8247.0,1,1,Seeds,HS,7,TT,1,297076
17,0.0,0.9857142857142858,6219.0,1,1,Seeds,HS,7,TT,1,297077
18,0.0,0.9571428571428572,6913.0,1,1,Seeds,HS,7,TT,1,297078
19,0.0,0.9571428571428572,6929.0,1,1,Seeds,HS,7,TT,1,297079
20,0.0,0.9714285714285714,6469.0,1,1,Seeds,HS,7,TT,1,297080
21,0.0,0.9714285714285714,8382.0,1,1,Seeds,HS,7,TT,1,297081
22,0.0,0.9571428571428572,6910.0,1,1,Seeds,HS,7,TT,1,297082
23,0.0,0.9571428571428572,6964.0,1,1,Seeds,HS,7,TT,1,297083
24,0.0,0.9571428571428572,6328.0,1,1,Seeds,HS,7,TT,1,297084
25,0.0,0.9285714285714286,6930.0,1,1,Seeds,HS,7,TT,1,297085
26,0.0,0.9714285714285714,185829.0,1,1,Seeds,HS,7,TT,1,297086
27,0.0,0.9571428571428572,6946.0,1,1,Seeds,HS,7,TT,1,297087
28,0.0,0.9285714285714286,8143.0,1,1,Seeds,HS,7,TT,1,297088
29,0.0,0.9571428571428572,6344.0,1,1,Seeds,HS,7,TT,1,297089
30,0.0,0.9571428571428572,7156.0,1,1,Seeds,HS,7,TT,1,307502
31,0.0,0.9571428571428572,10391.0,1,1,Seeds,HS,7,TT,1,300462
32,0.0,0.9714285714285714,9015.0,1,1,Seeds,HS,7,TT,1,300502
33,0.0,0.9857142857142858,8812.0,1,1,Seeds,HS,7,TT,1,300542