
0,70.71938171335884,277.45453721655394,4489.0,1,1,Veteran,HS,7,TT,1,297510
1,71.83411314682002,460.80614791391264,7346.0,1,1,Veteran,HS,7,TT,1,297511
2,73.76598319766599,272.442381489838,7635.0,1,1,Veteran,HS,7,TT,1,297512
3,73.45589582282477,241.73357313202337,4508.0,1,1,Veteran,HS,7,TT,1,297513
4,73.35408285955101,390.86385561742605,5858.0,1,1,Veteran,HS,7,TT,1,297514
5,69.77826894133109,473.57645285891397,6036.0,1,1,Veteran,HS,7,TT,1,297515
6,71.370487394545,233.49528719744058,5968.0,1,1,Veteran,HS,7,TT,1,297516
7,69.86776596290541,221.9734108471975,5992.0,1,1,Veteran,HS,7,TT,1,297517
8,70.2059510896831,372.1582804824321,5860.0,1,1,Veteran,HS,7,TT,1,297518
9,72.59935585400748,251.3438845661709,5876.0,1,1,Veteran,HS,7,TT,1,297519
10,69.34187576132526,299.26750605158924,5955.0,1,1,Veteran,HS,7,TT,1,297520
11,70.86674089752604,281.66032174721295,11188.0,1,1,Veteran,HS,7,TT,1,297521
12,74.36895527451304,218.48931647905872,5977.0,1,1,Veteran,HS,7,TT,1,297522
13,69.17304155821388,252.48162822090327,4594.0,1,1,Veteran,HS,7,TT,1,297523
14,70.20419064695585,347.4260957103757,4371.0,1,1,Veteran,HS,7,TT,1,297524
15,71.38201016852211,432.10920889423915,4388.0,1,1,Veteran,HS,7,TT,1,297525
16,64.88228062216746,382.72519533946246,31336.0,1,1,Veteran,HS,7,TT,1,297526
17,72.79508042997605,308.99938876591267,4362.0,1,1,Veteran,HS,7,TT,1,297527
18,72.2064614304074,223.6619080330276,5151.0,1,1,Veteran,HS,7,TT,1,297528
19,70.89750479904663,286.32554438641563,5875.0,1,1,Veteran,HS,7,TT,1,297529
20,72.28377243761858,234.59998870586068,4594.0,1,1,Veteran,HS,7,TT,1,297530
21,72.51354090461086,295.97450151662787,5965.0,1,1,Veteran,HS,7,TT,1,297531
22,73.75959382987473,206.33185540319758,5899.0,1,1,Veteran,HS,7,TT,1,297532
23,72.94593344235679,501.2076614380407,5856.0,1,1,Veteran,HS,7,TT,1,297533
24,71.39829171314861,308.2030928558979,5863.0,1,1,Veteran,HS,7,TT,1,297534
25,74.48685194822764,275.87356743801587,5879.0,1,1,Veteran,HS,7,TT,1,297535
26,72.72419258979617,341.287852183206,4423.0,1,1,Veteran,HS,7,TT,1,297536
27,70.42982526632186,212.56086450397564,5841.0,1,1,Veteran,HS,7,TT,1,297537
28,73.31126225614067,241.37686968108514,4496.0,1,1,Veteran,HS,7,TT,1,297538
29,73.99804207435925,200.6995601439682,5925.0,1,1,Veteran,HS,7,TT,1,297539
30,75.97758281519707,312.8765317603758,4937.0,1,1,Veteran,HS,7,TT,1,307517
31,68.82411492713294,309.164368220311,6187.0,1,1,Veteran,HS,7,TT,1,300477
32,69.2940825668174,264.53856109018795,7422.0,1,1,Veteran,HS,7,TT,1,300517
33,73.18897409469385,387.2921271948322,6547.0,1,1,Veteran,HS,7,TT,1,300557