
0,0.2908,0.7050000000000001,1250579.0,1,1,Letter,HS,8,TT,1,298170
1,0.29106666666666664,0.6974,1698442.0,1,1,Letter,HS,8,TT,1,298171
2,0.29006666666666664,0.7021999999999999,2881000.0,1,1,Letter,HS,8,TT,1,298172
3,0.2915333333333333,0.7038,2088847.0,1,1,Letter,HS,8,TT,1,298173
4,0.2854,0.7012,2092202.0,1,1,Letter,HS,8,TT,1,298174
5,0.2872,0.7068,2097629.0,1,1,Letter,HS,8,TT,1,298175
6,0.29286666666666666,0.694,2130605.0,1,1,Letter,HS,8,TT,1,298176
7,0.28886666666666666,0.7063999999999999,2134074.0,1,1,Letter,HS,8,TT,1,298177
8,0.28646666666666665,0.7014,2140955.0,1,1,Letter,HS,8,TT,1,298178
10,0.2886,0.7074,2396859.0,1,1,Letter,HS,8,TT,1,298180
11,0.2905333333333333,0.7041999999999999,1702785.0,1,1,Letter,HS,8,TT,1,298181
12,0.2853333333333333,0.7074,2098985.0,1,1,Letter,HS,8,TT,1,298182
13,0.28613333333333335,0.7052,1669703.0,1,1,Letter,HS,8,TT,1,298183
14,0.28353333333333336,0.7183999999999999,2133400.0,1,1,Letter,HS,8,TT,1,298184
15,0.2884,0.6992,3983713.0,1,1,Letter,HS,8,TT,1,298185
16,0.2895333333333333,0.7008,2085980.0,1,1,Letter,HS,8,TT,1,298186
17,0.2886666666666667,0.7070000000000001,3285256.0,1,1,Letter,HS,8,TT,1,298187
18,0.289,0.7016,2257104.0,1,1,Letter,HS,8,TT,1,298188
19,0.2874,0.6996,1918994.0,1,1,Letter,HS,8,TT,1,298189
20,0.29433333333333334,0.6990000000000001,2411655.0,1,1,Letter,HS,8,TT,1,298190
21,0.2904,0.7072,1914054.0,1,1,Letter,HS,8,TT,1,298191
22,0.28573333333333334,0.7036,2519321.0,1,1,Letter,HS,8,TT,1,298192
23,0.28973333333333334,0.7158,2903796.0,1,1,Letter,HS,8,TT,1,298193
24,0.2869333333333333,0.7098,1940166.0,1,1,Letter,HS,8,TT,1,298194
25,0.2949333333333333,0.6976,1933125.0,1,1,Letter,HS,8,TT,1,298195
26,0.2886666666666667,0.7038,4032802.0,1,1,Letter,HS,8,TT,1,298196
27,0.2925333333333333,0.7034,1860691.0,1,1,Letter,HS,8,TT,1,298197
28,0.2879333333333333,0.6984,2547452.0,1,1,Letter,HS,8,TT,1,298198
29,0.2889333333333333,0.7021999999999999,2285552.0,1,1,Letter,HS,8,TT,1,298199
30,0.28213333333333335,0.7136,1593328.0,1,1,Letter,HS,8,TT,1,308739
9,0.2896666666666667,0.6996,1704224.0,1,1,Letter,HS,8,TT,1,307899
32,0.28646666666666665,0.7094,1796849.0,1,1,Letter,HS,8,TT,1,301859
31,0.2869333333333333,0.702,1887993.0,1,1,Letter,HS,8,TT,1,301819
33,0.2888,0.7128,1844369.0,1,1,Letter,HS,8,TT,1,301899