
0,0.0,0.8709677419354839,3925.0,1,1,Zoo,HS,8,TT,1,298530
1,0.0,0.8064516129032258,4357.0,1,1,Zoo,HS,8,TT,1,298531
2,0.0,0.8709677419354839,5546.0,1,1,Zoo,HS,8,TT,1,298532
3,0.0,0.9032258064516129,4500.0,1,1,Zoo,HS,8,TT,1,298533
4,0.0,0.9032258064516129,5649.0,1,1,Zoo,HS,8,TT,1,298534
5,0.0,0.8387096774193549,4031.0,1,1,Zoo,HS,8,TT,1,298535
6,0.0,0.8709677419354839,4440.0,1,1,Zoo,HS,8,TT,1,298536
7,0.0,0.8387096774193549,3906.0,1,1,Zoo,HS,8,TT,1,298537
8,0.0,0.9032258064516129,8057.0,1,1,Zoo,HS,8,TT,1,298538
9,0.0,0.8709677419354839,4328.0,1,1,Zoo,HS,8,TT,1,298539
10,0.0,0.8064516129032258,5412.0,1,1,Zoo,HS,8,TT,1,298540
11,0.0,0.9032258064516129,3878.0,1,1,Zoo,HS,8,TT,1,298541
12,0.0,0.935483870967742,5542.0,1,1,Zoo,HS,8,TT,1,298542
13,0.0,0.8709677419354839,4501.0,1,1,Zoo,HS,8,TT,1,298543
14,0.0,0.8709677419354839,3905.0,1,1,Zoo,HS,8,TT,1,298544
15,0.0,0.8064516129032258,5879.0,1,1,Zoo,HS,8,TT,1,298545
16,0.0,0.9032258064516129,5424.0,1,1,Zoo,HS,8,TT,1,298546
17,0.0,0.8064516129032258,4047.0,1,1,Zoo,HS,8,TT,1,298547
18,0.0,0.935483870967742,3938.0,1,1,Zoo,HS,8,TT,1,298548
19,0.0,0.8387096774193549,4435.0,1,1,Zoo,HS,8,TT,1,298549
20,0.0,0.8709677419354839,5434.0,1,1,Zoo,HS,8,TT,1,298550
21,0.0,0.8709677419354839,4346.0,1,1,Zoo,HS,8,TT,1,298551
22,0.0,0.9032258064516129,5277.0,1,1,Zoo,HS,8,TT,1,298552
23,0.0,0.8387096774193549,4081.0,1,1,Zoo,HS,8,TT,1,298553
24,0.0,0.8709677419354839,5449.0,1,1,Zoo,HS,8,TT,1,298554
25,0.0,0.8709677419354839,5410.0,1,1,Zoo,HS,8,TT,1,298555
26,0.0,0.8709677419354839,4545.0,1,1,Zoo,HS,8,TT,1,298556
27,0.0,0.8709677419354839,4094.0,1,1,Zoo,HS,8,TT,1,298557
28,0.0,0.8387096774193549,5487.0,1,1,Zoo,HS,8,TT,1,298558
29,0.0,0.8387096774193549,5456.0,1,1,Zoo,HS,8,TT,1,298559
30,0.0,0.9032258064516129,4828.0,1,1,Zoo,HS,8,TT,1,308751
31,0.0,0.8387096774193549,5688.0,1,1,Zoo,HS,8,TT,1,301831
32,0.0,0.8387096774193549,7468.0,1,1,Zoo,HS,8,TT,1,301871
33,0.0,0.8709677419354839,6312.0,1,1,Zoo,HS,8,TT,1,301911