
0,0.022727272727272728,0.6590909090909092,5667.0,1,1,Hayes,HS,9,TT,1,299220
1,0.022727272727272728,0.6363636363636364,4296.0,1,1,Hayes,HS,9,TT,1,299221
2,0.011363636363636364,0.6136363636363636,4305.0,1,1,Hayes,HS,9,TT,1,299222
3,0.011363636363636364,0.6818181818181819,4801.0,1,1,Hayes,HS,9,TT,1,299223
4,0.022727272727272728,0.7045454545454546,5616.0,1,1,Hayes,HS,9,TT,1,299224
5,0.022727272727272728,0.7045454545454546,4149.0,1,1,Hayes,HS,9,TT,1,299225
6,0.022727272727272728,0.7045454545454546,5641.0,1,1,Hayes,HS,9,TT,1,299226
7,0.022727272727272728,0.6363636363636364,4690.0,1,1,Hayes,HS,9,TT,1,299227
8,0.022727272727272728,0.6136363636363636,4314.0,1,1,Hayes,HS,9,TT,1,299228
9,0.022727272727272728,0.6590909090909092,5480.0,1,1,Hayes,HS,9,TT,1,299229
10,0.011363636363636364,0.6136363636363636,4313.0,1,1,Hayes,HS,9,TT,1,299230
11,0.022727272727272728,0.6818181818181819,4532.0,1,1,Hayes,HS,9,TT,1,299231
12,0.022727272727272728,0.6136363636363636,7511.0,1,1,Hayes,HS,9,TT,1,299232
13,0.022727272727272728,0.6136363636363636,4330.0,1,1,Hayes,HS,9,TT,1,299233
14,0.022727272727272728,0.7272727272727273,4319.0,1,1,Hayes,HS,9,TT,1,299234
15,0.011363636363636364,0.6590909090909092,4652.0,1,1,Hayes,HS,9,TT,1,299235
16,0.011363636363636364,0.75,5641.0,1,1,Hayes,HS,9,TT,1,299236
17,0.011363636363636364,0.75,4136.0,1,1,Hayes,HS,9,TT,1,299237
18,0.022727272727272728,0.6363636363636364,4800.0,1,1,Hayes,HS,9,TT,1,299238
19,0.022727272727272728,0.7272727272727273,5555.0,1,1,Hayes,HS,9,TT,1,299239
20,0.011363636363636364,0.7272727272727273,4230.0,1,1,Hayes,HS,9,TT,1,299240
21,0.022727272727272728,0.75,4667.0,1,1,Hayes,HS,9,TT,1,299241
22,0.011363636363636364,0.6590909090909092,5563.0,1,1,Hayes,HS,9,TT,1,299242
23,0.022727272727272728,0.75,5091.0,1,1,Hayes,HS,9,TT,1,299243
24,0.011363636363636364,0.6818181818181819,4390.0,1,1,Hayes,HS,9,TT,1,299244
25,0.011363636363636364,0.6363636363636364,5700.0,1,1,Hayes,HS,9,TT,1,299245
26,0.011363636363636364,0.7045454545454546,5628.0,1,1,Hayes,HS,9,TT,1,299246
27,0.022727272727272728,0.6363636363636364,4517.0,1,1,Hayes,HS,9,TT,1,299247
28,0.011363636363636364,0.75,4170.0,1,1,Hayes,HS,9,TT,1,299248
29,0.011363636363636364,0.7045454545454546,4208.0,1,1,Hayes,HS,9,TT,1,299249
30,0.011363636363636364,0.6818181818181819,4906.0,1,1,Hayes,HS,9,TT,1,309974
31,0.011363636363636364,0.6590909090909092,6063.0,1,1,Hayes,HS,9,TT,1,303174
32,0.011363636363636364,0.6590909090909092,5203.0,1,1,Hayes,HS,9,TT,1,303214
33,0.011363636363636364,0.6818181818181819,6469.0,1,1,Hayes,HS,9,TT,1,303254