
0,0.13043478260869565,0.7181818181818183,13381.0,1,1,Leaf,HS,9,TT,1,299340
1,0.13043478260869565,0.7090909090909091,96622.0,1,1,Leaf,HS,9,TT,1,299341
2,0.13043478260869565,0.7,13864.0,1,1,Leaf,HS,9,TT,1,299342
3,0.13043478260869565,0.7363636363636363,17119.0,1,1,Leaf,HS,9,TT,1,299343
4,0.11739130434782609,0.7272727272727273,17283.0,1,1,Leaf,HS,9,TT,1,299344
5,0.13043478260869565,0.7363636363636363,13043.0,1,1,Leaf,HS,9,TT,1,299345
6,0.13043478260869565,0.7272727272727273,12880.0,1,1,Leaf,HS,9,TT,1,299346
7,0.13478260869565217,0.7090909090909091,15922.0,1,1,Leaf,HS,9,TT,1,299347
8,0.13043478260869565,0.6909090909090909,20054.0,1,1,Leaf,HS,9,TT,1,299348
9,0.12608695652173912,0.7181818181818183,12405.0,1,1,Leaf,HS,9,TT,1,299349
10,0.1391304347826087,0.6909090909090909,13016.0,1,1,Leaf,HS,9,TT,1,299350
11,0.12608695652173912,0.7272727272727273,14122.0,1,1,Leaf,HS,9,TT,1,299351
12,0.12608695652173912,0.7363636363636363,14227.0,1,1,Leaf,HS,9,TT,1,299352
13,0.1391304347826087,0.7181818181818183,13500.0,1,1,Leaf,HS,9,TT,1,299353
14,0.13043478260869565,0.7363636363636363,14288.0,1,1,Leaf,HS,9,TT,1,299354
15,0.13043478260869565,0.7272727272727273,15721.0,1,1,Leaf,HS,9,TT,1,299355
16,0.13043478260869565,0.7,12970.0,1,1,Leaf,HS,9,TT,1,299356
17,0.13043478260869565,0.7181818181818183,13083.0,1,1,Leaf,HS,9,TT,1,299357
18,0.13478260869565217,0.7181818181818183,17265.0,1,1,Leaf,HS,9,TT,1,299358
19,0.1391304347826087,0.7545454545454545,17715.0,1,1,Leaf,HS,9,TT,1,299359
20,0.13478260869565217,0.7181818181818183,17427.0,1,1,Leaf,HS,9,TT,1,299360
21,0.13043478260869565,0.7090909090909091,17730.0,1,1,Leaf,HS,9,TT,1,299361
22,0.12608695652173912,0.6909090909090909,14314.0,1,1,Leaf,HS,9,TT,1,299362
23,0.13478260869565217,0.7272727272727273,17302.0,1,1,Leaf,HS,9,TT,1,299363
24,0.12608695652173912,0.7181818181818183,17238.0,1,1,Leaf,HS,9,TT,1,299364
25,0.13043478260869565,0.7181818181818183,14506.0,1,1,Leaf,HS,9,TT,1,299365
26,0.13043478260869565,0.7181818181818183,12723.0,1,1,Leaf,HS,9,TT,1,299366
27,0.13043478260869565,0.7363636363636363,12935.0,1,1,Leaf,HS,9,TT,1,299367
28,0.12608695652173912,0.7181818181818183,12266.0,1,1,Leaf,HS,9,TT,1,299368
29,0.13478260869565217,0.7272727272727273,17483.0,1,1,Leaf,HS,9,TT,1,299369
30,0.13478260869565217,0.7181818181818183,15972.0,1,1,Leaf,HS,9,TT,1,309978
31,0.1391304347826087,0.6909090909090909,18328.0,1,1,Leaf,HS,9,TT,1,303178
32,0.13043478260869565,0.7,16812.0,1,1,Leaf,HS,9,TT,1,303218
33,0.13043478260869565,0.7272727272727273,18641.0,1,1,Leaf,HS,9,TT,1,303258