
0,0.28724358974358977,0.7210526315789474,19125.0,1,1,Indian,GHS,0,CV,1,250530
1,0.28474358974358976,0.7105263157894737,19860.0,1,1,Indian,GHS,0,CV,1,250531
2,0.2850641025641026,0.6894736842105262,20227.0,1,1,Indian,GHS,0,CV,1,250532
3,0.2873076923076923,0.7210526315789474,21620.0,1,1,Indian,GHS,0,CV,1,250533
4,0.29493589743589743,0.7105263157894737,18984.0,1,1,Indian,GHS,0,CV,1,250534
5,0.2894871794871795,0.7,21369.0,1,1,Indian,GHS,0,CV,1,250535
6,0.2824358974358975,0.7052631578947368,16031.0,1,1,Indian,GHS,0,CV,1,250536
7,0.2946794871794872,0.6842105263157895,20524.0,1,1,Indian,GHS,0,CV,1,250537
8,0.28217948717948715,0.7105263157894737,20977.0,1,1,Indian,GHS,0,CV,1,250538
9,0.29230769230769227,0.7210526315789474,20388.0,1,1,Indian,GHS,0,CV,1,250539
10,0.2896153846153846,0.7,21728.0,1,1,Indian,GHS,0,CV,1,250540
11,0.28987179487179493,0.7,20756.0,1,1,Indian,GHS,0,CV,1,250541
12,0.28487179487179487,0.7315789473684211,22458.0,1,1,Indian,GHS,0,CV,1,250542
13,0.2973717948717949,0.7210526315789474,21844.0,1,1,Indian,GHS,0,CV,1,250543
14,0.2875,0.7210526315789474,20949.0,1,1,Indian,GHS,0,CV,1,250544
15,0.2898076923076923,0.7105263157894737,21693.0,1,1,Indian,GHS,0,CV,1,250545
16,0.29506410256410254,0.7052631578947368,21527.0,1,1,Indian,GHS,0,CV,1,250546
17,0.2823076923076923,0.7210526315789474,21922.0,1,1,Indian,GHS,0,CV,1,250547
18,0.2846153846153846,0.6842105263157895,21754.0,1,1,Indian,GHS,0,CV,1,250548
19,0.2819871794871795,0.7,21879.0,1,1,Indian,GHS,0,CV,1,250549
20,0.29250000000000004,0.6842105263157895,21531.0,1,1,Indian,GHS,0,CV,1,250550
21,0.2873076923076923,0.7,21571.0,1,1,Indian,GHS,0,CV,1,250551
22,0.2899358974358975,0.668421052631579,20406.0,1,1,Indian,GHS,0,CV,1,250552
23,0.2896153846153847,0.7210526315789474,15717.0,1,1,Indian,GHS,0,CV,1,250553
24,0.29230769230769227,0.6947368421052631,20609.0,1,1,Indian,GHS,0,CV,1,250554
25,0.2924358974358975,0.7052631578947368,15728.0,1,1,Indian,GHS,0,CV,1,250555
26,0.29,0.7052631578947368,18938.0,1,1,Indian,GHS,0,CV,1,250556
27,0.27955128205128205,0.6947368421052631,19203.0,1,1,Indian,GHS,0,CV,1,250557
28,0.2921794871794872,0.6789473684210526,16015.0,1,1,Indian,GHS,0,CV,1,206908
29,0.28987179487179493,0.7105263157894737,16847.0,1,1,Indian,GHS,0,CV,1,250559
30,0.28974358974358977,0.6947368421052631,16343.0,1,1,Indian,GHS,0,CV,1,250560
31,0.28987179487179493,0.7105263157894737,20869.0,1,1,Indian,GHS,0,CV,1,250561
32,0.2797435897435897,0.7263157894736842,17942.0,1,1,Indian,GHS,0,CV,1,250562
33,0.29487179487179493,0.7105263157894737,16060.0,1,1,Indian,GHS,0,CV,1,250563
34,0.28237179487179487,0.7263157894736842,15266.0,1,1,Indian,GHS,0,CV,1,250564