
0,0.8270730127644217,0.8408030555073199,16570.0,1,1,Sensory,GHS,0,CV,1,207450
1,0.8279094077372606,0.8112211958247901,20813.0,1,1,Sensory,GHS,0,CV,1,251196
2,0.8181556247505417,0.7913784349658438,15984.0,1,1,Sensory,GHS,0,CV,1,251197
3,0.8187260696958718,0.8210375755647517,15781.0,1,1,Sensory,GHS,0,CV,1,251198
4,0.8085397844008051,0.82980022928142,16943.0,1,1,Sensory,GHS,0,CV,1,207454
5,0.8245752523270392,0.8332253072727036,17614.0,1,1,Sensory,GHS,0,CV,1,251200
6,0.8253607284372183,0.838609994683107,22151.0,1,1,Sensory,GHS,0,CV,1,251201
7,0.802205300065911,0.8057700112198544,16948.0,1,1,Sensory,GHS,0,CV,1,251202
8,0.8278192689758527,0.8431602615092798,16546.0,1,1,Sensory,GHS,0,CV,1,251203
9,0.8106223258278542,0.808336941204008,16985.0,1,1,Sensory,GHS,0,CV,1,251204
10,0.8279420762413636,0.7789361278117474,21535.0,1,1,Sensory,GHS,0,CV,1,207460
11,0.8223114539500387,0.8150516667343297,21786.0,1,1,Sensory,GHS,0,CV,1,251206
12,0.8193500187947957,0.8481783242604328,15895.0,1,1,Sensory,GHS,0,CV,1,251207
13,0.818194995245283,0.7524418397704308,17696.0,1,1,Sensory,GHS,0,CV,1,251208
14,0.8206801020968383,0.8113890968184453,17123.0,1,1,Sensory,GHS,0,CV,1,207464
15,0.817722257049249,0.7965296461230297,15876.0,1,1,Sensory,GHS,0,CV,1,251210
16,0.8222068780625958,0.7911307646590577,21718.0,1,1,Sensory,GHS,0,CV,1,251211
17,0.822621168523281,0.8391248231602241,21793.0,1,1,Sensory,GHS,0,CV,1,251212
18,0.8155691109713888,0.785401497525495,22056.0,1,1,Sensory,GHS,0,CV,1,251213
19,0.805799726354483,0.7711429918076231,21846.0,1,1,Sensory,GHS,0,CV,1,251214
20,0.8253062815686121,0.828953112695214,21853.0,1,1,Sensory,GHS,0,CV,1,251215
21,0.8204787665723552,0.8044701413607789,16570.0,1,1,Sensory,GHS,0,CV,1,207471
22,0.8155617650098248,0.8392221605903484,16125.0,1,1,Sensory,GHS,0,CV,1,251217
23,0.8148713573550971,0.8346728773659882,20051.0,1,1,Sensory,GHS,0,CV,1,207473
24,0.8249535546432882,0.8024365322411404,16500.0,1,1,Sensory,GHS,0,CV,1,251219
25,0.825305497552467,0.7901289293807613,17134.0,1,1,Sensory,GHS,0,CV,1,251220
26,0.8263796282265234,0.8349830968385914,17004.0,1,1,Sensory,GHS,0,CV,1,251221
27,0.8255277581466128,0.7991291908474777,15868.0,1,1,Sensory,GHS,0,CV,1,251222
28,0.8250150459868572,0.7839967718451656,21016.0,1,1,Sensory,GHS,0,CV,1,251223
29,0.817119815128177,0.7743721856122707,15857.0,1,1,Sensory,GHS,0,CV,1,251224
30,0.8187015091979475,0.7942884427896783,17641.0,1,1,Sensory,GHS,0,CV,1,251225
31,0.814521480301688,0.8279962481321241,17469.0,1,1,Sensory,GHS,0,CV,1,251226
32,0.8136507595744107,0.821062467440596,21885.0,1,1,Sensory,GHS,0,CV,1,251227
33,0.8210348725535888,0.8286951668606418,15848.0,1,1,Sensory,GHS,0,CV,1,251228
34,0.8156805758782777,0.8066089729629552,21913.0,1,1,Sensory,GHS,0,CV,1,251229