
0,0.06509745127436281,0.8246527777777778,51187.0,1,1,Car,GHS,10,CV,1,264810
1,0.06774362818590704,0.8177083333333334,49558.0,1,1,Car,GHS,10,CV,1,264811
2,0.06855322338830586,0.8524305555555556,56564.0,1,1,Car,GHS,10,CV,1,264812
3,0.06856821589205397,0.8385416666666666,45531.0,1,1,Car,GHS,10,CV,1,264813
4,0.06161919040479761,0.8315972222222222,61470.0,1,1,Car,GHS,10,CV,1,264814
5,0.06772113943028486,0.8090277777777778,59691.0,1,1,Car,GHS,10,CV,1,264815
6,0.06598200899550224,0.8368055555555556,51022.0,1,1,Car,GHS,10,CV,1,264816
7,0.06426536731634183,0.8541666666666666,45562.0,1,1,Car,GHS,10,CV,1,264817
8,0.05904047976011993,0.8506944444444444,60158.0,1,1,Car,GHS,10,CV,1,264818
9,0.06773613193403298,0.8177083333333334,61214.0,1,1,Car,GHS,10,CV,1,264819
10,0.06944527736131935,0.8489583333333334,60571.0,1,1,Car,GHS,10,CV,1,264820
11,0.06422788605697152,0.8645833333333334,60642.0,1,1,Car,GHS,10,CV,1,264821
12,0.06856071964017992,0.8350694444444444,48500.0,1,1,Car,GHS,10,CV,1,264822
13,0.07030734632683658,0.8246527777777778,61424.0,1,1,Car,GHS,10,CV,1,264823
14,0.06339580209895053,0.8142361111111112,45172.0,1,1,Car,GHS,10,CV,1,264824
15,0.05901049475262369,0.8819444444444444,59553.0,1,1,Car,GHS,10,CV,1,264825
16,0.057301349325337335,0.8663194444444444,47308.0,1,1,Car,GHS,10,CV,1,264826
17,0.06944527736131934,0.8090277777777778,62085.0,1,1,Car,GHS,10,CV,1,264827
18,0.07119190404797601,0.84375,63863.0,1,1,Car,GHS,10,CV,1,264828
19,0.06507496251874063,0.8472222222222222,49331.0,1,1,Car,GHS,10,CV,1,264829
20,0.06595952023988005,0.8350694444444444,57782.0,1,1,Car,GHS,10,CV,1,264830
21,0.06769865067466266,0.8368055555555556,60218.0,1,1,Car,GHS,10,CV,1,264831
22,0.0676911544227886,0.8315972222222222,63493.0,1,1,Car,GHS,10,CV,1,264832
23,0.0633808095952024,0.8420138888888888,60985.0,1,1,Car,GHS,10,CV,1,264833
24,0.06772863568215892,0.8055555555555556,63856.0,1,1,Car,GHS,10,CV,1,264834
25,0.06944527736131934,0.8628472222222222,63524.0,1,1,Car,GHS,10,CV,1,264835
26,0.06856821589205396,0.8350694444444444,60594.0,1,1,Car,GHS,10,CV,1,264836
27,0.06163418290854572,0.8420138888888888,60050.0,1,1,Car,GHS,10,CV,1,264837
28,0.06426536731634183,0.8385416666666666,65415.0,1,1,Car,GHS,10,CV,1,264838
29,0.06598200899550224,0.8402777777777778,65009.0,1,1,Car,GHS,10,CV,1,264839
30,0.06768365817091454,0.8524305555555556,43365.0,1,1,Car,GHS,10,CV,1,264840
31,0.06855322338830586,0.8159722222222222,43312.0,1,1,Car,GHS,10,CV,1,264841
32,0.06856071964017992,0.8663194444444444,51400.0,1,1,Car,GHS,10,CV,1,264842
33,0.0659745127436282,0.8298611111111112,55649.0,1,1,Car,GHS,10,CV,1,264843