
0,0.1476190476190476,0.81,12371.0,1,1,Vertebral3C,GHS,10,CV,1,265545
1,0.15238095238095237,0.79,11804.0,1,1,Vertebral3C,GHS,10,CV,1,265546
2,0.1571428571428571,0.81,9375.0,1,1,Vertebral3C,GHS,10,CV,1,265547
3,0.15238095238095234,0.81,8343.0,1,1,Vertebral3C,GHS,10,CV,1,265548
4,0.15238095238095234,0.83,13940.0,1,1,Vertebral3C,GHS,10,CV,1,265549
5,0.1476190476190476,0.84,8687.0,1,1,Vertebral3C,GHS,10,CV,1,265550
6,0.14285714285714285,0.84,12086.0,1,1,Vertebral3C,GHS,10,CV,1,265551
7,0.1476190476190476,0.8,12733.0,1,1,Vertebral3C,GHS,10,CV,1,265552
8,0.15238095238095234,0.83,12682.0,1,1,Vertebral3C,GHS,10,CV,1,265553
9,0.1476190476190476,0.8,17815.0,1,1,Vertebral3C,GHS,10,CV,1,265554
10,0.14761904761904762,0.8200000000000001,9250.0,1,1,Vertebral3C,GHS,10,CV,1,265555
11,0.1476190476190476,0.8,11696.0,1,1,Vertebral3C,GHS,10,CV,1,265556
12,0.14285714285714285,0.79,11825.0,1,1,Vertebral3C,GHS,10,CV,1,265557
13,0.14285714285714285,0.81,14009.0,1,1,Vertebral3C,GHS,10,CV,1,265558
14,0.1380952380952381,0.8200000000000001,12666.0,1,1,Vertebral3C,GHS,10,CV,1,265559
15,0.1476190476190476,0.83,8734.0,1,1,Vertebral3C,GHS,10,CV,1,265560
16,0.14285714285714285,0.83,9076.0,1,1,Vertebral3C,GHS,10,CV,1,265561
17,0.1476190476190476,0.8200000000000001,12738.0,1,1,Vertebral3C,GHS,10,CV,1,265562
18,0.1476190476190476,0.8,9531.0,1,1,Vertebral3C,GHS,10,CV,1,265563
19,0.1476190476190476,0.8200000000000001,11694.0,1,1,Vertebral3C,GHS,10,CV,1,265564
20,0.15238095238095234,0.81,11751.0,1,1,Vertebral3C,GHS,10,CV,1,265565
21,0.15238095238095234,0.8200000000000001,11793.0,1,1,Vertebral3C,GHS,10,CV,1,265566
22,0.15238095238095234,0.8,12620.0,1,1,Vertebral3C,GHS,10,CV,1,265567
23,0.15238095238095237,0.83,12646.0,1,1,Vertebral3C,GHS,10,CV,1,265568
24,0.1476190476190476,0.8200000000000001,13959.0,1,1,Vertebral3C,GHS,10,CV,1,265569
25,0.13809523809523808,0.84,9391.0,1,1,Vertebral3C,GHS,10,CV,1,265570
26,0.15238095238095237,0.79,11798.0,1,1,Vertebral3C,GHS,10,CV,1,265571
27,0.15238095238095237,0.81,12788.0,1,1,Vertebral3C,GHS,10,CV,1,265572
28,0.1476190476190476,0.8200000000000001,11129.0,1,1,Vertebral3C,GHS,10,CV,1,265573
29,0.1476190476190476,0.8,11157.0,1,1,Vertebral3C,GHS,10,CV,1,265574
30,0.14285714285714285,0.83,12713.0,1,1,Vertebral3C,GHS,10,CV,1,265575
31,0.15238095238095237,0.8,9391.0,1,1,Vertebral3C,GHS,10,CV,1,265576
32,0.1571428571428571,0.85,11659.0,1,1,Vertebral3C,GHS,10,CV,1,265577
33,0.14285714285714285,0.78,12888.0,1,1,Vertebral3C,GHS,10,CV,1,265578
34,0.15238095238095234,0.81,9578.0,1,1,Vertebral3C,GHS,10,CV,1,265579