
0,0.04350262572318647,0.9259576901086335,454965.0,1,1,Pen,GHS,10,CV,1,265580
1,0.0418997774810859,0.9282447112635792,544437.0,1,1,Pen,GHS,10,CV,1,265581
2,0.043900489541611035,0.9259576901086335,498003.0,1,1,Pen,GHS,10,CV,1,265582
3,0.046305117935024474,0.8905088622069754,804689.0,1,1,Pen,GHS,10,CV,1,265583
4,0.04510280373831775,0.9125214408233276,695594.0,1,1,Pen,GHS,10,CV,1,265584
5,0.0444359590565198,0.9045168667810177,935534.0,1,1,Pen,GHS,10,CV,1,265585
6,0.044701201602136184,0.9130931961120641,817001.0,1,1,Pen,GHS,10,CV,1,265586
7,0.04550173564753004,0.9059462550028587,588050.0,1,1,Pen,GHS,10,CV,1,265587
8,0.0436347129506008,0.9070897655803316,610579.0,1,1,Pen,GHS,10,CV,1,265588
9,0.04523524699599466,0.9150943396226415,642830.0,1,1,Pen,GHS,10,CV,1,265589
10,0.04430155763239875,0.8996569468267581,787021.0,1,1,Pen,GHS,10,CV,1,265590
11,0.045233644859813085,0.9193825042881647,747341.0,1,1,Pen,GHS,10,CV,1,265591
12,0.04323239875389408,0.9068038879359634,581974.0,1,1,Pen,GHS,10,CV,1,265592
13,0.04229942145082331,0.915666094911378,727796.0,1,1,Pen,GHS,10,CV,1,265593
14,0.04203293279928794,0.9188107489994283,560737.0,1,1,Pen,GHS,10,CV,1,265594
15,0.045770716510903434,0.9308176100628931,745517.0,1,1,Pen,GHS,10,CV,1,265595
16,0.046036671117044944,0.8970840480274442,601390.0,1,1,Pen,GHS,10,CV,1,265596
17,0.04216697819314642,0.9108061749571184,574564.0,1,1,Pen,GHS,10,CV,1,265597
18,0.04496662216288384,0.9245283018867925,707188.0,1,1,Pen,GHS,10,CV,1,265598
19,0.04390084557187361,0.9179531160663236,592440.0,1,1,Pen,GHS,10,CV,1,265599
20,0.04697053849577214,0.9230989136649514,556778.0,1,1,Pen,GHS,10,CV,1,265600
21,0.043902447708055174,0.9199542595769011,672559.0,1,1,Pen,GHS,10,CV,1,265601
22,0.04216626613262127,0.9208118925100057,636221.0,1,1,Pen,GHS,10,CV,1,265602
23,0.04310120160213618,0.9085191538021726,617658.0,1,1,Pen,GHS,10,CV,1,219203
24,0.044435781041388525,0.9193825042881647,692693.0,1,1,Pen,GHS,10,CV,1,265604
25,0.04323382287494437,0.9199542595769011,713294.0,1,1,Pen,GHS,10,CV,1,265605
26,0.04043222073876279,0.9351057747284163,783336.0,1,1,Pen,GHS,10,CV,1,265606
27,0.04323133066310636,0.9228130360205832,771534.0,1,1,Pen,GHS,10,CV,1,265607
28,0.04123400089007566,0.9070897655803316,600972.0,1,1,Pen,GHS,10,CV,1,265608
29,0.03736502002670227,0.9276729559748428,677012.0,1,1,Pen,GHS,10,CV,1,265609
30,0.04590209167779261,0.906232132647227,696658.0,1,1,Pen,GHS,10,CV,1,265610
31,0.04443489096573209,0.907661520869068,714375.0,1,1,Pen,GHS,10,CV,1,265611
32,0.04790458388963062,0.923956546598056,692529.0,1,1,Pen,GHS,10,CV,1,265612
33,0.04523613707165109,0.9285305889079474,721022.0,1,1,Pen,GHS,10,CV,1,265613
34,0.04496769025367156,0.9033733562035449,719564.0,1,1,Pen,GHS,10,CV,1,265614