
0,0.012166666666666668,0.9590163934426229,12572.0,1,1,Dermatology,GHS,10,CV,1,264670
1,0.016,0.9754098360655737,11887.0,1,1,Dermatology,GHS,10,CV,1,264671
2,0.016166666666666666,0.9426229508196722,15546.0,1,1,Dermatology,GHS,10,CV,1,264672
3,0.012,0.9754098360655737,15844.0,1,1,Dermatology,GHS,10,CV,1,264673
4,0.008166666666666666,0.9508196721311475,15862.0,1,1,Dermatology,GHS,10,CV,1,264674
5,0.008,0.9508196721311475,16575.0,1,1,Dermatology,GHS,10,CV,1,264675
6,0.016,0.9672131147540983,14625.0,1,1,Dermatology,GHS,10,CV,1,264956
7,0.012,0.9836065573770492,12656.0,1,1,Dermatology,GHS,10,CV,1,264677
8,0.012166666666666668,0.9672131147540983,16299.0,1,1,Dermatology,GHS,10,CV,1,264678
9,0.016,0.9508196721311475,14958.0,1,1,Dermatology,GHS,10,CV,1,264959
10,0.016166666666666666,0.9590163934426229,15033.0,1,1,Dermatology,GHS,10,CV,1,264680
11,0.016,0.9508196721311475,15113.0,1,1,Dermatology,GHS,10,CV,1,264681
12,0.008,0.9590163934426229,14225.0,1,1,Dermatology,GHS,10,CV,1,264682
13,0.012166666666666668,0.9590163934426229,15205.0,1,1,Dermatology,GHS,10,CV,1,264683
14,0.016166666666666666,0.9754098360655737,14971.0,1,1,Dermatology,GHS,10,CV,1,264684
15,0.012166666666666668,0.9508196721311475,15457.0,1,1,Dermatology,GHS,10,CV,1,264965
16,0.008,0.9836065573770492,15733.0,1,1,Dermatology,GHS,10,CV,1,264686
17,0.012166666666666668,0.9590163934426229,15245.0,1,1,Dermatology,GHS,10,CV,1,264687
18,0.012166666666666668,0.9754098360655737,20109.0,1,1,Dermatology,GHS,10,CV,1,264968
19,0.008166666666666666,0.9508196721311475,15750.0,1,1,Dermatology,GHS,10,CV,1,264969
20,0.012166666666666668,0.9508196721311475,16248.0,1,1,Dermatology,GHS,10,CV,1,264970
21,0.012166666666666668,0.9672131147540983,15465.0,1,1,Dermatology,GHS,10,CV,1,264691
22,0.012,0.9590163934426229,15766.0,1,1,Dermatology,GHS,10,CV,1,264692
23,0.012166666666666668,0.9836065573770492,12653.0,1,1,Dermatology,GHS,10,CV,1,264973
24,0.016166666666666666,0.9426229508196722,16492.0,1,1,Dermatology,GHS,10,CV,1,264694
25,0.012166666666666668,0.9426229508196722,20297.0,1,1,Dermatology,GHS,10,CV,1,264695
26,0.012166666666666668,0.9672131147540983,12144.0,1,1,Dermatology,GHS,10,CV,1,264696
27,0.012,0.9754098360655737,12524.0,1,1,Dermatology,GHS,10,CV,1,264697
28,0.016,0.9754098360655737,12738.0,1,1,Dermatology,GHS,10,CV,1,264698
29,0.016166666666666666,0.9836065573770492,15477.0,1,1,Dermatology,GHS,10,CV,1,264979
30,0.012166666666666668,0.9508196721311475,12741.0,1,1,Dermatology,GHS,10,CV,1,264700
31,0.012,0.9672131147540983,11838.0,1,1,Dermatology,GHS,10,CV,1,264981
32,0.016,0.9590163934426229,15330.0,1,1,Dermatology,GHS,10,CV,1,264702
33,0.016166666666666666,0.9672131147540983,23409.0,1,1,Dermatology,GHS,10,CV,1,264703
34,0.016166666666666666,0.9836065573770492,23452.0,1,1,Dermatology,GHS,10,CV,1,264704