
0,0.457,0.5665961945031712,53351.0,1,1,Contraceptive,GHS,11,CV,1,266385
1,0.45499999999999996,0.5687103594080338,40701.0,1,1,Contraceptive,GHS,11,CV,1,266386
2,0.458,0.5644820295983086,43264.0,1,1,Contraceptive,GHS,11,CV,1,266387
3,0.45600000000000007,0.5687103594080338,42625.0,1,1,Contraceptive,GHS,11,CV,1,266388
4,0.45099999999999996,0.5454545454545454,53457.0,1,1,Contraceptive,GHS,11,CV,1,266389
5,0.45700000000000013,0.5369978858350951,45947.0,1,1,Contraceptive,GHS,11,CV,1,266390
6,0.4600000000000001,0.5412262156448203,54438.0,1,1,Contraceptive,GHS,11,CV,1,266391
7,0.457,0.5116279069767442,53664.0,1,1,Contraceptive,GHS,11,CV,1,266392
8,0.4580000000000001,0.5665961945031712,38444.0,1,1,Contraceptive,GHS,11,CV,1,266393
9,0.45999999999999996,0.5771670190274841,41034.0,1,1,Contraceptive,GHS,11,CV,1,266394
10,0.457,0.5602536997885835,39692.0,1,1,Contraceptive,GHS,11,CV,1,266395
11,0.45499999999999996,0.5412262156448203,51050.0,1,1,Contraceptive,GHS,11,CV,1,266396
12,0.45599999999999996,0.5644820295983086,42442.0,1,1,Contraceptive,GHS,11,CV,1,266397
13,0.45499999999999996,0.5433403805496828,39834.0,1,1,Contraceptive,GHS,11,CV,1,266398
14,0.45200000000000007,0.5496828752642706,40756.0,1,1,Contraceptive,GHS,11,CV,1,266399
15,0.45600000000000007,0.5792811839323467,42173.0,1,1,Contraceptive,GHS,11,CV,1,266400
16,0.453,0.5391120507399577,38836.0,1,1,Contraceptive,GHS,11,CV,1,266401
17,0.453,0.5539112050739958,50890.0,1,1,Contraceptive,GHS,11,CV,1,266402
18,0.44899999999999995,0.5285412262156448,38281.0,1,1,Contraceptive,GHS,11,CV,1,266403
19,0.45099999999999996,0.5391120507399577,53377.0,1,1,Contraceptive,GHS,11,CV,1,266404
20,0.45599999999999996,0.5581395348837209,43031.0,1,1,Contraceptive,GHS,11,CV,1,266405
21,0.44800000000000006,0.572938689217759,55809.0,1,1,Contraceptive,GHS,11,CV,1,266406
22,0.4539999999999999,0.5539112050739958,38750.0,1,1,Contraceptive,GHS,11,CV,1,266407
23,0.45999999999999996,0.5306553911205074,48719.0,1,1,Contraceptive,GHS,11,CV,1,266408
24,0.45600000000000007,0.5391120507399577,43907.0,1,1,Contraceptive,GHS,11,CV,1,266409
25,0.45500000000000007,0.5771670190274841,42284.0,1,1,Contraceptive,GHS,11,CV,1,266410
26,0.454,0.5581395348837209,45126.0,1,1,Contraceptive,GHS,11,CV,1,266411
27,0.44800000000000006,0.5539112050739958,52308.0,1,1,Contraceptive,GHS,11,CV,1,266412
28,0.44800000000000006,0.5369978858350951,52462.0,1,1,Contraceptive,GHS,11,CV,1,266413
29,0.4600000000000001,0.5708245243128964,42054.0,1,1,Contraceptive,GHS,11,CV,1,266414
30,0.45599999999999996,0.5348837209302326,49828.0,1,1,Contraceptive,GHS,11,CV,1,266415
31,0.45499999999999996,0.5454545454545454,44577.0,1,1,Contraceptive,GHS,11,CV,1,266416
32,0.45100000000000007,0.5581395348837209,43945.0,1,1,Contraceptive,GHS,11,CV,1,266417
33,0.457,0.5391120507399577,58599.0,1,1,Contraceptive,GHS,11,CV,1,266418
34,0.461,0.5665961945031712,38750.0,1,1,Contraceptive,GHS,11,CV,1,266419