
0,0.0,1.0,36828.0,1,1,Banknote,GHS,1,CV,1,251475
1,0.0,1.0,61197.0,1,1,Banknote,GHS,1,CV,1,251476
2,0.0,1.0,38842.0,1,1,Banknote,GHS,1,CV,1,251477
3,0.0,1.0,38460.0,1,1,Banknote,GHS,1,CV,1,251478
4,0.0,1.0,34969.0,1,1,Banknote,GHS,1,CV,1,251479
5,0.0,1.0,39828.0,1,1,Banknote,GHS,1,CV,1,251480
6,0.0,0.9977777777777778,34954.0,1,1,Banknote,GHS,1,CV,1,251481
7,0.0,1.0,47668.0,1,1,Banknote,GHS,1,CV,1,251482
8,0.0,1.0,47564.0,1,1,Banknote,GHS,1,CV,1,251483
9,0.0,1.0,38001.0,1,1,Banknote,GHS,1,CV,1,251484
10,0.0,1.0,49943.0,1,1,Banknote,GHS,1,CV,1,251485
11,0.0,1.0,44302.0,1,1,Banknote,GHS,1,CV,1,207641
12,0.0,1.0,47269.0,1,1,Banknote,GHS,1,CV,1,251487
13,0.0,1.0,41432.0,1,1,Banknote,GHS,1,CV,1,251488
14,0.0,1.0,38471.0,1,1,Banknote,GHS,1,CV,1,251489
15,0.0,1.0,48232.0,1,1,Banknote,GHS,1,CV,1,251490
16,0.0,1.0,46393.0,1,1,Banknote,GHS,1,CV,1,251491
17,0.0,1.0,38502.0,1,1,Banknote,GHS,1,CV,1,251492
18,0.0,1.0,50325.0,1,1,Banknote,GHS,1,CV,1,251493
19,0.0,0.9977777777777778,35125.0,1,1,Banknote,GHS,1,CV,1,251494
20,0.0,1.0,46446.0,1,1,Banknote,GHS,1,CV,1,251495
21,0.0,1.0,45875.0,1,1,Banknote,GHS,1,CV,1,251496
22,0.0,1.0,38853.0,1,1,Banknote,GHS,1,CV,1,251497
23,0.0,1.0,46975.0,1,1,Banknote,GHS,1,CV,1,251498
24,0.0,1.0,48962.0,1,1,Banknote,GHS,1,CV,1,251499
25,0.0,1.0,39163.0,1,1,Banknote,GHS,1,CV,1,251500
26,0.0,1.0,57367.0,1,1,Banknote,GHS,1,CV,1,251501
27,0.0,1.0,50294.0,1,1,Banknote,GHS,1,CV,1,251502
28,0.0,1.0,38645.0,1,1,Banknote,GHS,1,CV,1,251503
29,0.0,1.0,34671.0,1,1,Banknote,GHS,1,CV,1,251504
30,0.0,1.0,35281.0,1,1,Banknote,GHS,1,CV,1,251505
31,0.0,1.0,39017.0,1,1,Banknote,GHS,1,CV,1,251506
32,0.0,1.0,47974.0,1,1,Banknote,GHS,1,CV,1,251507
33,0.0,1.0,38959.0,1,1,Banknote,GHS,1,CV,1,251508
34,0.0,1.0,36801.0,1,1,Banknote,GHS,1,CV,1,251509