
0,0.1346881287726358,0.8342857142857143,54020.0,1,1,QSARBiodegradation,GHS,1,CV,1,252385
1,0.13609657947686116,0.84,56246.0,1,1,QSARBiodegradation,GHS,1,CV,1,252386
2,0.13466800804828974,0.8342857142857143,41265.0,1,1,QSARBiodegradation,GHS,1,CV,1,252387
3,0.13746478873239437,0.8285714285714285,33904.0,1,1,QSARBiodegradation,GHS,1,CV,1,252388
4,0.13193158953722334,0.84,41001.0,1,1,QSARBiodegradation,GHS,1,CV,1,252389
5,0.13329979879275652,0.8285714285714285,43525.0,1,1,QSARBiodegradation,GHS,1,CV,1,252390
6,0.13605633802816902,0.8428571428571429,43714.0,1,1,QSARBiodegradation,GHS,1,CV,1,252391
7,0.13603621730382293,0.8428571428571429,31297.0,1,1,QSARBiodegradation,GHS,1,CV,1,208417
8,0.13181086519114688,0.8285714285714285,48779.0,1,1,QSARBiodegradation,GHS,1,CV,1,252393
9,0.133158953722334,0.8285714285714285,44003.0,1,1,QSARBiodegradation,GHS,1,CV,1,252394
10,0.13042253521126762,0.8685714285714285,38294.0,1,1,QSARBiodegradation,GHS,1,CV,1,252395
11,0.1388933601609658,0.8371428571428572,40531.0,1,1,QSARBiodegradation,GHS,1,CV,1,252396
12,0.1374245472837022,0.8200000000000001,55081.0,1,1,QSARBiodegradation,GHS,1,CV,1,252397
13,0.13191146881287727,0.8457142857142858,32094.0,1,1,QSARBiodegradation,GHS,1,CV,1,252398
14,0.13466800804828974,0.8571428571428572,32293.0,1,1,QSARBiodegradation,GHS,1,CV,1,252399
15,0.137364185110664,0.84,34031.0,1,1,QSARBiodegradation,GHS,1,CV,1,252400
16,0.14026156941649898,0.8457142857142858,40345.0,1,1,QSARBiodegradation,GHS,1,CV,1,252401
17,0.13742454728370224,0.8571428571428572,40484.0,1,1,QSARBiodegradation,GHS,1,CV,1,252402
18,0.13321931589537223,0.8314285714285714,43746.0,1,1,QSARBiodegradation,GHS,1,CV,1,252403
19,0.13605633802816902,0.8342857142857143,40360.0,1,1,QSARBiodegradation,GHS,1,CV,1,252404
20,0.12613682092555328,0.8285714285714285,40922.0,1,1,QSARBiodegradation,GHS,1,CV,1,252405
21,0.14024144869215288,0.8285714285714285,40188.0,1,1,QSARBiodegradation,GHS,1,CV,1,252406
22,0.13323943661971832,0.8428571428571429,40157.0,1,1,QSARBiodegradation,GHS,1,CV,1,252407
23,0.13458752515090544,0.8428571428571429,43616.0,1,1,QSARBiodegradation,GHS,1,CV,1,252408
24,0.13474849094567404,0.8342857142857143,43237.0,1,1,QSARBiodegradation,GHS,1,CV,1,252409
25,0.1360764587525151,0.8342857142857143,34184.0,1,1,QSARBiodegradation,GHS,1,CV,1,252410
26,0.13460764587525148,0.8342857142857143,43661.0,1,1,QSARBiodegradation,GHS,1,CV,1,252411
27,0.12609657947686115,0.8571428571428572,34157.0,1,1,QSARBiodegradation,GHS,1,CV,1,252412
28,0.13760563380281693,0.86,42839.0,1,1,QSARBiodegradation,GHS,1,CV,1,252413
29,0.13470824949698187,0.8514285714285714,43323.0,1,1,QSARBiodegradation,GHS,1,CV,1,252414
30,0.13462776659959758,0.8657142857142857,38236.0,1,1,QSARBiodegradation,GHS,1,CV,1,252415
31,0.1304225352112676,0.8485714285714285,40608.0,1,1,QSARBiodegradation,GHS,1,CV,1,252416
32,0.13619718309859158,0.8314285714285714,39625.0,1,1,QSARBiodegradation,GHS,1,CV,1,252417
33,0.13456740442655934,0.8314285714285714,47760.0,1,1,QSARBiodegradation,GHS,1,CV,1,252418
34,0.13907444668008045,0.8514285714285714,41125.0,1,1,QSARBiodegradation,GHS,1,CV,1,252419