
0,227.82891090157528,491.4764461902977,5574.0,1,1,Veteran,GHS,1,CV,1,252735
1,234.83749363813803,235.2629924574051,5587.0,1,1,Veteran,GHS,1,CV,1,252736
2,220.64612230479506,289.7557024573347,4688.0,1,1,Veteran,GHS,1,CV,1,252737
3,225.34817119701793,252.26544810365942,6755.0,1,1,Veteran,GHS,1,CV,1,208713
4,167.265022358317,181.3576222803953,5843.0,1,1,Veteran,GHS,1,CV,1,208714
5,224.68838905825237,416.8588827701784,5538.0,1,1,Veteran,GHS,1,CV,1,252740
6,209.5924270805229,176.57419237418966,6063.0,1,1,Veteran,GHS,1,CV,1,252741
7,219.9110639201077,269.6886310199148,6135.0,1,1,Veteran,GHS,1,CV,1,252742
8,210.4194269443704,332.82662726526536,4422.0,1,1,Veteran,GHS,1,CV,1,252743
9,209.558264617962,443.41517995458713,4689.0,1,1,Veteran,GHS,1,CV,1,252744
10,193.42943648751853,281.5475239688135,4360.0,1,1,Veteran,GHS,1,CV,1,252745
11,191.72744567637238,215.6566994247495,4719.0,1,1,Veteran,GHS,1,CV,1,252746
12,220.04729683035248,546.6240335736989,4544.0,1,1,Veteran,GHS,1,CV,1,252747
13,233.24224558691103,234.71231128643646,4500.0,1,1,Veteran,GHS,1,CV,1,252748
14,215.97717664381656,284.9937253726924,6045.0,1,1,Veteran,GHS,1,CV,1,252749
15,213.08185579491328,328.6184953570497,5840.0,1,1,Veteran,GHS,1,CV,1,252750
16,231.83865034292882,509.32744046612373,4641.0,1,1,Veteran,GHS,1,CV,1,252751
17,206.37550098357906,203.4265890883806,6037.0,1,1,Veteran,GHS,1,CV,1,252752
18,200.59231276882073,287.5462421881731,4644.0,1,1,Veteran,GHS,1,CV,1,252753
19,207.5076323844417,230.65101166453783,5502.0,1,1,Veteran,GHS,1,CV,1,252754
20,211.72762459480668,230.2026578565495,4375.0,1,1,Veteran,GHS,1,CV,1,252755
21,212.36121927036675,263.24902633095707,4704.0,1,1,Veteran,GHS,1,CV,1,252756
22,194.16416138081007,180.36763533735538,4344.0,1,1,Veteran,GHS,1,CV,1,252757
23,216.20541561373162,291.0313868887198,5565.0,1,1,Veteran,GHS,1,CV,1,252758
24,222.14650550349762,515.8415405365411,4545.0,1,1,Veteran,GHS,1,CV,1,252759
25,188.98951292051478,241.45447311576405,4503.0,1,1,Veteran,GHS,1,CV,1,252760
26,219.54417892537512,324.99057131470806,6023.0,1,1,Veteran,GHS,1,CV,1,252761
27,190.17740322258075,267.39493905187555,5127.0,1,1,Veteran,GHS,1,CV,1,252762
28,237.67125229952012,216.09945849015534,4516.0,1,1,Veteran,GHS,1,CV,1,252763
29,215.9410171655524,187.72765042593446,4375.0,1,1,Veteran,GHS,1,CV,1,208739
30,223.78880129010622,267.61068929025726,5975.0,1,1,Veteran,GHS,1,CV,1,252765
31,219.63018451398935,178.58007561583867,4648.0,1,1,Veteran,GHS,1,CV,1,252766
32,202.04513443201827,230.1235002405299,5538.0,1,1,Veteran,GHS,1,CV,1,252767
33,194.50959632596772,127.93463380914018,6043.0,1,1,Veteran,GHS,1,CV,1,252768
34,197.65190590895168,380.36898089396055,4375.0,1,1,Veteran,GHS,1,CV,1,252769