
0,0.2357142857142857,0.7254901960784313,9682.0,1,1,Haberman,GHS,2,CV,1,253365
1,0.23000000000000004,0.696078431372549,11359.0,1,1,Haberman,GHS,2,CV,1,253366
2,0.23000000000000004,0.6862745098039216,10901.0,1,1,Haberman,GHS,2,CV,1,209192
3,0.2257142857142857,0.7058823529411764,11033.0,1,1,Haberman,GHS,2,CV,1,253368
4,0.2257142857142857,0.6862745098039216,11355.0,1,1,Haberman,GHS,2,CV,1,253369
5,0.23523809523809525,0.6666666666666667,10344.0,1,1,Haberman,GHS,2,CV,1,253370
6,0.23500000000000001,0.6862745098039216,9141.0,1,1,Haberman,GHS,2,CV,1,253371
7,0.23547619047619048,0.6862745098039216,11118.0,1,1,Haberman,GHS,2,CV,1,253372
8,0.22571428571428576,0.6862745098039216,13406.0,1,1,Haberman,GHS,2,CV,1,253373
9,0.23500000000000001,0.696078431372549,11601.0,1,1,Haberman,GHS,2,CV,1,253374
10,0.23976190476190476,0.6764705882352942,11129.0,1,1,Haberman,GHS,2,CV,1,253375
11,0.23047619047619045,0.7156862745098039,11676.0,1,1,Haberman,GHS,2,CV,1,253376
12,0.23500000000000001,0.7058823529411764,10900.0,1,1,Haberman,GHS,2,CV,1,253377
13,0.23023809523809527,0.6862745098039216,11839.0,1,1,Haberman,GHS,2,CV,1,253378
14,0.22547619047619047,0.6862745098039216,8596.0,1,1,Haberman,GHS,2,CV,1,209204
15,0.23023809523809527,0.7352941176470589,11509.0,1,1,Haberman,GHS,2,CV,1,253380
16,0.23047619047619045,0.7156862745098039,11510.0,1,1,Haberman,GHS,2,CV,1,253381
17,0.22999999999999998,0.696078431372549,11383.0,1,1,Haberman,GHS,2,CV,1,253382
18,0.23023809523809527,0.696078431372549,10814.0,1,1,Haberman,GHS,2,CV,1,253383
19,0.22547619047619047,0.6764705882352942,8620.0,1,1,Haberman,GHS,2,CV,1,253384
20,0.22547619047619047,0.6666666666666667,8141.0,1,1,Haberman,GHS,2,CV,1,253385
21,0.22523809523809524,0.696078431372549,11032.0,1,1,Haberman,GHS,2,CV,1,253386
22,0.23547619047619048,0.7058823529411764,11324.0,1,1,Haberman,GHS,2,CV,1,253387
23,0.21619047619047618,0.6862745098039216,8609.0,1,1,Haberman,GHS,2,CV,1,253388
24,0.23023809523809527,0.696078431372549,11817.0,1,1,Haberman,GHS,2,CV,1,253389
25,0.23047619047619045,0.7058823529411764,10907.0,1,1,Haberman,GHS,2,CV,1,253390
26,0.22547619047619052,0.7058823529411764,8492.0,1,1,Haberman,GHS,2,CV,1,253391
27,0.23523809523809525,0.6862745098039216,8156.0,1,1,Haberman,GHS,2,CV,1,253392
28,0.23500000000000004,0.6862745098039216,9233.0,1,1,Haberman,GHS,2,CV,1,253393
29,0.23452380952380952,0.7058823529411764,8490.0,1,1,Haberman,GHS,2,CV,1,253394
30,0.24,0.696078431372549,9780.0,1,1,Haberman,GHS,2,CV,1,253395
31,0.23023809523809527,0.6764705882352942,10952.0,1,1,Haberman,GHS,2,CV,1,253396
32,0.23547619047619045,0.7058823529411764,8539.0,1,1,Haberman,GHS,2,CV,1,253397
33,0.23071428571428573,0.7156862745098039,10063.0,1,1,Haberman,GHS,2,CV,1,253398
34,0.225,0.6862745098039216,8875.0,1,1,Haberman,GHS,2,CV,1,253399