
0,0.06616816808606618,0.887590428491931,248593.0,1,1,Optdigits,GHS,2,CV,1,253645
1,0.07114540757043458,0.8809126321647189,342129.0,1,1,Optdigits,GHS,2,CV,1,253646
2,0.07061501237133132,0.8809126321647189,265484.0,1,1,Optdigits,GHS,2,CV,1,253647
3,0.06591185597309748,0.90929326655537,358429.0,1,1,Optdigits,GHS,2,CV,1,253648
4,0.06617500307574535,0.9003895381190874,269986.0,1,1,Optdigits,GHS,2,CV,1,209434
5,0.07192869738766695,0.8848080133555927,335372.0,1,1,Optdigits,GHS,2,CV,1,253650
6,0.06696171038781731,0.8937117417918754,338557.0,1,1,Optdigits,GHS,2,CV,1,253651
7,0.06880032261151287,0.9070673344462994,339488.0,1,1,Optdigits,GHS,2,CV,1,253652
8,0.07087610897707544,0.8809126321647189,358173.0,1,1,Optdigits,GHS,2,CV,1,253653
9,0.07218637649857149,0.8664440734557596,355769.0,1,1,Optdigits,GHS,2,CV,1,253654
10,0.06670061378207318,0.8853644963828603,377812.0,1,1,Optdigits,GHS,2,CV,1,253655
11,0.0711467745683704,0.889259877573734,249532.0,1,1,Optdigits,GHS,2,CV,1,253656
12,0.06748322010033764,0.904284919309961,334893.0,1,1,Optdigits,GHS,2,CV,1,253657
13,0.06983992454171395,0.904284919309961,354244.0,1,1,Optdigits,GHS,2,CV,1,253658
14,0.06382103263024072,0.8864774624373957,356104.0,1,1,Optdigits,GHS,2,CV,1,253659
15,0.0685330745150575,0.8742348358375069,289376.0,1,1,Optdigits,GHS,2,CV,1,253660
16,0.07035664976145886,0.8508625486922649,395347.0,1,1,Optdigits,GHS,2,CV,1,253661
17,0.06826582641860211,0.897607122982749,395288.0,1,1,Optdigits,GHS,2,CV,1,253662
18,0.06879280412286577,0.8814691151919867,363596.0,1,1,Optdigits,GHS,2,CV,1,253663
19,0.06879007012699409,0.889259877573734,416825.0,1,1,Optdigits,GHS,2,CV,1,253664
20,0.06695419189917022,0.8820255982192543,287311.0,1,1,Optdigits,GHS,2,CV,1,253665
21,0.06957335994422649,0.897607122982749,277880.0,1,1,Optdigits,GHS,2,CV,1,253666
22,0.0703539157655872,0.8870339454646633,291485.0,1,1,Optdigits,GHS,2,CV,1,253667
23,0.06591048897516165,0.9081803005008348,316938.0,1,1,Optdigits,GHS,2,CV,1,253668
24,0.06356061952346452,0.8836950473010573,299203.0,1,1,Optdigits,GHS,2,CV,1,253669
25,0.07166555028501907,0.8664440734557596,362706.0,1,1,Optdigits,GHS,2,CV,1,253670
26,0.07088499446365835,0.8836950473010573,364228.0,1,1,Optdigits,GHS,2,CV,1,253671
27,0.06459680395882603,0.9053978853644964,353480.0,1,1,Optdigits,GHS,2,CV,1,253672
28,0.06799926182111465,0.8775737340011129,335595.0,1,1,Optdigits,GHS,2,CV,1,253673
29,0.06617500307574535,0.8859209794101279,477871.0,1,1,Optdigits,GHS,2,CV,1,253674
30,0.06225855398958348,0.8898163606010017,266781.0,1,1,Optdigits,GHS,2,CV,1,253675
31,0.06330157341462414,0.8714524207011686,401598.0,1,1,Optdigits,GHS,2,CV,1,253676
32,0.0659084384782579,0.8703394546466333,288456.0,1,1,Optdigits,GHS,2,CV,1,253677
33,0.07009213566087516,0.8703394546466333,404322.0,1,1,Optdigits,GHS,2,CV,1,253678
34,0.06983992454171394,0.8586533110740122,402119.0,1,1,Optdigits,GHS,2,CV,1,253679