
0,0.8113250566582364,0.8211020717178992,15969.0,1,1,Sensory,GHS,2,CV,1,254135
1,0.8235445371963894,0.8008651320355913,17739.0,1,1,Sensory,GHS,2,CV,1,254136
2,0.8140140878177726,0.8265037947112738,18129.0,1,1,Sensory,GHS,2,CV,1,254137
3,0.8245598419448716,0.8344547506824708,16455.0,1,1,Sensory,GHS,2,CV,1,254138
4,0.8192919909130467,0.797346015295862,20906.0,1,1,Sensory,GHS,2,CV,1,254139
5,0.8299197548869257,0.8339100039129912,17744.0,1,1,Sensory,GHS,2,CV,1,254140
6,0.8224537625544744,0.8534071217819391,21914.0,1,1,Sensory,GHS,2,CV,1,254141
7,0.8103377869516096,0.832683688357565,16359.0,1,1,Sensory,GHS,2,CV,1,254142
8,0.807137354152804,0.7991966009240598,16652.0,1,1,Sensory,GHS,2,CV,1,254143
9,0.8213693261139265,0.7812705771743347,15859.0,1,1,Sensory,GHS,2,CV,1,254144
10,0.8164744709278832,0.8303051855281103,15704.0,1,1,Sensory,GHS,2,CV,1,254145
11,0.8252395663991242,0.8273194020412442,16905.0,1,1,Sensory,GHS,2,CV,1,254146
12,0.8142976578016935,0.8148598634300391,16141.0,1,1,Sensory,GHS,2,CV,1,254147
13,0.8034350551428762,0.8414617473744307,16398.0,1,1,Sensory,GHS,2,CV,1,209863
14,0.8202945760751911,0.8096990115674975,17770.0,1,1,Sensory,GHS,2,CV,1,254149
15,0.8232095968627139,0.8293529563657737,21996.0,1,1,Sensory,GHS,2,CV,1,254150
16,0.815044781475672,0.8371577625359311,22778.0,1,1,Sensory,GHS,2,CV,1,254151
17,0.8269016645762844,0.8418478825242525,16387.0,1,1,Sensory,GHS,2,CV,1,209867
18,0.8186374460455511,0.8366487378018119,16016.0,1,1,Sensory,GHS,2,CV,1,209868
19,0.8140734981602911,0.7825840809304695,16375.0,1,1,Sensory,GHS,2,CV,1,254154
20,0.8263988595003889,0.7961220540882675,25651.0,1,1,Sensory,GHS,2,CV,1,209870
21,0.8158244938723346,0.8186866650677084,16453.0,1,1,Sensory,GHS,2,CV,1,254156
22,0.8190440304037307,0.7733028422774575,15922.0,1,1,Sensory,GHS,2,CV,1,254157
23,0.8206502235209113,0.7768095458287688,16395.0,1,1,Sensory,GHS,2,CV,1,254158
24,0.8128072675063077,0.8188857489021324,17712.0,1,1,Sensory,GHS,2,CV,1,254159
25,0.8175289281987714,0.7683430665944755,18251.0,1,1,Sensory,GHS,2,CV,1,254160
26,0.817345058381342,0.8427571745334029,16441.0,1,1,Sensory,GHS,2,CV,1,254161
27,0.8108238157558898,0.808928685833462,15812.0,1,1,Sensory,GHS,2,CV,1,254162
28,0.8244483290825461,0.8060287941723224,15797.0,1,1,Sensory,GHS,2,CV,1,254163
29,0.8147501313054434,0.8443440303341798,16943.0,1,1,Sensory,GHS,2,CV,1,209879
30,0.8286180306565976,0.8248357296459141,16763.0,1,1,Sensory,GHS,2,CV,1,254165
31,0.8197708382679567,0.8212639103216756,17747.0,1,1,Sensory,GHS,2,CV,1,254166
32,0.8205602152967962,0.8359051675890591,20329.0,1,1,Sensory,GHS,2,CV,1,254167
33,0.8242873466240106,0.8439555777275324,16156.0,1,1,Sensory,GHS,2,CV,1,254168
34,0.8231223673060178,0.7908959443426283,16989.0,1,1,Sensory,GHS,2,CV,1,254169