
0,0.11428571428571428,0.7333333333333334,4714.0,1,1,Fertility,GHS,3,CV,1,254765
1,0.14285714285714285,0.7666666666666666,3911.0,1,1,Fertility,GHS,3,CV,1,254766
2,0.15714285714285714,0.8333333333333334,3721.0,1,1,Fertility,GHS,3,CV,1,210332
3,0.11428571428571428,0.8,4630.0,1,1,Fertility,GHS,3,CV,1,254768
4,0.1,0.7,4359.0,1,1,Fertility,GHS,3,CV,1,254769
5,0.11428571428571428,0.6666666666666667,4500.0,1,1,Fertility,GHS,3,CV,1,254770
6,0.14285714285714285,0.7,3607.0,1,1,Fertility,GHS,3,CV,1,254771
7,0.12857142857142853,0.7666666666666666,4555.0,1,1,Fertility,GHS,3,CV,1,254772
8,0.1571428571428571,0.8,4688.0,1,1,Fertility,GHS,3,CV,1,254773
9,0.1571428571428571,0.7,4599.0,1,1,Fertility,GHS,3,CV,1,254774
10,0.1571428571428571,0.7333333333333334,4686.0,1,1,Fertility,GHS,3,CV,1,254775
11,0.12857142857142856,0.6666666666666667,4596.0,1,1,Fertility,GHS,3,CV,1,254776
12,0.1571428571428571,0.7333333333333334,3875.0,1,1,Fertility,GHS,3,CV,1,254777
13,0.14285714285714285,0.6666666666666667,3893.0,1,1,Fertility,GHS,3,CV,1,254778
14,0.1571428571428571,0.7333333333333334,4506.0,1,1,Fertility,GHS,3,CV,1,254779
15,0.12857142857142856,0.7666666666666666,4758.0,1,1,Fertility,GHS,3,CV,1,254780
16,0.14285714285714285,0.8,4559.0,1,1,Fertility,GHS,3,CV,1,254781
17,0.11428571428571428,0.7666666666666666,4774.0,1,1,Fertility,GHS,3,CV,1,254782
18,0.14285714285714285,0.8333333333333334,3692.0,1,1,Fertility,GHS,3,CV,1,254783
19,0.11428571428571428,0.7666666666666666,3701.0,1,1,Fertility,GHS,3,CV,1,254784
20,0.1571428571428571,0.8333333333333334,4711.0,1,1,Fertility,GHS,3,CV,1,254785
21,0.15714285714285714,0.7666666666666666,4952.0,1,1,Fertility,GHS,3,CV,1,254786
22,0.12857142857142856,0.8333333333333334,4722.0,1,1,Fertility,GHS,3,CV,1,254787
23,0.14285714285714285,0.7,3588.0,1,1,Fertility,GHS,3,CV,1,210353
24,0.1571428571428571,0.9,4918.0,1,1,Fertility,GHS,3,CV,1,254789
25,0.1714285714285714,0.6,4765.0,1,1,Fertility,GHS,3,CV,1,254790
26,0.14285714285714285,0.7666666666666666,4699.0,1,1,Fertility,GHS,3,CV,1,254791
27,0.15714285714285714,0.9,3906.0,1,1,Fertility,GHS,3,CV,1,254792
28,0.12857142857142856,0.8333333333333334,4587.0,1,1,Fertility,GHS,3,CV,1,254793
29,0.11428571428571425,0.8333333333333334,3754.0,1,1,Fertility,GHS,3,CV,1,254794
30,0.1714285714285714,0.8,4120.0,1,1,Fertility,GHS,3,CV,1,254795
31,0.1714285714285714,0.8333333333333334,3906.0,1,1,Fertility,GHS,3,CV,1,254796
32,0.14285714285714285,0.7333333333333334,4604.0,1,1,Fertility,GHS,3,CV,1,254797
33,0.11428571428571425,0.8,4565.0,1,1,Fertility,GHS,3,CV,1,254798
34,0.1571428571428571,0.7666666666666666,4981.0,1,1,Fertility,GHS,3,CV,1,254799