
0,0.07300724637681158,0.8888888888888888,11325.0,1,1,Ionosphere,GHS,3,CV,1,254975
1,0.06431159420289854,0.9316239316239316,11828.0,1,1,Ionosphere,GHS,3,CV,1,254976
2,0.07681159420289854,0.8803418803418803,11532.0,1,1,Ionosphere,GHS,3,CV,1,254977
3,0.07318840579710144,0.8888888888888888,13583.0,1,1,Ionosphere,GHS,3,CV,1,254978
4,0.0769927536231884,0.8632478632478633,13847.0,1,1,Ionosphere,GHS,3,CV,1,254979
5,0.06865942028985507,0.8717948717948718,13555.0,1,1,Ionosphere,GHS,3,CV,1,254980
6,0.060144927536231886,0.8632478632478633,13802.0,1,1,Ionosphere,GHS,3,CV,1,254981
7,0.07318840579710144,0.8888888888888888,14259.0,1,1,Ionosphere,GHS,3,CV,1,254982
8,0.07282608695652174,0.9316239316239316,13762.0,1,1,Ionosphere,GHS,3,CV,1,254983
9,0.07246376811594203,0.8974358974358975,13969.0,1,1,Ionosphere,GHS,3,CV,1,254984
10,0.07282608695652175,0.8632478632478633,14532.0,1,1,Ionosphere,GHS,3,CV,1,254985
11,0.0681159420289855,0.8888888888888888,13576.0,1,1,Ionosphere,GHS,3,CV,1,254986
12,0.08115942028985505,0.8803418803418803,14500.0,1,1,Ionosphere,GHS,3,CV,1,254987
13,0.07681159420289856,0.905982905982906,11234.0,1,1,Ionosphere,GHS,3,CV,1,254988
14,0.06829710144927537,0.9316239316239316,13883.0,1,1,Ionosphere,GHS,3,CV,1,254989
15,0.07717391304347826,0.8461538461538461,11161.0,1,1,Ionosphere,GHS,3,CV,1,254990
16,0.08097826086956522,0.8974358974358975,13978.0,1,1,Ionosphere,GHS,3,CV,1,254991
17,0.05579710144927537,0.8888888888888888,15181.0,1,1,Ionosphere,GHS,3,CV,1,254992
18,0.08152173913043478,0.8974358974358975,14016.0,1,1,Ionosphere,GHS,3,CV,1,254993
19,0.07282608695652174,0.8888888888888888,11094.0,1,1,Ionosphere,GHS,3,CV,1,254994
20,0.07246376811594202,0.8547008547008547,12019.0,1,1,Ionosphere,GHS,3,CV,1,254995
21,0.07264492753623188,0.905982905982906,12304.0,1,1,Ionosphere,GHS,3,CV,1,254996
22,0.07228260869565216,0.905982905982906,14190.0,1,1,Ionosphere,GHS,3,CV,1,254997
23,0.06829710144927535,0.8888888888888888,13218.0,1,1,Ionosphere,GHS,3,CV,1,254998
24,0.06376811594202898,0.8974358974358975,12922.0,1,1,Ionosphere,GHS,3,CV,1,254999
25,0.07264492753623188,0.8888888888888888,13984.0,1,1,Ionosphere,GHS,3,CV,1,255000
26,0.07264492753623189,0.905982905982906,14222.0,1,1,Ionosphere,GHS,3,CV,1,255001
27,0.07699275362318839,0.9145299145299145,14320.0,1,1,Ionosphere,GHS,3,CV,1,255002
28,0.06829710144927535,0.8547008547008547,13667.0,1,1,Ionosphere,GHS,3,CV,1,255003
29,0.060144927536231886,0.8974358974358975,11039.0,1,1,Ionosphere,GHS,3,CV,1,255004
30,0.06847826086956521,0.9145299145299145,13814.0,1,1,Ionosphere,GHS,3,CV,1,255005
31,0.08079710144927535,0.8461538461538461,13819.0,1,1,Ionosphere,GHS,3,CV,1,255006
32,0.06829710144927537,0.9316239316239316,13830.0,1,1,Ionosphere,GHS,3,CV,1,255007
33,0.07264492753623188,0.8376068376068376,13634.0,1,1,Ionosphere,GHS,3,CV,1,255008
34,0.06865942028985507,0.9145299145299145,14157.0,1,1,Ionosphere,GHS,3,CV,1,255009