
0,0.820956595604328,0.7554412708489329,16004.0,1,1,Sensory,GHS,3,CV,1,255605
1,0.8165116544522883,0.8248500937072425,16375.0,1,1,Sensory,GHS,3,CV,1,255606
2,0.8253450611216737,0.8348338414113331,15996.0,1,1,Sensory,GHS,3,CV,1,255607
3,0.8215174796741932,0.7946141876134822,16964.0,1,1,Sensory,GHS,3,CV,1,211053
4,0.808377873283975,0.803444737045265,16375.0,1,1,Sensory,GHS,3,CV,1,255609
5,0.8182260914556083,0.786590540077909,15995.0,1,1,Sensory,GHS,3,CV,1,255610
6,0.822628575265871,0.7934791806696496,19880.0,1,1,Sensory,GHS,3,CV,1,255611
7,0.8078141692709071,0.8180518068472414,16206.0,1,1,Sensory,GHS,3,CV,1,211057
8,0.8158546936833684,0.7701286715513205,22442.0,1,1,Sensory,GHS,3,CV,1,255613
9,0.8265561121184982,0.829374125021741,16312.0,1,1,Sensory,GHS,3,CV,1,255614
10,0.827285466798472,0.7884845018431946,19808.0,1,1,Sensory,GHS,3,CV,1,255615
11,0.8274056792378968,0.839267077048002,19753.0,1,1,Sensory,GHS,3,CV,1,255616
12,0.8014216777360982,0.7964735915527451,18278.0,1,1,Sensory,GHS,3,CV,1,255617
13,0.814814373865927,0.8599349590266954,19872.0,1,1,Sensory,GHS,3,CV,1,255618
14,0.8267883162796623,0.7999606852647535,16401.0,1,1,Sensory,GHS,3,CV,1,211064
15,0.8143073551729646,0.830286856139938,15837.0,1,1,Sensory,GHS,3,CV,1,255620
16,0.828462437671597,0.8494474647394797,16297.0,1,1,Sensory,GHS,3,CV,1,255621
17,0.8132814929858586,0.7959171667420072,21045.0,1,1,Sensory,GHS,3,CV,1,255622
18,0.8212413955682141,0.7797780190443697,16609.0,1,1,Sensory,GHS,3,CV,1,255623
19,0.8140775251446751,0.8300147608565067,16600.0,1,1,Sensory,GHS,3,CV,1,255624
20,0.8130696194946889,0.8026884410891919,22560.0,1,1,Sensory,GHS,3,CV,1,255625
21,0.8228160832228466,0.8061302804462281,16016.0,1,1,Sensory,GHS,3,CV,1,255626
22,0.8240029659534585,0.8138334663921759,16013.0,1,1,Sensory,GHS,3,CV,1,255627
23,0.8163978568717299,0.8196909301515309,16016.0,1,1,Sensory,GHS,3,CV,1,255628
24,0.8264452125497137,0.8175064874449656,16375.0,1,1,Sensory,GHS,3,CV,1,255629
25,0.8220285304952538,0.8093402340044238,16340.0,1,1,Sensory,GHS,3,CV,1,255630
26,0.8238892673880761,0.8181725433327854,16729.0,1,1,Sensory,GHS,3,CV,1,255631
27,0.8135837413368865,0.8146533241539028,16250.0,1,1,Sensory,GHS,3,CV,1,255632
28,0.8179677080823156,0.8742618351775945,15839.0,1,1,Sensory,GHS,3,CV,1,255633
29,0.807864295249006,0.842740356036191,16219.0,1,1,Sensory,GHS,3,CV,1,255634
30,0.8022297661664244,0.816145801173585,19708.0,1,1,Sensory,GHS,3,CV,1,255635
31,0.8085496118010962,0.8296955146153695,18370.0,1,1,Sensory,GHS,3,CV,1,255636
32,0.8145549145250245,0.7845017641545832,16594.0,1,1,Sensory,GHS,3,CV,1,255637
34,0.8266545012735034,0.817567143636953,19687.0,1,1,Sensory,GHS,3,CV,1,255639
33,0.8323805124225094,0.8345888870568812,19719.0,1,1,Sensory,GHS,3,CV,1,214875