
0,0.1571428571428571,0.7,3678.0,1,1,Fertility,GHS,5,CV,1,257705
1,0.1571428571428571,0.7,5032.0,1,1,Fertility,GHS,5,CV,1,257706
2,0.1714285714285714,0.8666666666666667,4615.0,1,1,Fertility,GHS,5,CV,1,257707
3,0.11428571428571428,0.8,3947.0,1,1,Fertility,GHS,5,CV,1,257708
4,0.11428571428571428,0.7666666666666666,4677.0,1,1,Fertility,GHS,5,CV,1,257709
5,0.11428571428571428,0.6666666666666667,3790.0,1,1,Fertility,GHS,5,CV,1,257710
6,0.12857142857142856,0.5333333333333333,4518.0,1,1,Fertility,GHS,5,CV,1,257711
7,0.14285714285714285,0.8,3953.0,1,1,Fertility,GHS,5,CV,1,257712
8,0.1714285714285714,0.7333333333333334,3537.0,1,1,Fertility,GHS,5,CV,1,257713
9,0.1571428571428571,0.7666666666666666,5239.0,1,1,Fertility,GHS,5,CV,1,257714
10,0.1571428571428571,0.7,3916.0,1,1,Fertility,GHS,5,CV,1,257715
11,0.11428571428571428,0.7333333333333334,3547.0,1,1,Fertility,GHS,5,CV,1,257716
12,0.12857142857142856,0.7333333333333334,5001.0,1,1,Fertility,GHS,5,CV,1,257717
13,0.14285714285714285,0.7666666666666666,4087.0,1,1,Fertility,GHS,5,CV,1,257718
14,0.12857142857142856,0.7,5075.0,1,1,Fertility,GHS,5,CV,1,257719
15,0.1714285714285714,0.7666666666666666,4782.0,1,1,Fertility,GHS,5,CV,1,257720
16,0.1571428571428571,0.6333333333333333,4489.0,1,1,Fertility,GHS,5,CV,1,257721
17,0.1571428571428571,0.7333333333333334,4408.0,1,1,Fertility,GHS,5,CV,1,257722
18,0.1571428571428571,0.8,4016.0,1,1,Fertility,GHS,5,CV,1,257723
19,0.09999999999999998,0.8,4523.0,1,1,Fertility,GHS,5,CV,1,257724
20,0.1571428571428571,0.7333333333333334,3739.0,1,1,Fertility,GHS,5,CV,1,257725
21,0.14285714285714285,0.7666666666666666,4375.0,1,1,Fertility,GHS,5,CV,1,257726
22,0.14285714285714285,0.8,4530.0,1,1,Fertility,GHS,5,CV,1,257727
23,0.14285714285714285,0.8333333333333334,4419.0,1,1,Fertility,GHS,5,CV,1,257728
24,0.11428571428571428,0.8,5756.0,1,1,Fertility,GHS,5,CV,1,257729
25,0.12857142857142856,0.8,4435.0,1,1,Fertility,GHS,5,CV,1,257730
26,0.0857142857142857,0.8666666666666667,3483.0,1,1,Fertility,GHS,5,CV,1,257731
27,0.1571428571428571,0.8333333333333334,5691.0,1,1,Fertility,GHS,5,CV,1,257732
28,0.14285714285714285,0.7666666666666666,3733.0,1,1,Fertility,GHS,5,CV,1,257733
29,0.12857142857142856,0.7333333333333334,5378.0,1,1,Fertility,GHS,5,CV,1,257734
30,0.1571428571428571,0.8,3550.0,1,1,Fertility,GHS,5,CV,1,257735
31,0.07142857142857142,0.6333333333333333,4661.0,1,1,Fertility,GHS,5,CV,1,257736
32,0.1714285714285714,0.5666666666666667,3728.0,1,1,Fertility,GHS,5,CV,1,257737
33,0.12857142857142853,0.7333333333333334,3957.0,1,1,Fertility,GHS,5,CV,1,257738
34,0.11428571428571428,0.7333333333333334,4457.0,1,1,Fertility,GHS,5,CV,1,257739