
0,0.2950641025641026,0.7105263157894737,17226.0,1,1,Indian,GHS,5,CV,1,257880
1,0.28987179487179493,0.7105263157894737,22470.0,1,1,Indian,GHS,5,CV,1,257881
2,0.2842948717948718,0.6842105263157895,20915.0,1,1,Indian,GHS,5,CV,1,257882
3,0.28705128205128205,0.7,25500.0,1,1,Indian,GHS,5,CV,1,257883
4,0.2946794871794872,0.6736842105263158,20462.0,1,1,Indian,GHS,5,CV,1,257884
5,0.29000000000000004,0.7263157894736842,16709.0,1,1,Indian,GHS,5,CV,1,257885
6,0.2875,0.6947368421052631,22346.0,1,1,Indian,GHS,5,CV,1,257886
7,0.2897435897435897,0.7052631578947368,20513.0,1,1,Indian,GHS,5,CV,1,257887
8,0.2874358974358974,0.7157894736842105,21961.0,1,1,Indian,GHS,5,CV,1,257888
9,0.28461538461538455,0.7105263157894737,16903.0,1,1,Indian,GHS,5,CV,1,257889
10,0.2922435897435897,0.7052631578947368,22141.0,1,1,Indian,GHS,5,CV,1,257890
11,0.29224358974358977,0.6789473684210526,20448.0,1,1,Indian,GHS,5,CV,1,257891
12,0.28474358974358976,0.7,16874.0,1,1,Indian,GHS,5,CV,1,257892
13,0.2898717948717949,0.6947368421052631,26127.0,1,1,Indian,GHS,5,CV,1,257893
14,0.2898076923076923,0.7,19821.0,1,1,Indian,GHS,5,CV,1,257894
15,0.2924358974358975,0.7052631578947368,21038.0,1,1,Indian,GHS,5,CV,1,257895
16,0.28192307692307694,0.7315789473684211,21844.0,1,1,Indian,GHS,5,CV,1,257896
17,0.2898717948717949,0.736842105263158,16546.0,1,1,Indian,GHS,5,CV,1,257897
18,0.28942307692307695,0.6894736842105262,20141.0,1,1,Indian,GHS,5,CV,1,257898
19,0.28724358974358977,0.7315789473684211,21034.0,1,1,Indian,GHS,5,CV,1,212899
20,0.28724358974358977,0.7210526315789474,17447.0,1,1,Indian,GHS,5,CV,1,257900
21,0.2898717948717949,0.6894736842105262,22865.0,1,1,Indian,GHS,5,CV,1,257901
22,0.2924358974358975,0.7,15527.0,1,1,Indian,GHS,5,CV,1,257902
23,0.29250000000000004,0.7157894736842105,17093.0,1,1,Indian,GHS,5,CV,1,257903
24,0.28455128205128205,0.7052631578947368,25250.0,1,1,Indian,GHS,5,CV,1,257904
25,0.2873076923076923,0.7,20200.0,1,1,Indian,GHS,5,CV,1,257905
26,0.2924358974358975,0.7,20575.0,1,1,Indian,GHS,5,CV,1,257906
27,0.2898076923076923,0.7263157894736842,25116.0,1,1,Indian,GHS,5,CV,1,257907
28,0.2769871794871795,0.7052631578947368,19903.0,1,1,Indian,GHS,5,CV,1,257908
29,0.2849358974358975,0.7,20260.0,1,1,Indian,GHS,5,CV,1,257909
30,0.29256410256410254,0.7157894736842105,20013.0,1,1,Indian,GHS,5,CV,1,257910
31,0.2873717948717949,0.7210526315789474,20634.0,1,1,Indian,GHS,5,CV,1,257911
32,0.2923717948717949,0.7,28273.0,1,1,Indian,GHS,5,CV,1,257912
33,0.29243589743589743,0.6736842105263158,25703.0,1,1,Indian,GHS,5,CV,1,257913
34,0.28237179487179487,0.7263157894736842,25344.0,1,1,Indian,GHS,5,CV,1,257914