
0,0.23076923076923078,0.79,21015.0,1,1,Libras,GHS,5,CV,1,258020
1,0.2384615384615385,0.8200000000000001,23828.0,1,1,Libras,GHS,5,CV,1,258021
2,0.2230769230769231,0.8200000000000001,16683.0,1,1,Libras,GHS,5,CV,1,258022
3,0.2423076923076924,0.81,15515.0,1,1,Libras,GHS,5,CV,1,258023
4,0.21923076923076926,0.78,19718.0,1,1,Libras,GHS,5,CV,1,258024
5,0.2230769230769231,0.85,17049.0,1,1,Libras,GHS,5,CV,1,258025
6,0.23076923076923075,0.8200000000000001,17672.0,1,1,Libras,GHS,5,CV,1,258026
7,0.23846153846153845,0.76,15890.0,1,1,Libras,GHS,5,CV,1,258027
8,0.23846153846153845,0.78,21594.0,1,1,Libras,GHS,5,CV,1,258028
9,0.23461538461538461,0.76,19987.0,1,1,Libras,GHS,5,CV,1,258029
10,0.24230769230769234,0.84,21418.0,1,1,Libras,GHS,5,CV,1,258030
11,0.23846153846153845,0.76,20228.0,1,1,Libras,GHS,5,CV,1,258031
12,0.23076923076923078,0.83,20309.0,1,1,Libras,GHS,5,CV,1,258032
13,0.2230769230769231,0.83,20481.0,1,1,Libras,GHS,5,CV,1,258033
14,0.23846153846153845,0.79,12629.0,1,1,Libras,GHS,5,CV,1,213014
15,0.2230769230769231,0.76,20852.0,1,1,Libras,GHS,5,CV,1,258035
16,0.20384615384615384,0.81,21406.0,1,1,Libras,GHS,5,CV,1,258036
17,0.23846153846153845,0.73,15771.0,1,1,Libras,GHS,5,CV,1,258037
18,0.23846153846153845,0.77,20180.0,1,1,Libras,GHS,5,CV,1,258038
19,0.2230769230769231,0.8200000000000001,20738.0,1,1,Libras,GHS,5,CV,1,258039
20,0.23076923076923078,0.77,20509.0,1,1,Libras,GHS,5,CV,1,258040
21,0.22692307692307695,0.77,20823.0,1,1,Libras,GHS,5,CV,1,258041
22,0.22692307692307692,0.73,22037.0,1,1,Libras,GHS,5,CV,1,258042
23,0.23461538461538461,0.77,21485.0,1,1,Libras,GHS,5,CV,1,258043
24,0.2230769230769231,0.78,22139.0,1,1,Libras,GHS,5,CV,1,258044
25,0.23846153846153845,0.72,21359.0,1,1,Libras,GHS,5,CV,1,258045
26,0.23461538461538461,0.84,15946.0,1,1,Libras,GHS,5,CV,1,258046
27,0.23076923076923078,0.77,22234.0,1,1,Libras,GHS,5,CV,1,258047
28,0.2230769230769231,0.78,25647.0,1,1,Libras,GHS,5,CV,1,258048
29,0.25,0.76,17200.0,1,1,Libras,GHS,5,CV,1,258049
30,0.2230769230769231,0.77,16764.0,1,1,Libras,GHS,5,CV,1,258050
31,0.23076923076923078,0.75,16344.0,1,1,Libras,GHS,5,CV,1,258051
32,0.2384615384615385,0.81,20797.0,1,1,Libras,GHS,5,CV,1,258052
33,0.22692307692307692,0.72,17633.0,1,1,Libras,GHS,5,CV,1,258053
34,0.23076923076923078,0.81,15828.0,1,1,Libras,GHS,5,CV,1,258054