
0,0.19999999999999996,0.5161290322580645,5214.0,1,1,Zoo,GHS,5,CV,1,258405
1,0.2285714285714285,0.8387096774193549,6181.0,1,1,Zoo,GHS,5,CV,1,258406
2,0.21428571428571425,0.8064516129032258,5025.0,1,1,Zoo,GHS,5,CV,1,258407
3,0.21428571428571427,0.8709677419354839,3813.0,1,1,Zoo,GHS,5,CV,1,258408
4,0.21428571428571425,0.8064516129032258,4449.0,1,1,Zoo,GHS,5,CV,1,258409
5,0.2285714285714285,0.8387096774193549,5128.0,1,1,Zoo,GHS,5,CV,1,258410
6,0.18571428571428567,0.7096774193548387,5495.0,1,1,Zoo,GHS,5,CV,1,258411
7,0.22857142857142856,0.8064516129032258,4938.0,1,1,Zoo,GHS,5,CV,1,258412
8,0.2,0.9032258064516129,5215.0,1,1,Zoo,GHS,5,CV,1,258413
9,0.21428571428571425,0.8387096774193549,4687.0,1,1,Zoo,GHS,5,CV,1,258414
10,0.19999999999999996,0.8387096774193549,3908.0,1,1,Zoo,GHS,5,CV,1,258415
11,0.21428571428571427,0.8064516129032258,3946.0,1,1,Zoo,GHS,5,CV,1,258416
12,0.1714285714285714,0.7741935483870968,3844.0,1,1,Zoo,GHS,5,CV,1,213342
13,0.21428571428571425,0.7419354838709677,5117.0,1,1,Zoo,GHS,5,CV,1,258418
14,0.1857142857142857,0.8064516129032258,3621.0,1,1,Zoo,GHS,5,CV,1,258419
15,0.21428571428571427,0.32258064516129037,3891.0,1,1,Zoo,GHS,5,CV,1,258420
16,0.19999999999999998,0.8387096774193549,3543.0,1,1,Zoo,GHS,5,CV,1,258421
17,0.2,0.8064516129032258,5232.0,1,1,Zoo,GHS,5,CV,1,258422
18,0.2285714285714285,0.8709677419354839,4958.0,1,1,Zoo,GHS,5,CV,1,258423
19,0.1714285714285714,0.8064516129032258,4991.0,1,1,Zoo,GHS,5,CV,1,258424
20,0.2285714285714285,0.8064516129032258,4719.0,1,1,Zoo,GHS,5,CV,1,258425
21,0.2285714285714285,0.7096774193548387,6291.0,1,1,Zoo,GHS,5,CV,1,258426
22,0.22857142857142856,0.8064516129032258,4487.0,1,1,Zoo,GHS,5,CV,1,258427
23,0.21428571428571425,0.7096774193548387,4990.0,1,1,Zoo,GHS,5,CV,1,258428
24,0.2285714285714285,0.25806451612903225,4316.0,1,1,Zoo,GHS,5,CV,1,258429
25,0.2285714285714285,0.8387096774193549,4958.0,1,1,Zoo,GHS,5,CV,1,258430
26,0.19999999999999998,0.8709677419354839,5144.0,1,1,Zoo,GHS,5,CV,1,258431
27,0.21428571428571427,0.7741935483870968,5150.0,1,1,Zoo,GHS,5,CV,1,258432
28,0.1571428571428571,0.8064516129032258,4986.0,1,1,Zoo,GHS,5,CV,1,258433
29,0.12857142857142856,0.5806451612903225,3844.0,1,1,Zoo,GHS,5,CV,1,258434
30,0.2285714285714285,0.9032258064516129,5278.0,1,1,Zoo,GHS,5,CV,1,258435
31,0.19999999999999996,0.8709677419354839,3874.0,1,1,Zoo,GHS,5,CV,1,258436
32,0.18571428571428567,0.8387096774193549,3939.0,1,1,Zoo,GHS,5,CV,1,258437
33,0.24285714285714283,0.8387096774193549,4155.0,1,1,Zoo,GHS,5,CV,1,258438
34,0.21428571428571425,0.8064516129032258,4120.0,1,1,Zoo,GHS,5,CV,1,258439