
0,2111.492934252129,2993.708676253162,5140.0,1,1,AutoPrice,GHS,6,CV,1,259945
1,2192.6720972337343,6140.38727820626,5268.0,1,1,AutoPrice,GHS,6,CV,1,259946
2,2056.059955740717,3517.511774695544,7050.0,1,1,AutoPrice,GHS,6,CV,1,259947
3,2210.0643429161855,3561.1096520323454,5269.0,1,1,AutoPrice,GHS,6,CV,1,259948
4,2173.6277602805017,4025.1958537834157,5287.0,1,1,AutoPrice,GHS,6,CV,1,259949
5,2193.788581273094,6384.278877405713,5363.0,1,1,AutoPrice,GHS,6,CV,1,214595
6,2323.3894312204093,3884.0287138856274,5292.0,1,1,AutoPrice,GHS,6,CV,1,214596
7,2312.5387896900256,4336.182672405797,7141.0,1,1,AutoPrice,GHS,6,CV,1,259952
8,2185.464677895038,4120.114461919928,5273.0,1,1,AutoPrice,GHS,6,CV,1,259953
9,2178.438519964865,3769.3283926740737,7255.0,1,1,AutoPrice,GHS,6,CV,1,259954
10,2337.550867764589,3462.022994765662,5782.0,1,1,AutoPrice,GHS,6,CV,1,259955
11,1992.1387770826725,6260.3183932328,5445.0,1,1,AutoPrice,GHS,6,CV,1,259956
12,2297.624281365088,4718.145010714642,5109.0,1,1,AutoPrice,GHS,6,CV,1,214602
13,2180.324773767027,3614.788648995156,5172.0,1,1,AutoPrice,GHS,6,CV,1,259958
14,2066.906577922038,4133.422259696048,5270.0,1,1,AutoPrice,GHS,6,CV,1,259959
15,2206.3329309198175,3494.1852835412124,5779.0,1,1,AutoPrice,GHS,6,CV,1,259960
16,2229.22286432489,3960.704789689627,5254.0,1,1,AutoPrice,GHS,6,CV,1,259961
17,2172.788106718042,4137.603066644565,5252.0,1,1,AutoPrice,GHS,6,CV,1,259962
18,2328.051840360747,2702.9293557427704,5283.0,1,1,AutoPrice,GHS,6,CV,1,259963
19,2119.0804939933405,2830.197897958408,5832.0,1,1,AutoPrice,GHS,6,CV,1,259964
20,2125.100930975868,5728.289774956633,7126.0,1,1,AutoPrice,GHS,6,CV,1,259965
21,2088.8778036346275,3511.7889407940947,6968.0,1,1,AutoPrice,GHS,6,CV,1,259966
22,2310.5749651407195,3327.0074491143114,5765.0,1,1,AutoPrice,GHS,6,CV,1,259967
23,2334.107139928093,3481.55226031254,5464.0,1,1,AutoPrice,GHS,6,CV,1,259968
24,2340.993583684937,4289.170630828616,7189.0,1,1,AutoPrice,GHS,6,CV,1,259969
25,2203.5294695868834,4163.201760457755,5297.0,1,1,AutoPrice,GHS,6,CV,1,259970
26,2063.739243246832,3999.642612304925,5272.0,1,1,AutoPrice,GHS,6,CV,1,259971
27,2039.5793948642174,3608.846023181979,5243.0,1,1,AutoPrice,GHS,6,CV,1,259972
28,2289.873130749829,4011.7541900095234,5292.0,1,1,AutoPrice,GHS,6,CV,1,259973
29,2070.4801333725773,3771.3256440217897,5796.0,1,1,AutoPrice,GHS,6,CV,1,259974
31,2372.308360692137,4949.606947009029,5823.0,1,1,AutoPrice,GHS,6,CV,1,259976
32,2119.269876254163,4388.477116245866,6709.0,1,1,AutoPrice,GHS,6,CV,1,259977
33,2137.3037169255176,4032.398541752414,7034.0,1,1,AutoPrice,GHS,6,CV,1,259978
34,2152.5430298720885,6509.480222341559,6750.0,1,1,AutoPrice,GHS,6,CV,1,259979
30,2242.942741881113,4116.099661436951,5047.0,1,1,AutoPrice,GHS,6,CV,1,221953