
0,0.133596837944664,0.8660714285714286,12699.0,1,1,Ecoli,GHS,6,CV,1,259140
1,0.13794466403162056,0.8571428571428572,10063.0,1,1,Ecoli,GHS,6,CV,1,259141
2,0.12905138339920946,0.8660714285714286,12676.0,1,1,Ecoli,GHS,6,CV,1,259142
3,0.12924901185770749,0.8482142857142857,13007.0,1,1,Ecoli,GHS,6,CV,1,259143
4,0.133596837944664,0.8928571428571429,12751.0,1,1,Ecoli,GHS,6,CV,1,259144
5,0.133596837944664,0.875,12562.0,1,1,Ecoli,GHS,6,CV,1,259145
6,0.13339920948616596,0.8392857142857143,10157.0,1,1,Ecoli,GHS,6,CV,1,213906
7,0.13814229249011856,0.8571428571428572,11688.0,1,1,Ecoli,GHS,6,CV,1,259147
8,0.133596837944664,0.9107142857142857,12791.0,1,1,Ecoli,GHS,6,CV,1,259148
9,0.12450592885375493,0.8571428571428572,12875.0,1,1,Ecoli,GHS,6,CV,1,259149
10,0.133596837944664,0.8660714285714286,13331.0,1,1,Ecoli,GHS,6,CV,1,259150
11,0.13339920948616601,0.8392857142857143,13167.0,1,1,Ecoli,GHS,6,CV,1,259151
12,0.13379446640316206,0.8392857142857143,13017.0,1,1,Ecoli,GHS,6,CV,1,259152
13,0.1292490118577075,0.875,12821.0,1,1,Ecoli,GHS,6,CV,1,259153
14,0.13379446640316206,0.8571428571428572,13212.0,1,1,Ecoli,GHS,6,CV,1,259154
15,0.1292490118577075,0.875,13432.0,1,1,Ecoli,GHS,6,CV,1,259155
16,0.133596837944664,0.8660714285714286,13578.0,1,1,Ecoli,GHS,6,CV,1,259156
17,0.12924901185770749,0.8571428571428572,13209.0,1,1,Ecoli,GHS,6,CV,1,259157
18,0.13814229249011856,0.8482142857142857,13437.0,1,1,Ecoli,GHS,6,CV,1,259158
19,0.125098814229249,0.8482142857142857,12328.0,1,1,Ecoli,GHS,6,CV,1,259159
20,0.13814229249011856,0.8660714285714286,13744.0,1,1,Ecoli,GHS,6,CV,1,259160
21,0.1294466403162055,0.8482142857142857,12851.0,1,1,Ecoli,GHS,6,CV,1,259161
22,0.13754940711462446,0.8571428571428572,13194.0,1,1,Ecoli,GHS,6,CV,1,259162
23,0.1377470355731225,0.875,13830.0,1,1,Ecoli,GHS,6,CV,1,259163
24,0.1292490118577075,0.875,13575.0,1,1,Ecoli,GHS,6,CV,1,259164
25,0.133596837944664,0.8839285714285714,12734.0,1,1,Ecoli,GHS,6,CV,1,259165
26,0.13399209486166005,0.8482142857142857,13372.0,1,1,Ecoli,GHS,6,CV,1,259166
27,0.13794466403162056,0.8839285714285714,13675.0,1,1,Ecoli,GHS,6,CV,1,259167
28,0.1294466403162055,0.8571428571428572,13263.0,1,1,Ecoli,GHS,6,CV,1,259168
29,0.1379446640316205,0.8482142857142857,12984.0,1,1,Ecoli,GHS,6,CV,1,259169
30,0.12905138339920946,0.8571428571428572,11391.0,1,1,Ecoli,GHS,6,CV,1,259170
31,0.13379446640316206,0.8482142857142857,12200.0,1,1,Ecoli,GHS,6,CV,1,259171
32,0.12924901185770749,0.8571428571428572,14563.0,1,1,Ecoli,GHS,6,CV,1,259172
33,0.133596837944664,0.8660714285714286,10070.0,1,1,Ecoli,GHS,6,CV,1,259173
34,0.133596837944664,0.8660714285714286,13971.0,1,1,Ecoli,GHS,6,CV,1,259174