
0,0.316890243902439,0.6633663366336633,28845.0,1,1,Hill,GHS,6,CV,1,259315
1,0.3191463414634147,0.6782178217821782,28797.0,1,1,Hill,GHS,6,CV,1,259316
2,0.3192073170731707,0.6534653465346535,22375.0,1,1,Hill,GHS,6,CV,1,259317
3,0.3165853658536585,0.6584158415841583,29656.0,1,1,Hill,GHS,6,CV,1,259318
4,0.318780487804878,0.6782178217821782,28516.0,1,1,Hill,GHS,6,CV,1,259319
5,0.31896341463414635,0.6386138613861386,30494.0,1,1,Hill,GHS,6,CV,1,259320
6,0.31896341463414635,0.6732673267326732,22177.0,1,1,Hill,GHS,6,CV,1,259321
7,0.3215853658536585,0.6732673267326732,22523.0,1,1,Hill,GHS,6,CV,1,214057
8,0.3067073170731708,0.7029702970297029,23033.0,1,1,Hill,GHS,6,CV,1,259323
9,0.31902439024390244,0.6336633663366337,26088.0,1,1,Hill,GHS,6,CV,1,259324
10,0.3115853658536586,0.6782178217821782,26580.0,1,1,Hill,GHS,6,CV,1,259325
11,0.3214634146341463,0.6485148514851485,20790.0,1,1,Hill,GHS,6,CV,1,259326
12,0.3115853658536586,0.6881188118811881,30972.0,1,1,Hill,GHS,6,CV,1,259327
13,0.32396341463414635,0.6732673267326732,26985.0,1,1,Hill,GHS,6,CV,1,259328
14,0.3068292682926829,0.6633663366336633,27078.0,1,1,Hill,GHS,6,CV,1,259329
15,0.32652439024390245,0.6782178217821782,26361.0,1,1,Hill,GHS,6,CV,1,259330
16,0.31664634146341464,0.6831683168316831,29376.0,1,1,Hill,GHS,6,CV,1,259331
17,0.3191463414634147,0.6584158415841583,28547.0,1,1,Hill,GHS,6,CV,1,259332
18,0.32134146341463415,0.6534653465346535,27094.0,1,1,Hill,GHS,6,CV,1,214068
19,0.32408536585365855,0.6732673267326732,29478.0,1,1,Hill,GHS,6,CV,1,259334
20,0.31646341463414634,0.6732673267326732,28659.0,1,1,Hill,GHS,6,CV,1,259335
21,0.32652439024390245,0.6732673267326732,23557.0,1,1,Hill,GHS,6,CV,1,259336
22,0.32914634146341465,0.6485148514851485,29319.0,1,1,Hill,GHS,6,CV,1,259337
23,0.32164634146341464,0.6633663366336633,24153.0,1,1,Hill,GHS,6,CV,1,259338
24,0.32170731707317074,0.6683168316831682,23464.0,1,1,Hill,GHS,6,CV,1,259339
25,0.31658536585365854,0.6386138613861386,34312.0,1,1,Hill,GHS,6,CV,1,259340
26,0.3069512195121951,0.7029702970297029,20765.0,1,1,Hill,GHS,6,CV,1,259341
27,0.31408536585365854,0.6683168316831682,29490.0,1,1,Hill,GHS,6,CV,1,259342
28,0.32128048780487806,0.6782178217821782,32254.0,1,1,Hill,GHS,6,CV,1,259343
29,0.31658536585365854,0.6782178217821782,30286.0,1,1,Hill,GHS,6,CV,1,259344
30,0.32170731707317074,0.698019801980198,30553.0,1,1,Hill,GHS,6,CV,1,259345
31,0.3167073170731708,0.6782178217821782,30499.0,1,1,Hill,GHS,6,CV,1,259346
33,0.32390243902439025,0.6782178217821782,29594.0,1,1,Hill,GHS,6,CV,1,259348
34,0.3092682926829268,0.6485148514851485,30250.0,1,1,Hill,GHS,6,CV,1,259349
32,0.31164634146341463,0.6732673267326732,26672.0,1,1,Hill,GHS,6,CV,1,218895