
0,0.29500000000000004,0.7,16566.0,1,1,Indian,GHS,6,CV,1,259350
1,0.2873076923076923,0.6947368421052631,18953.0,1,1,Indian,GHS,6,CV,1,259351
2,0.29217948717948716,0.7315789473684211,20023.0,1,1,Indian,GHS,6,CV,1,259352
3,0.28737179487179493,0.7157894736842105,15487.0,1,1,Indian,GHS,6,CV,1,259353
4,0.2847435897435897,0.7105263157894737,17190.0,1,1,Indian,GHS,6,CV,1,259354
5,0.2923717948717949,0.7263157894736842,20427.0,1,1,Indian,GHS,6,CV,1,259355
6,0.2850641025641026,0.7105263157894737,20575.0,1,1,Indian,GHS,6,CV,1,259356
7,0.29211538461538467,0.7052631578947368,17658.0,1,1,Indian,GHS,6,CV,1,259357
8,0.2848076923076924,0.7105263157894737,19813.0,1,1,Indian,GHS,6,CV,1,259358
9,0.29480769230769227,0.6789473684210526,20458.0,1,1,Indian,GHS,6,CV,1,259359
10,0.2873076923076923,0.7210526315789474,16302.0,1,1,Indian,GHS,6,CV,1,259360
11,0.28211538461538466,0.6736842105263158,20542.0,1,1,Indian,GHS,6,CV,1,259361
12,0.27679487179487183,0.7052631578947368,28236.0,1,1,Indian,GHS,6,CV,1,259362
13,0.2694871794871795,0.6947368421052631,21569.0,1,1,Indian,GHS,6,CV,1,259363
14,0.2848076923076924,0.7052631578947368,20969.0,1,1,Indian,GHS,6,CV,1,259364
15,0.2873076923076924,0.7157894736842105,22333.0,1,1,Indian,GHS,6,CV,1,259365
16,0.2849358974358974,0.7263157894736842,21461.0,1,1,Indian,GHS,6,CV,1,259366
17,0.2849358974358974,0.736842105263158,21304.0,1,1,Indian,GHS,6,CV,1,259367
18,0.2898076923076923,0.6736842105263158,21871.0,1,1,Indian,GHS,6,CV,1,259368
19,0.2869871794871795,0.7105263157894737,28316.0,1,1,Indian,GHS,6,CV,1,259369
20,0.2848076923076923,0.7,17513.0,1,1,Indian,GHS,6,CV,1,259370
21,0.2923717948717949,0.7,20265.0,1,1,Indian,GHS,6,CV,1,214101
22,0.2848076923076924,0.6894736842105262,17115.0,1,1,Indian,GHS,6,CV,1,259372
23,0.2898076923076923,0.7052631578947368,20140.0,1,1,Indian,GHS,6,CV,1,259373
24,0.28717948717948716,0.7315789473684211,16550.0,1,1,Indian,GHS,6,CV,1,259374
25,0.2848717948717948,0.7210526315789474,21398.0,1,1,Indian,GHS,6,CV,1,259375
26,0.2924358974358975,0.7,14642.0,1,1,Indian,GHS,6,CV,1,259376
27,0.28974358974358977,0.6894736842105262,20504.0,1,1,Indian,GHS,6,CV,1,259377
28,0.2873717948717949,0.7421052631578947,20573.0,1,1,Indian,GHS,6,CV,1,259378
29,0.28724358974358977,0.6894736842105262,20700.0,1,1,Indian,GHS,6,CV,1,259379
30,0.2846794871794872,0.6842105263157895,15487.0,1,1,Indian,GHS,6,CV,1,259380
31,0.2873076923076923,0.7157894736842105,16930.0,1,1,Indian,GHS,6,CV,1,259381
32,0.28211538461538466,0.6947368421052631,18278.0,1,1,Indian,GHS,6,CV,1,259382
33,0.2897435897435897,0.7,20375.0,1,1,Indian,GHS,6,CV,1,259383
34,0.28237179487179487,0.7263157894736842,21299.0,1,1,Indian,GHS,6,CV,1,259384