
0,2.4025740004075407,3.4462504490369787,11636.0,1,1,AutoMpg,GHS,7,CV,1,261380
1,2.280392277606944,3.2960472759482267,15063.0,1,1,AutoMpg,GHS,7,CV,1,261381
2,2.429392947498812,3.3529309455574747,10752.0,1,1,AutoMpg,GHS,7,CV,1,261382
3,2.3238666384450153,3.7740585217692204,11451.0,1,1,AutoMpg,GHS,7,CV,1,261383
4,2.3011241325867413,3.5299456265922418,15334.0,1,1,AutoMpg,GHS,7,CV,1,261384
5,2.4583448516137185,3.212427232840924,15437.0,1,1,AutoMpg,GHS,7,CV,1,261385
6,2.386122454601001,3.380709623485131,14555.0,1,1,AutoMpg,GHS,7,CV,1,215766
7,2.3907055530025976,3.4521881262475214,11674.0,1,1,AutoMpg,GHS,7,CV,1,261387
8,2.3201711156597895,3.3569035591742526,10812.0,1,1,AutoMpg,GHS,7,CV,1,261388
9,2.4074020601020796,3.593035094167028,11477.0,1,1,AutoMpg,GHS,7,CV,1,261389
10,2.437062034262208,3.790243105122221,12484.0,1,1,AutoMpg,GHS,7,CV,1,261390
11,2.4002351384410168,3.59061182914264,11901.0,1,1,AutoMpg,GHS,7,CV,1,261391
12,2.378835401268579,3.632526433623311,12733.0,1,1,AutoMpg,GHS,7,CV,1,261392
13,2.3906962922920583,3.2744192116225364,12642.0,1,1,AutoMpg,GHS,7,CV,1,215773
14,2.3583135469740353,3.5196557291839436,11624.0,1,1,AutoMpg,GHS,7,CV,1,261394
15,2.375718459477128,3.5206252484291825,12683.0,1,1,AutoMpg,GHS,7,CV,1,261395
16,2.3557589525827103,3.5785913749247538,15327.0,1,1,AutoMpg,GHS,7,CV,1,261396
17,2.378512644608701,3.394334095655336,15360.0,1,1,AutoMpg,GHS,7,CV,1,261397
18,2.3525456120027637,3.5941563574383153,11619.0,1,1,AutoMpg,GHS,7,CV,1,215778
19,2.372928163686161,3.4607151816586397,15538.0,1,1,AutoMpg,GHS,7,CV,1,261399
20,2.3583315198564856,3.527962666866749,11642.0,1,1,AutoMpg,GHS,7,CV,1,261400
21,2.4381349133575356,3.451041639637528,10738.0,1,1,AutoMpg,GHS,7,CV,1,261401
22,2.3810953808697968,3.584475062796042,11358.0,1,1,AutoMpg,GHS,7,CV,1,261402
23,2.4105346411407083,3.554681131442364,11449.0,1,1,AutoMpg,GHS,7,CV,1,261403
24,2.3636129776117225,3.4405142499355517,11668.0,1,1,AutoMpg,GHS,7,CV,1,261404
25,2.379341695579959,3.6344576095397363,12638.0,1,1,AutoMpg,GHS,7,CV,1,261405
26,2.4341790905543146,3.309149547992014,11679.0,1,1,AutoMpg,GHS,7,CV,1,261406
27,2.3242108687235583,3.614180632829331,14484.0,1,1,AutoMpg,GHS,7,CV,1,215787
28,2.38661861331335,3.567383414128908,14215.0,1,1,AutoMpg,GHS,7,CV,1,215788
29,2.4069610036637252,3.472587620250836,12642.0,1,1,AutoMpg,GHS,7,CV,1,261409
30,2.4672207440537055,3.6073504046253575,12706.0,1,1,AutoMpg,GHS,7,CV,1,261410
31,2.3728256380137056,3.4666437459298627,14671.0,1,1,AutoMpg,GHS,7,CV,1,261411
32,2.3266803105636713,3.594191011145415,15114.0,1,1,AutoMpg,GHS,7,CV,1,261412
33,2.42901725669563,3.8767017501394374,15303.0,1,1,AutoMpg,GHS,7,CV,1,261413
34,2.30812640683164,3.3052914741098895,10733.0,1,1,AutoMpg,GHS,7,CV,1,261414