
0,2152.067583246307,3418.745176290375,6754.0,1,1,AutoPrice,GHS,7,CV,1,261415
1,2282.088192304688,3637.6138727564307,5402.0,1,1,AutoPrice,GHS,7,CV,1,261416
2,2330.3251513011983,3585.8969041639175,7062.0,1,1,AutoPrice,GHS,7,CV,1,261417
3,2108.6518517214413,3423.7334768302358,7227.0,1,1,AutoPrice,GHS,7,CV,1,261418
4,2333.98875367919,3037.0576104778147,5236.0,1,1,AutoPrice,GHS,7,CV,1,261419
5,2316.9502009349585,3854.5992615360265,5259.0,1,1,AutoPrice,GHS,7,CV,1,261420
6,2209.9011222808517,4590.424714334555,5453.0,1,1,AutoPrice,GHS,7,CV,1,261421
7,2141.8770264548634,4093.643449404687,5780.0,1,1,AutoPrice,GHS,7,CV,1,261422
8,2126.422488776636,5193.184467305165,5330.0,1,1,AutoPrice,GHS,7,CV,1,261423
9,2243.8857276464787,4011.696156070904,6886.0,1,1,AutoPrice,GHS,7,CV,1,261424
10,2246.2669689183117,3289.3108398570707,5371.0,1,1,AutoPrice,GHS,7,CV,1,261425
11,2065.9956921920357,4043.809575590467,5315.0,1,1,AutoPrice,GHS,7,CV,1,215801
12,2150.2509716124596,4161.3875262490665,5236.0,1,1,AutoPrice,GHS,7,CV,1,261427
13,2180.324773767027,3614.788648995156,5753.0,1,1,AutoPrice,GHS,7,CV,1,261428
14,2238.6831433221923,3852.849151267124,6765.0,1,1,AutoPrice,GHS,7,CV,1,261429
15,2149.2259272033107,3874.4791542744383,5893.0,1,1,AutoPrice,GHS,7,CV,1,261430
16,2221.1156131864327,4391.5384780802215,7145.0,1,1,AutoPrice,GHS,7,CV,1,261431
17,2224.7267362504926,3335.160434107806,5879.0,1,1,AutoPrice,GHS,7,CV,1,261432
18,2265.172450709487,2739.8118434421335,5243.0,1,1,AutoPrice,GHS,7,CV,1,261433
19,2390.632291266961,3652.620641593977,4954.0,1,1,AutoPrice,GHS,7,CV,1,261434
20,2232.3168061082843,5098.141610072674,5350.0,1,1,AutoPrice,GHS,7,CV,1,261435
21,2205.441756071379,4549.726166940459,5832.0,1,1,AutoPrice,GHS,7,CV,1,261436
22,2273.7791704199526,3851.0977703390445,6828.0,1,1,AutoPrice,GHS,7,CV,1,261437
23,2063.5339326068924,4836.110113686178,5419.0,1,1,AutoPrice,GHS,7,CV,1,261438
24,1999.9420218780147,2601.7647099512237,5778.0,1,1,AutoPrice,GHS,7,CV,1,261439
25,2283.705957864959,4719.272041389417,6681.0,1,1,AutoPrice,GHS,7,CV,1,261440
26,2143.841162485002,4393.557690863179,5473.0,1,1,AutoPrice,GHS,7,CV,1,215816
27,2039.5793948642174,3608.846023181979,6855.0,1,1,AutoPrice,GHS,7,CV,1,261442
28,2006.6700663332872,2853.5053944413,5923.0,1,1,AutoPrice,GHS,7,CV,1,261443
29,2097.2094100126806,5035.625682191872,7095.0,1,1,AutoPrice,GHS,7,CV,1,261444
30,2301.89153798445,4450.268224312441,4988.0,1,1,AutoPrice,GHS,7,CV,1,261445
31,2251.4665843387183,3912.2680296846074,5279.0,1,1,AutoPrice,GHS,7,CV,1,261446
32,2109.5732668754176,3342.293070094501,7032.0,1,1,AutoPrice,GHS,7,CV,1,261447
34,2306.788997113752,4626.088412382399,7175.0,1,1,AutoPrice,GHS,7,CV,1,261449
33,2101.4378341249862,3462.09804700032,6406.0,1,1,AutoPrice,GHS,7,CV,1,220313