
0,0.3042682926829269,0.6683168316831682,25743.0,1,1,Hill,GHS,7,CV,1,260785
1,0.32652439024390245,0.698019801980198,21813.0,1,1,Hill,GHS,7,CV,1,260786
2,0.31170731707317073,0.6435643564356436,34828.0,1,1,Hill,GHS,7,CV,1,260787
3,0.32140243902439025,0.6633663366336633,26937.0,1,1,Hill,GHS,7,CV,1,260788
4,0.31914634146341464,0.6782178217821782,35660.0,1,1,Hill,GHS,7,CV,1,260789
5,0.31902439024390244,0.6584158415841583,23882.0,1,1,Hill,GHS,7,CV,1,260790
6,0.31670731707317074,0.6584158415841583,23155.0,1,1,Hill,GHS,7,CV,1,260791
7,0.31164634146341463,0.6534653465346535,22083.0,1,1,Hill,GHS,7,CV,1,260792
8,0.3191463414634147,0.6881188118811881,26231.0,1,1,Hill,GHS,7,CV,1,260793
9,0.3068902439024391,0.6831683168316831,22125.0,1,1,Hill,GHS,7,CV,1,260794
10,0.31676829268292683,0.6881188118811881,21906.0,1,1,Hill,GHS,7,CV,1,260795
11,0.3239024390243902,0.6584158415841583,24734.0,1,1,Hill,GHS,7,CV,1,260796
12,0.3067073170731708,0.6485148514851485,29350.0,1,1,Hill,GHS,7,CV,1,260797
13,0.3218292682926829,0.6831683168316831,22252.0,1,1,Hill,GHS,7,CV,1,260798
14,0.31408536585365854,0.6485148514851485,30588.0,1,1,Hill,GHS,7,CV,1,260799
15,0.31170731707317073,0.6732673267326732,27938.0,1,1,Hill,GHS,7,CV,1,260800
16,0.31170731707317073,0.6683168316831682,25369.0,1,1,Hill,GHS,7,CV,1,260801
17,0.3118292682926829,0.6633663366336633,28996.0,1,1,Hill,GHS,7,CV,1,260802
18,0.32408536585365855,0.693069306930693,24735.0,1,1,Hill,GHS,7,CV,1,260803
19,0.3142682926829268,0.6584158415841583,22992.0,1,1,Hill,GHS,7,CV,1,260804
20,0.3067073170731708,0.6584158415841583,25408.0,1,1,Hill,GHS,7,CV,1,260805
21,0.31945121951219513,0.693069306930693,29610.0,1,1,Hill,GHS,7,CV,1,260806
22,0.3067073170731707,0.6831683168316831,24391.0,1,1,Hill,GHS,7,CV,1,260807
23,0.3167073170731707,0.6485148514851485,25262.0,1,1,Hill,GHS,7,CV,1,260808
24,0.3217073170731707,0.6485148514851485,31150.0,1,1,Hill,GHS,7,CV,1,260809
25,0.31658536585365854,0.6386138613861386,30094.0,1,1,Hill,GHS,7,CV,1,260810
26,0.3069512195121951,0.7029702970297029,28398.0,1,1,Hill,GHS,7,CV,1,260811
27,0.3217073170731707,0.6534653465346535,27766.0,1,1,Hill,GHS,7,CV,1,260812
28,0.31426829268292683,0.6732673267326732,28398.0,1,1,Hill,GHS,7,CV,1,260813
29,0.3166463414634146,0.6732673267326732,30464.0,1,1,Hill,GHS,7,CV,1,260814
31,0.32164634146341464,0.6732673267326732,29939.0,1,1,Hill,GHS,7,CV,1,260816
32,0.3168292682926829,0.6782178217821782,29734.0,1,1,Hill,GHS,7,CV,1,260817
33,0.32658536585365855,0.6485148514851485,30334.0,1,1,Hill,GHS,7,CV,1,260818
34,0.3092682926829268,0.6485148514851485,28481.0,1,1,Hill,GHS,7,CV,1,260819
30,0.31652439024390244,0.6732673267326732,24360.0,1,1,Hill,GHS,7,CV,1,223175