
0,3.5770936907870983,3.8766137561282674,18216.0,1,1,Housing,GHS,7,CV,1,215940
1,3.5985768949617496,4.316101807686694,19826.0,1,1,Housing,GHS,7,CV,1,261591
2,3.415526538332198,4.508407661548738,19016.0,1,1,Housing,GHS,7,CV,1,261592
3,3.701897435687082,3.924654182316955,14656.0,1,1,Housing,GHS,7,CV,1,261593
4,3.5785969991695517,4.45817772022905,15056.0,1,1,Housing,GHS,7,CV,1,261594
5,3.607251427932,4.0645525912509175,14609.0,1,1,Housing,GHS,7,CV,1,261595
6,3.529176618165981,3.9134091305142618,16107.0,1,1,Housing,GHS,7,CV,1,261596
7,3.5922402238059328,3.7511116663266444,14943.0,1,1,Housing,GHS,7,CV,1,261597
8,3.564382730590316,3.7671940332077996,18896.0,1,1,Housing,GHS,7,CV,1,261598
9,3.496622281357561,4.093776056493328,15058.0,1,1,Housing,GHS,7,CV,1,261599
10,3.5498662250894113,3.9191701077790677,13846.0,1,1,Housing,GHS,7,CV,1,261600
11,3.57498591044354,4.52855610215172,15069.0,1,1,Housing,GHS,7,CV,1,215951
12,3.4577293986832536,3.83740313971548,16440.0,1,1,Housing,GHS,7,CV,1,261602
13,3.6967834619057327,3.9175758297251457,16382.0,1,1,Housing,GHS,7,CV,1,261603
14,3.464423210295653,3.9415633968874246,18906.0,1,1,Housing,GHS,7,CV,1,261604
15,3.6434210290036484,4.085316316954787,19203.0,1,1,Housing,GHS,7,CV,1,261605
16,3.5785244209204805,4.510403654639828,20063.0,1,1,Housing,GHS,7,CV,1,261606
17,3.5459250581096007,4.68817937698586,19985.0,1,1,Housing,GHS,7,CV,1,261607
18,3.566873989827619,3.7827425117705036,14485.0,1,1,Housing,GHS,7,CV,1,261608
19,3.489363192307418,3.9648525847934537,19573.0,1,1,Housing,GHS,7,CV,1,261609
20,3.628800183109077,4.512531358208209,14736.0,1,1,Housing,GHS,7,CV,1,261610
21,3.5405288002888953,3.6675223709973026,14578.0,1,1,Housing,GHS,7,CV,1,261611
22,3.6260424682562276,4.196764487725711,15015.0,1,1,Housing,GHS,7,CV,1,261612
23,3.625582664763337,3.874091422668604,14993.0,1,1,Housing,GHS,7,CV,1,261613
24,3.6161088413546443,4.248064623267803,15993.0,1,1,Housing,GHS,7,CV,1,261614
25,3.583426980253255,4.2437827012293035,13903.0,1,1,Housing,GHS,7,CV,1,261615
26,3.5668139607190823,4.350569537833555,14710.0,1,1,Housing,GHS,7,CV,1,261616
27,3.53789148433626,4.355152910847244,16094.0,1,1,Housing,GHS,7,CV,1,261617
28,3.5863319500142703,4.3157763943086245,15007.0,1,1,Housing,GHS,7,CV,1,261618
29,3.6243195826835466,5.462253313138367,16397.0,1,1,Housing,GHS,7,CV,1,261619
30,3.2975286262434302,4.604785170915523,18797.0,1,1,Housing,GHS,7,CV,1,261620
31,3.521010865972497,4.459849146563746,16499.0,1,1,Housing,GHS,7,CV,1,261621
32,3.535301939608433,4.20274398116477,19417.0,1,1,Housing,GHS,7,CV,1,261622
33,3.657286926364724,4.800661240717561,18915.0,1,1,Housing,GHS,7,CV,1,261623