
0,0.13809523809523808,0.8200000000000001,11793.0,1,1,Vertebral2C,GHS,7,CV,1,260225
1,0.13333333333333333,0.85,12139.0,1,1,Vertebral2C,GHS,7,CV,1,260226
2,0.13809523809523808,0.78,8797.0,1,1,Vertebral2C,GHS,7,CV,1,260227
3,0.14285714285714285,0.79,9298.0,1,1,Vertebral2C,GHS,7,CV,1,260228
4,0.1333333333333333,0.84,13738.0,1,1,Vertebral2C,GHS,7,CV,1,261104
5,0.14285714285714285,0.81,9763.0,1,1,Vertebral2C,GHS,7,CV,1,260230
6,0.1380952380952381,0.8200000000000001,11564.0,1,1,Vertebral2C,GHS,7,CV,1,260231
7,0.12857142857142856,0.8200000000000001,11594.0,1,1,Vertebral2C,GHS,7,CV,1,260232
8,0.1380952380952381,0.81,9343.0,1,1,Vertebral2C,GHS,7,CV,1,260233
9,0.1380952380952381,0.78,12484.0,1,1,Vertebral2C,GHS,7,CV,1,261109
10,0.1380952380952381,0.76,11523.0,1,1,Vertebral2C,GHS,7,CV,1,260235
11,0.14285714285714285,0.8,11606.0,1,1,Vertebral2C,GHS,7,CV,1,260236
12,0.1380952380952381,0.8200000000000001,13862.0,1,1,Vertebral2C,GHS,7,CV,1,260237
13,0.13333333333333333,0.8,11364.0,1,1,Vertebral2C,GHS,7,CV,1,261113
14,0.13809523809523808,0.79,11819.0,1,1,Vertebral2C,GHS,7,CV,1,260239
15,0.1333333333333333,0.79,17777.0,1,1,Vertebral2C,GHS,7,CV,1,261115
16,0.12857142857142856,0.8,12405.0,1,1,Vertebral2C,GHS,7,CV,1,261116
17,0.14285714285714285,0.79,12278.0,1,1,Vertebral2C,GHS,7,CV,1,261117
18,0.1380952380952381,0.83,11373.0,1,1,Vertebral2C,GHS,7,CV,1,261118
19,0.13333333333333333,0.8200000000000001,15448.0,1,1,Vertebral2C,GHS,7,CV,1,260244
20,0.1380952380952381,0.83,11740.0,1,1,Vertebral2C,GHS,7,CV,1,260245
21,0.1285714285714286,0.79,11434.0,1,1,Vertebral2C,GHS,7,CV,1,260246
22,0.1380952380952381,0.77,11355.0,1,1,Vertebral2C,GHS,7,CV,1,261122
23,0.14285714285714282,0.81,11936.0,1,1,Vertebral2C,GHS,7,CV,1,260248
24,0.14285714285714285,0.79,11503.0,1,1,Vertebral2C,GHS,7,CV,1,260249
25,0.1333333333333333,0.8,11601.0,1,1,Vertebral2C,GHS,7,CV,1,260250
26,0.13333333333333336,0.83,11397.0,1,1,Vertebral2C,GHS,7,CV,1,260251
27,0.14285714285714285,0.8,8578.0,1,1,Vertebral2C,GHS,7,CV,1,260252
28,0.1380952380952381,0.79,9808.0,1,1,Vertebral2C,GHS,7,CV,1,260253
29,0.12380952380952381,0.81,11588.0,1,1,Vertebral2C,GHS,7,CV,1,260254
30,0.1285714285714286,0.81,11547.0,1,1,Vertebral2C,GHS,7,CV,1,260255
31,0.13333333333333333,0.8,11567.0,1,1,Vertebral2C,GHS,7,CV,1,260256
32,0.1380952380952381,0.81,13829.0,1,1,Vertebral2C,GHS,7,CV,1,260257
33,0.14285714285714285,0.8,11468.0,1,1,Vertebral2C,GHS,7,CV,1,260258
34,0.1333333333333333,0.83,14219.0,1,1,Vertebral2C,GHS,7,CV,1,260259