
0,0.2276164549304295,0.75,29621.0,1,1,Diabetes,GHS,8,CV,1,262045
1,0.22946158499697517,0.7552083333333334,29660.0,1,1,Diabetes,GHS,8,CV,1,262046
2,0.2327586206896551,0.765625,30280.0,1,1,Diabetes,GHS,8,CV,1,262047
3,0.22592256503327288,0.75,29996.0,1,1,Diabetes,GHS,8,CV,1,262048
4,0.2275257108287961,0.78125,28157.0,1,1,Diabetes,GHS,8,CV,1,262049
5,0.22598306110102842,0.7604166666666666,30589.0,1,1,Diabetes,GHS,8,CV,1,262050
6,0.22755595886267388,0.7708333333333334,30501.0,1,1,Diabetes,GHS,8,CV,1,262051
7,0.22583182093163945,0.7760416666666666,22890.0,1,1,Diabetes,GHS,8,CV,1,262052
8,0.21218995765275256,0.75,29137.0,1,1,Diabetes,GHS,8,CV,1,216278
9,0.2259528130671506,0.78125,25900.0,1,1,Diabetes,GHS,8,CV,1,262054
10,0.22431941923774956,0.7291666666666667,30438.0,1,1,Diabetes,GHS,8,CV,1,262055
11,0.2190260133091349,0.75,29043.0,1,1,Diabetes,GHS,8,CV,1,262056
12,0.22755595886267388,0.7604166666666666,30250.0,1,1,Diabetes,GHS,8,CV,1,262057
13,0.22583182093163945,0.7395833333333333,29608.0,1,1,Diabetes,GHS,8,CV,1,262058
14,0.22589231699939502,0.7552083333333334,29564.0,1,1,Diabetes,GHS,8,CV,1,262059
15,0.23112522686025408,0.734375,28583.0,1,1,Diabetes,GHS,8,CV,1,262060
16,0.22758620689655173,0.7552083333333334,29883.0,1,1,Diabetes,GHS,8,CV,1,262061
17,0.2310949788263763,0.7395833333333333,23760.0,1,1,Diabetes,GHS,8,CV,1,262062
18,0.22598306110102842,0.7447916666666667,29996.0,1,1,Diabetes,GHS,8,CV,1,262063
19,0.22434966727162733,0.7447916666666667,25272.0,1,1,Diabetes,GHS,8,CV,1,262064
20,0.2294010889292196,0.7552083333333334,26119.0,1,1,Diabetes,GHS,8,CV,1,262065
21,0.21896551724137936,0.765625,24137.0,1,1,Diabetes,GHS,8,CV,1,262066
22,0.22931034482758617,0.7604166666666666,23733.0,1,1,Diabetes,GHS,8,CV,1,262067
23,0.22235329703569268,0.7447916666666667,26341.0,1,1,Diabetes,GHS,8,CV,1,262068
24,0.2277374470659407,0.7395833333333333,29263.0,1,1,Diabetes,GHS,8,CV,1,262069
25,0.23115547489413188,0.7552083333333334,25203.0,1,1,Diabetes,GHS,8,CV,1,262070
26,0.2189050211736237,0.7552083333333334,22726.0,1,1,Diabetes,GHS,8,CV,1,262071
27,0.21899576527525713,0.7447916666666667,29953.0,1,1,Diabetes,GHS,8,CV,1,262072
28,0.2276164549304295,0.734375,21965.0,1,1,Diabetes,GHS,8,CV,1,262073
29,0.22422867513611613,0.7447916666666667,27656.0,1,1,Diabetes,GHS,8,CV,1,262074
31,0.22758620689655173,0.75,28740.0,1,1,Diabetes,GHS,8,CV,1,262076
32,0.2259225650332728,0.7708333333333334,26254.0,1,1,Diabetes,GHS,8,CV,1,262077
33,0.22410768300060493,0.7760416666666666,27375.0,1,1,Diabetes,GHS,8,CV,1,262078
34,0.2276467029643073,0.7604166666666666,25401.0,1,1,Diabetes,GHS,8,CV,1,262079
30,0.22407743496672716,0.7552083333333334,23985.0,1,1,Diabetes,GHS,8,CV,1,224409