
0,0.02631578947368421,0.9526315789473684,24238.0,1,1,Wdbc,GHS,8,CV,1,262710
1,0.021052631578947368,0.9578947368421052,19544.0,1,1,Wdbc,GHS,8,CV,1,262711
2,0.023684210526315787,0.9631578947368421,22634.0,1,1,Wdbc,GHS,8,CV,1,262712
3,0.02631578947368421,0.9473684210526316,22659.0,1,1,Wdbc,GHS,8,CV,1,262713
4,0.023684210526315787,0.9631578947368421,19627.0,1,1,Wdbc,GHS,8,CV,1,262714
5,0.02375533428165007,0.9473684210526316,16828.0,1,1,Wdbc,GHS,8,CV,1,262715
6,0.023684210526315787,0.9473684210526316,22517.0,1,1,Wdbc,GHS,8,CV,1,262716
7,0.02375533428165007,0.9526315789473684,17056.0,1,1,Wdbc,GHS,8,CV,1,262717
8,0.02631578947368421,0.9736842105263158,22566.0,1,1,Wdbc,GHS,8,CV,1,262718
9,0.021052631578947368,0.9578947368421052,26547.0,1,1,Wdbc,GHS,8,CV,1,262719
10,0.021052631578947368,0.9473684210526316,22407.0,1,1,Wdbc,GHS,8,CV,1,262720
11,0.02375533428165007,0.9473684210526316,16833.0,1,1,Wdbc,GHS,8,CV,1,262721
12,0.02631578947368421,0.9631578947368421,16993.0,1,1,Wdbc,GHS,8,CV,1,262722
13,0.021052631578947368,0.9631578947368421,17046.0,1,1,Wdbc,GHS,8,CV,1,262723
14,0.02631578947368421,0.9578947368421052,22336.0,1,1,Wdbc,GHS,8,CV,1,262724
15,0.023684210526315787,0.9631578947368421,20859.0,1,1,Wdbc,GHS,8,CV,1,262725
16,0.018421052631578946,0.968421052631579,19565.0,1,1,Wdbc,GHS,8,CV,1,262726
17,0.02375533428165007,0.9736842105263158,21193.0,1,1,Wdbc,GHS,8,CV,1,262727
18,0.02112375533428165,0.9736842105263158,16984.0,1,1,Wdbc,GHS,8,CV,1,262728
19,0.021052631578947368,0.9526315789473684,19735.0,1,1,Wdbc,GHS,8,CV,1,262729
20,0.021052631578947368,0.968421052631579,20922.0,1,1,Wdbc,GHS,8,CV,1,262730
21,0.02631578947368421,0.968421052631579,17047.0,1,1,Wdbc,GHS,8,CV,1,262731
22,0.02375533428165007,0.9578947368421052,22724.0,1,1,Wdbc,GHS,8,CV,1,262732
23,0.02631578947368421,0.9526315789473684,23971.0,1,1,Wdbc,GHS,8,CV,1,262733
24,0.021052631578947368,0.968421052631579,22478.0,1,1,Wdbc,GHS,8,CV,1,262734
25,0.023684210526315787,0.9421052631578948,22421.0,1,1,Wdbc,GHS,8,CV,1,262735
26,0.021052631578947368,0.9578947368421052,16703.0,1,1,Wdbc,GHS,8,CV,1,262736
27,0.026386913229018493,0.9526315789473684,22750.0,1,1,Wdbc,GHS,8,CV,1,262737
28,0.02631578947368421,0.9631578947368421,21161.0,1,1,Wdbc,GHS,8,CV,1,216868
29,0.023684210526315787,0.9315789473684211,17031.0,1,1,Wdbc,GHS,8,CV,1,216869
30,0.02631578947368421,0.9526315789473684,19793.0,1,1,Wdbc,GHS,8,CV,1,262740
31,0.023684210526315787,0.9736842105263158,21984.0,1,1,Wdbc,GHS,8,CV,1,262741
32,0.02631578947368421,0.968421052631579,20609.0,1,1,Wdbc,GHS,8,CV,1,262742
33,0.021052631578947368,0.968421052631579,16813.0,1,1,Wdbc,GHS,8,CV,1,262743
34,0.023684210526315787,0.9526315789473684,16898.0,1,1,Wdbc,GHS,8,CV,1,262744