
0,0.05000000000000001,0.915,22284.0,1,1,Chart,GHS,9,CV,1,263375
1,0.05,0.91,26685.0,1,1,Chart,GHS,9,CV,1,263376
2,0.05250000000000001,0.915,20484.0,1,1,Chart,GHS,9,CV,1,263377
3,0.0475,0.915,26156.0,1,1,Chart,GHS,9,CV,1,263378
4,0.0475,0.89,26006.0,1,1,Chart,GHS,9,CV,1,263379
5,0.0475,0.92,21150.0,1,1,Chart,GHS,9,CV,1,263380
6,0.0325,0.955,20734.0,1,1,Chart,GHS,9,CV,1,263381
7,0.04000000000000001,0.915,21671.0,1,1,Chart,GHS,9,CV,1,263382
8,0.05250000000000001,0.895,26754.0,1,1,Chart,GHS,9,CV,1,263383
9,0.052500000000000005,0.905,26318.0,1,1,Chart,GHS,9,CV,1,263384
10,0.05,0.94,23415.0,1,1,Chart,GHS,9,CV,1,263385
11,0.052500000000000005,0.885,27734.0,1,1,Chart,GHS,9,CV,1,263386
12,0.05750000000000001,0.88,18608.0,1,1,Chart,GHS,9,CV,1,263387
13,0.045000000000000005,0.91,33057.0,1,1,Chart,GHS,9,CV,1,263388
14,0.045,0.92,27583.0,1,1,Chart,GHS,9,CV,1,263389
15,0.0475,0.895,26918.0,1,1,Chart,GHS,9,CV,1,263390
16,0.05500000000000001,0.925,27005.0,1,1,Chart,GHS,9,CV,1,263391
17,0.05500000000000001,0.935,26717.0,1,1,Chart,GHS,9,CV,1,263392
18,0.0475,0.925,29047.0,1,1,Chart,GHS,9,CV,1,263393
19,0.042499999999999996,0.885,28844.0,1,1,Chart,GHS,9,CV,1,263394
20,0.0375,0.91,27536.0,1,1,Chart,GHS,9,CV,1,263395
21,0.04000000000000001,0.885,27985.0,1,1,Chart,GHS,9,CV,1,263396
22,0.045,0.91,27157.0,1,1,Chart,GHS,9,CV,1,263397
23,0.05,0.92,27407.0,1,1,Chart,GHS,9,CV,1,263398
24,0.05,0.905,25204.0,1,1,Chart,GHS,9,CV,1,263399
25,0.0475,0.925,29219.0,1,1,Chart,GHS,9,CV,1,263400
26,0.05,0.91,28809.0,1,1,Chart,GHS,9,CV,1,263401
27,0.045,0.97,27867.0,1,1,Chart,GHS,9,CV,1,263402
28,0.045000000000000005,0.89,28034.0,1,1,Chart,GHS,9,CV,1,263403
29,0.052500000000000005,0.955,22195.0,1,1,Chart,GHS,9,CV,1,263404
30,0.0375,0.925,27211.0,1,1,Chart,GHS,9,CV,1,263405
31,0.04750000000000001,0.905,28203.0,1,1,Chart,GHS,9,CV,1,263406
32,0.052500000000000005,0.89,26143.0,1,1,Chart,GHS,9,CV,1,263407
33,0.05,0.915,26024.0,1,1,Chart,GHS,9,CV,1,263408
34,0.0475,0.95,26046.0,1,1,Chart,GHS,9,CV,1,263409