
0,0.27361111111111114,0.6363636363636364,4187.0,1,1,Hayes,GHS,9,CV,1,263690
1,0.29305555555555557,0.6590909090909092,4209.0,1,1,Hayes,GHS,9,CV,1,263691
2,0.2847222222222222,0.7045454545454546,4493.0,1,1,Hayes,GHS,9,CV,1,263692
3,0.2861111111111111,0.7727272727272727,4633.0,1,1,Hayes,GHS,9,CV,1,263693
4,0.2638888888888889,0.6818181818181819,4490.0,1,1,Hayes,GHS,9,CV,1,263694
5,0.27222222222222225,0.7272727272727273,5219.0,1,1,Hayes,GHS,9,CV,1,263695
6,0.2861111111111111,0.6818181818181819,5422.0,1,1,Hayes,GHS,9,CV,1,263696
7,0.29722222222222217,0.8181818181818181,4842.0,1,1,Hayes,GHS,9,CV,1,263697
8,0.29305555555555557,0.6363636363636364,3890.0,1,1,Hayes,GHS,9,CV,1,263698
9,0.2972222222222222,0.5454545454545454,4882.0,1,1,Hayes,GHS,9,CV,1,263699
10,0.29583333333333334,0.5909090909090908,5669.0,1,1,Hayes,GHS,9,CV,1,263700
11,0.27222222222222225,0.6363636363636364,4309.0,1,1,Hayes,GHS,9,CV,1,217631
12,0.26111111111111107,0.7045454545454546,5079.0,1,1,Hayes,GHS,9,CV,1,263702
13,0.2611111111111111,0.5454545454545454,4254.0,1,1,Hayes,GHS,9,CV,1,263703
14,0.2833333333333333,0.75,5467.0,1,1,Hayes,GHS,9,CV,1,263704
15,0.2638888888888889,0.6818181818181819,5960.0,1,1,Hayes,GHS,9,CV,1,263705
16,0.275,0.6136363636363636,4599.0,1,1,Hayes,GHS,9,CV,1,263706
17,0.3,0.7272727272727273,4272.0,1,1,Hayes,GHS,9,CV,1,263707
18,0.2847222222222222,0.7272727272727273,4141.0,1,1,Hayes,GHS,9,CV,1,263708
19,0.2958333333333333,0.5909090909090908,5548.0,1,1,Hayes,GHS,9,CV,1,263709
20,0.26249999999999996,0.6590909090909092,5308.0,1,1,Hayes,GHS,9,CV,1,263710
21,0.2986111111111111,0.7272727272727273,4172.0,1,1,Hayes,GHS,9,CV,1,263711
22,0.2722222222222222,0.5909090909090908,5491.0,1,1,Hayes,GHS,9,CV,1,263712
23,0.25555555555555554,0.5681818181818181,5411.0,1,1,Hayes,GHS,9,CV,1,263713
24,0.28194444444444444,0.6590909090909092,5417.0,1,1,Hayes,GHS,9,CV,1,263714
25,0.3069444444444444,0.6590909090909092,4598.0,1,1,Hayes,GHS,9,CV,1,263715
26,0.3041666666666667,0.6818181818181819,5576.0,1,1,Hayes,GHS,9,CV,1,263716
27,0.2625,0.75,5703.0,1,1,Hayes,GHS,9,CV,1,263717
28,0.2958333333333333,0.7045454545454546,4379.0,1,1,Hayes,GHS,9,CV,1,263718
29,0.3055555555555555,0.7045454545454546,4718.0,1,1,Hayes,GHS,9,CV,1,217649
30,0.2625,0.7272727272727273,5825.0,1,1,Hayes,GHS,9,CV,1,263720
31,0.29583333333333334,0.6363636363636364,4450.0,1,1,Hayes,GHS,9,CV,1,263721
32,0.2986111111111111,0.7045454545454546,4508.0,1,1,Hayes,GHS,9,CV,1,263722
33,0.25,0.6818181818181819,4525.0,1,1,Hayes,GHS,9,CV,1,263723
34,0.25972222222222224,0.6590909090909092,4909.0,1,1,Hayes,GHS,9,CV,1,263724