
0,0.1346076458752515,0.8571428571428572,40935.0,1,1,QSARBiodegradation,GHS,9,CV,1,264145
1,0.1332595573440644,0.8428571428571429,40062.0,1,1,QSARBiodegradation,GHS,9,CV,1,264146
2,0.13748490945674047,0.8457142857142858,31594.0,1,1,QSARBiodegradation,GHS,9,CV,1,264147
3,0.13040241448692153,0.8371428571428572,56824.0,1,1,QSARBiodegradation,GHS,9,CV,1,264148
4,0.13464788732394364,0.8142857142857143,39985.0,1,1,QSARBiodegradation,GHS,9,CV,1,264149
5,0.1332394366197183,0.84,43859.0,1,1,QSARBiodegradation,GHS,9,CV,1,264150
6,0.14032193158953718,0.8342857142857143,35862.0,1,1,QSARBiodegradation,GHS,9,CV,1,264151
7,0.13327967806841043,0.84,40297.0,1,1,QSARBiodegradation,GHS,9,CV,1,264152
8,0.13742454728370224,0.8457142857142858,44585.0,1,1,QSARBiodegradation,GHS,9,CV,1,264153
9,0.13605633802816902,0.8457142857142858,43406.0,1,1,QSARBiodegradation,GHS,9,CV,1,264154
10,0.13183098591549294,0.8457142857142858,35507.0,1,1,QSARBiodegradation,GHS,9,CV,1,264155
11,0.1317102615694165,0.84,39484.0,1,1,QSARBiodegradation,GHS,9,CV,1,264156
12,0.13897384305835012,0.84,65732.0,1,1,QSARBiodegradation,GHS,9,CV,1,264157
13,0.1332595573440644,0.8285714285714285,35528.0,1,1,QSARBiodegradation,GHS,9,CV,1,264158
14,0.13468812877263583,0.8285714285714285,31500.0,1,1,QSARBiodegradation,GHS,9,CV,1,264159
15,0.13748490945674047,0.8257142857142857,42490.0,1,1,QSARBiodegradation,GHS,9,CV,1,264160
16,0.1374446680080483,0.8542857142857143,55710.0,1,1,QSARBiodegradation,GHS,9,CV,1,264161
17,0.13899396378269618,0.84,35954.0,1,1,QSARBiodegradation,GHS,9,CV,1,264162
18,0.13605633802816902,0.8571428571428572,43258.0,1,1,QSARBiodegradation,GHS,9,CV,1,264163
19,0.13470824949698187,0.8428571428571429,33242.0,1,1,QSARBiodegradation,GHS,9,CV,1,218029
20,0.13327967806841046,0.8371428571428572,41516.0,1,1,QSARBiodegradation,GHS,9,CV,1,264165
21,0.13899396378269618,0.8342857142857143,31484.0,1,1,QSARBiodegradation,GHS,9,CV,1,264166
22,0.13609657947686118,0.8342857142857143,34636.0,1,1,QSARBiodegradation,GHS,9,CV,1,264167
23,0.13754527162977864,0.84,42922.0,1,1,QSARBiodegradation,GHS,9,CV,1,264168
24,0.1403420523138833,0.8542857142857143,35832.0,1,1,QSARBiodegradation,GHS,9,CV,1,264169
25,0.1318913480885312,0.8542857142857143,35825.0,1,1,QSARBiodegradation,GHS,9,CV,1,264170
26,0.1332394366197183,0.8428571428571429,39547.0,1,1,QSARBiodegradation,GHS,9,CV,1,264171
27,0.13456740442655937,0.8514285714285714,45183.0,1,1,QSARBiodegradation,GHS,9,CV,1,264172
28,0.1388732394366197,0.8428571428571429,35325.0,1,1,QSARBiodegradation,GHS,9,CV,1,264173
29,0.1317706237424547,0.84,44364.0,1,1,QSARBiodegradation,GHS,9,CV,1,264174
30,0.13893360160965795,0.8257142857142857,31485.0,1,1,QSARBiodegradation,GHS,9,CV,1,264175
31,0.13464788732394367,0.8514285714285714,35625.0,1,1,QSARBiodegradation,GHS,9,CV,1,264176
32,0.12321931589537223,0.8628571428571429,34853.0,1,1,QSARBiodegradation,GHS,9,CV,1,264177
33,0.13895372233400405,0.8685714285714285,35582.0,1,1,QSARBiodegradation,GHS,9,CV,1,264178
34,0.14040241448692153,0.8257142857142857,43172.0,1,1,QSARBiodegradation,GHS,9,CV,1,264179