
0,0.014285714285714285,0.9571428571428572,6890.0,1,1,Seeds,GHS,9,CV,1,263970
1,0.03571428571428571,0.9428571428571428,7821.0,1,1,Seeds,GHS,9,CV,1,263971
2,0.02857142857142857,0.9857142857142858,7018.0,1,1,Seeds,GHS,9,CV,1,263972
3,0.03571428571428571,0.9857142857142858,6898.0,1,1,Seeds,GHS,9,CV,1,263973
4,0.03571428571428571,0.9714285714285714,7859.0,1,1,Seeds,GHS,9,CV,1,263974
5,0.02857142857142857,0.9714285714285714,7749.0,1,1,Seeds,GHS,9,CV,1,263975
6,0.02857142857142857,0.9428571428571428,7500.0,1,1,Seeds,GHS,9,CV,1,263976
7,0.02857142857142857,0.9571428571428572,8141.0,1,1,Seeds,GHS,9,CV,1,263977
8,0.03571428571428571,0.9285714285714286,7013.0,1,1,Seeds,GHS,9,CV,1,263978
9,0.03571428571428571,0.9571428571428572,6924.0,1,1,Seeds,GHS,9,CV,1,263979
10,0.02857142857142857,0.9571428571428572,6335.0,1,1,Seeds,GHS,9,CV,1,263980
11,0.02857142857142857,0.9714285714285714,6925.0,1,1,Seeds,GHS,9,CV,1,263981
12,0.03571428571428571,0.9571428571428572,8353.0,1,1,Seeds,GHS,9,CV,1,263982
13,0.02142857142857143,0.9571428571428572,6348.0,1,1,Seeds,GHS,9,CV,1,263983
14,0.02857142857142857,0.9285714285714286,8272.0,1,1,Seeds,GHS,9,CV,1,263984
15,0.02857142857142857,0.9428571428571428,8389.0,1,1,Seeds,GHS,9,CV,1,263985
16,0.03571428571428571,0.9571428571428572,8380.0,1,1,Seeds,GHS,9,CV,1,263986
17,0.03571428571428571,0.9714285714285714,6454.0,1,1,Seeds,GHS,9,CV,1,263987
18,0.03571428571428571,0.9142857142857143,6266.0,1,1,Seeds,GHS,9,CV,1,263988
19,0.03571428571428571,0.9571428571428572,6435.0,1,1,Seeds,GHS,9,CV,1,263989
20,0.03571428571428571,0.9571428571428572,7687.0,1,1,Seeds,GHS,9,CV,1,263990
21,0.03571428571428571,0.9714285714285714,8203.0,1,1,Seeds,GHS,9,CV,1,263991
22,0.02857142857142857,0.9714285714285714,6517.0,1,1,Seeds,GHS,9,CV,1,263992
23,0.02857142857142857,0.9571428571428572,7907.0,1,1,Seeds,GHS,9,CV,1,263993
24,0.03571428571428571,0.9428571428571428,7704.0,1,1,Seeds,GHS,9,CV,1,263994
25,0.02857142857142857,0.9714285714285714,7871.0,1,1,Seeds,GHS,9,CV,1,263995
26,0.02857142857142857,0.9571428571428572,6844.0,1,1,Seeds,GHS,9,CV,1,263996
27,0.03571428571428571,0.9428571428571428,7085.0,1,1,Seeds,GHS,9,CV,1,263997
28,0.02857142857142857,0.9428571428571428,6883.0,1,1,Seeds,GHS,9,CV,1,263998
29,0.02857142857142857,0.9714285714285714,7973.0,1,1,Seeds,GHS,9,CV,1,263999
30,0.03571428571428571,0.9571428571428572,7843.0,1,1,Seeds,GHS,9,CV,1,264000
31,0.014285714285714285,0.9714285714285714,8273.0,1,1,Seeds,GHS,9,CV,1,264001
32,0.03571428571428571,0.9428571428571428,8409.0,1,1,Seeds,GHS,9,CV,1,264002
33,0.02142857142857143,0.9571428571428572,7500.0,1,1,Seeds,GHS,9,CV,1,264003
34,0.03571428571428571,0.9857142857142858,7282.0,1,1,Seeds,GHS,9,CV,1,264004