
0,1.116650815639983,1.2497683951078138,7420.0,1,1,BodyFat,DEBin,0,CV,1,336595
1,1.1457271985472357,1.989291730206978,8028.0,1,1,BodyFat,DEBin,0,CV,1,336596
2,1.1526634215055307,1.221891941872384,7360.0,1,1,BodyFat,DEBin,0,CV,1,336597
3,1.139115604112488,1.2375341234506414,7477.0,1,1,BodyFat,DEBin,0,CV,1,336598
4,1.1601265958487583,1.7615850004128382,7389.0,1,1,BodyFat,DEBin,0,CV,1,336599
5,1.1419442081529925,1.3285319890730718,7494.0,1,1,BodyFat,DEBin,0,CV,1,336600
6,0.9179521373416041,1.353964437972428,7453.0,1,1,BodyFat,DEBin,0,CV,1,336601
7,1.2823558540533573,1.550215220780941,7391.0,1,1,BodyFat,DEBin,0,CV,1,336602
8,1.1767645711794763,1.4346761939029475,7966.0,1,1,BodyFat,DEBin,0,CV,1,336603
9,1.1322280059571643,1.2259166807720143,6735.0,1,1,BodyFat,DEBin,0,CV,1,336604
10,1.0921356925958725,1.7335912097906157,7453.0,1,1,BodyFat,DEBin,0,CV,1,336605
11,1.0899832534565745,1.064024356872595,7461.0,1,1,BodyFat,DEBin,0,CV,1,336606
12,1.1137089259076087,0.9430690298315205,7633.0,1,1,BodyFat,DEBin,0,CV,1,277182
13,0.9818859299272026,1.099570910873529,8172.0,1,1,BodyFat,DEBin,0,CV,1,336608
14,1.0645303317835588,1.1934275351754535,7159.0,1,1,BodyFat,DEBin,0,CV,1,336609
15,1.1736496726825423,1.4309148750756726,9444.0,1,1,BodyFat,DEBin,0,CV,1,277185
16,1.0904953631103829,1.4478213368741273,7409.0,1,1,BodyFat,DEBin,0,CV,1,336611
17,1.1807136189996448,1.3349320306652415,7384.0,1,1,BodyFat,DEBin,0,CV,1,336612
18,1.1338605007128773,0.9183407688645384,7392.0,1,1,BodyFat,DEBin,0,CV,1,336613
19,1.135048161632199,1.59787534689761,7343.0,1,1,BodyFat,DEBin,0,CV,1,336614
20,1.1395388100036579,1.2520846302745783,7670.0,1,1,BodyFat,DEBin,0,CV,1,277190
21,1.2059253996560098,1.293307499138429,7531.0,1,1,BodyFat,DEBin,0,CV,1,336616
22,1.1840685750023927,1.2395060565335656,7484.0,1,1,BodyFat,DEBin,0,CV,1,336617
23,1.1185324208910508,1.1343234400893394,7484.0,1,1,BodyFat,DEBin,0,CV,1,336618
24,1.0781498204794444,1.2239242318207408,7406.0,1,1,BodyFat,DEBin,0,CV,1,336619
25,1.1906875564000834,1.0566774166068393,7547.0,1,1,BodyFat,DEBin,0,CV,1,336620
26,1.1702478562740868,1.2727054644893403,7484.0,1,1,BodyFat,DEBin,0,CV,1,336621
27,1.0116549328869446,1.4248637304808371,6793.0,1,1,BodyFat,DEBin,0,CV,1,336622
28,1.1331660901810712,1.2810096310794377,7565.0,1,1,BodyFat,DEBin,0,CV,1,277198
29,1.160443178490691,1.5315697249520188,7470.0,1,1,BodyFat,DEBin,0,CV,1,336624
31,1.158851954957126,0.9808574157852846,7391.0,1,1,BodyFat,DEBin,0,CV,1,336626
32,0.9759904480496138,1.3264461144151773,7486.0,1,1,BodyFat,DEBin,0,CV,1,336627
33,1.2236765760385415,1.1643384684594196,7523.0,1,1,BodyFat,DEBin,0,CV,1,336628
34,1.1369057927690047,1.0086188960176958,7620.0,1,1,BodyFat,DEBin,0,CV,1,336629
30,1.1084024806964483,1.1226646675842227,7657.0,1,1,BodyFat,DEBin,0,CV,1,286439