
0,0.20999999999999996,0.7943548387096774,19359.0,1,1,Blood,DEBin,0,CV,1,335300
1,0.21200000000000002,0.7903225806451613,19245.0,1,1,Blood,DEBin,0,CV,1,335301
2,0.21200000000000002,0.7782258064516129,19191.0,1,1,Blood,DEBin,0,CV,1,335302
3,0.21200000000000002,0.7741935483870968,661751.0,1,1,Blood,DEBin,0,CV,1,335303
4,0.21000000000000002,0.7903225806451613,19270.0,1,1,Blood,DEBin,0,CV,1,335304
5,0.21200000000000002,0.7620967741935484,19662.0,1,1,Blood,DEBin,0,CV,1,335305
6,0.20999999999999996,0.7862903225806451,24834.0,1,1,Blood,DEBin,0,CV,1,276066
7,0.20599999999999996,0.7701612903225806,19286.0,1,1,Blood,DEBin,0,CV,1,335307
8,0.20999999999999996,0.7983870967741935,19221.0,1,1,Blood,DEBin,0,CV,1,335308
9,0.21200000000000002,0.7741935483870968,24869.0,1,1,Blood,DEBin,0,CV,1,276069
10,0.21200000000000002,0.7903225806451613,18880.0,1,1,Blood,DEBin,0,CV,1,335310
11,0.21000000000000002,0.7459677419354839,19399.0,1,1,Blood,DEBin,0,CV,1,335311
12,0.20999999999999996,0.7741935483870968,19403.0,1,1,Blood,DEBin,0,CV,1,335312
13,0.21000000000000002,0.7903225806451613,19390.0,1,1,Blood,DEBin,0,CV,1,335313
14,0.20800000000000002,0.8024193548387097,17816.0,1,1,Blood,DEBin,0,CV,1,335314
15,0.21200000000000002,0.7620967741935484,25125.0,1,1,Blood,DEBin,0,CV,1,276075
16,0.20800000000000002,0.7661290322580645,19393.0,1,1,Blood,DEBin,0,CV,1,335316
17,0.21399999999999997,0.7862903225806451,18937.0,1,1,Blood,DEBin,0,CV,1,335317
18,0.21200000000000002,0.7741935483870968,19917.0,1,1,Blood,DEBin,0,CV,1,276078
19,0.21400000000000002,0.7741935483870968,19560.0,1,1,Blood,DEBin,0,CV,1,335319
20,0.20999999999999996,0.7862903225806451,18687.0,1,1,Blood,DEBin,0,CV,1,335320
21,0.20999999999999996,0.7903225806451613,18735.0,1,1,Blood,DEBin,0,CV,1,335321
22,0.21200000000000002,0.7782258064516129,21058.0,1,1,Blood,DEBin,0,CV,1,335322
23,0.21200000000000002,0.782258064516129,18718.0,1,1,Blood,DEBin,0,CV,1,335323
24,0.21200000000000002,0.7903225806451613,18937.0,1,1,Blood,DEBin,0,CV,1,335324
25,0.21200000000000002,0.7782258064516129,19139.0,1,1,Blood,DEBin,0,CV,1,335325
26,0.20800000000000002,0.7580645161290323,18797.0,1,1,Blood,DEBin,0,CV,1,335326
27,0.21200000000000002,0.7943548387096774,21005.0,1,1,Blood,DEBin,0,CV,1,335327
28,0.21399999999999997,0.7540322580645161,17924.0,1,1,Blood,DEBin,0,CV,1,335328
29,0.21000000000000002,0.7701612903225806,21607.0,1,1,Blood,DEBin,0,CV,1,335329
30,0.21000000000000002,0.8024193548387097,21516.0,1,1,Blood,DEBin,0,CV,1,335330
31,0.20800000000000002,0.7620967741935484,18844.0,1,1,Blood,DEBin,0,CV,1,335331
32,0.21399999999999997,0.7943548387096774,18050.0,1,1,Blood,DEBin,0,CV,1,335332
33,0.21200000000000002,0.7943548387096774,18562.0,1,1,Blood,DEBin,0,CV,1,335333
34,0.21399999999999997,0.7741935483870968,18625.0,1,1,Blood,DEBin,0,CV,1,335334