
0,0.23106473079249845,0.7604166666666666,21950.0,1,1,Diabetes,DEBin,0,CV,1,335545
1,0.22755595886267393,0.7604166666666666,23068.0,1,1,Diabetes,DEBin,0,CV,1,276271
2,0.22586206896551725,0.734375,24271.0,1,1,Diabetes,DEBin,0,CV,1,335547
3,0.220659407138536,0.7395833333333333,24238.0,1,1,Diabetes,DEBin,0,CV,1,335548
4,0.22419842710223836,0.71875,28905.0,1,1,Diabetes,DEBin,0,CV,1,276274
5,0.2310949788263763,0.765625,24314.0,1,1,Diabetes,DEBin,0,CV,1,335550
6,0.21887477313974593,0.7604166666666666,36623.0,1,1,Diabetes,DEBin,0,CV,1,276276
7,0.22413793103448273,0.7447916666666667,24925.0,1,1,Diabetes,DEBin,0,CV,1,335552
8,0.220659407138536,0.7447916666666667,20727.0,1,1,Diabetes,DEBin,0,CV,1,335553
9,0.22586206896551722,0.7395833333333333,24897.0,1,1,Diabetes,DEBin,0,CV,1,335554
10,0.22943133696309742,0.7552083333333334,24458.0,1,1,Diabetes,DEBin,0,CV,1,335555
11,0.22931034482758622,0.734375,24952.0,1,1,Diabetes,DEBin,0,CV,1,335556
12,0.22601330913490622,0.75,20837.0,1,1,Diabetes,DEBin,0,CV,1,335557
13,0.22761645493042953,0.7552083333333334,21924.0,1,1,Diabetes,DEBin,0,CV,1,335558
14,0.21896551724137928,0.71875,22801.0,1,1,Diabetes,DEBin,0,CV,1,276284
15,0.22592256503327285,0.734375,21766.0,1,1,Diabetes,DEBin,0,CV,1,335560
16,0.2275257108287961,0.7239583333333333,21750.0,1,1,Diabetes,DEBin,0,CV,1,335561
17,0.22755595886267393,0.78125,22088.0,1,1,Diabetes,DEBin,0,CV,1,335562
18,0.22416817906836056,0.765625,24635.0,1,1,Diabetes,DEBin,0,CV,1,276288
19,0.22434966727162733,0.7447916666666667,22055.0,1,1,Diabetes,DEBin,0,CV,1,335564
20,0.2207199032062916,0.734375,21971.0,1,1,Diabetes,DEBin,0,CV,1,335565
21,0.22589231699939502,0.765625,23803.0,1,1,Diabetes,DEBin,0,CV,1,276291
22,0.2294010889292196,0.7552083333333334,20899.0,1,1,Diabetes,DEBin,0,CV,1,335567
23,0.22767695099818513,0.765625,22112.0,1,1,Diabetes,DEBin,0,CV,1,335568
24,0.22250453720508165,0.75,22054.0,1,1,Diabetes,DEBin,0,CV,1,335569
25,0.22589231699939502,0.7604166666666666,22078.0,1,1,Diabetes,DEBin,0,CV,1,335570
26,0.22253478523895948,0.7447916666666667,21974.0,1,1,Diabetes,DEBin,0,CV,1,335571
27,0.22583182093163945,0.7395833333333333,21641.0,1,1,Diabetes,DEBin,0,CV,1,335572
28,0.22241379310344828,0.765625,22924.0,1,1,Diabetes,DEBin,0,CV,1,276298
29,0.22256503327283728,0.7552083333333334,18300.0,1,1,Diabetes,DEBin,0,CV,1,276299
30,0.22746521476104054,0.7708333333333334,21828.0,1,1,Diabetes,DEBin,0,CV,1,335575
31,0.22928009679370837,0.7760416666666666,22078.0,1,1,Diabetes,DEBin,0,CV,1,335576
32,0.22075015124016942,0.7552083333333334,21594.0,1,1,Diabetes,DEBin,0,CV,1,335577
34,0.22586206896551725,0.734375,21656.0,1,1,Diabetes,DEBin,0,CV,1,335579
33,0.2241379310344828,0.7604166666666666,28734.0,1,1,Diabetes,DEBin,0,CV,1,277409