
0,0.4539999999999999,0.5412262156448203,38594.0,1,1,Contraceptive,DEBin,1,CV,1,336945
1,0.458,0.5369978858350951,38764.0,1,1,Contraceptive,DEBin,1,CV,1,336946
2,0.45899999999999996,0.5348837209302326,41001.0,1,1,Contraceptive,DEBin,1,CV,1,277412
3,0.44699999999999995,0.5391120507399577,38930.0,1,1,Contraceptive,DEBin,1,CV,1,336948
4,0.45099999999999996,0.5454545454545454,38785.0,1,1,Contraceptive,DEBin,1,CV,1,336949
5,0.45600000000000007,0.5433403805496828,41438.0,1,1,Contraceptive,DEBin,1,CV,1,277415
6,0.45099999999999996,0.5539112050739958,38387.0,1,1,Contraceptive,DEBin,1,CV,1,336951
7,0.4580000000000001,0.5391120507399577,38062.0,1,1,Contraceptive,DEBin,1,CV,1,336952
8,0.45299999999999996,0.5179704016913319,37256.0,1,1,Contraceptive,DEBin,1,CV,1,336953
9,0.45699999999999996,0.5539112050739958,38110.0,1,1,Contraceptive,DEBin,1,CV,1,336954
10,0.453,0.5517970401691332,42124.0,1,1,Contraceptive,DEBin,1,CV,1,277420
11,0.458,0.53276955602537,38344.0,1,1,Contraceptive,DEBin,1,CV,1,336956
12,0.45299999999999996,0.5665961945031712,38562.0,1,1,Contraceptive,DEBin,1,CV,1,336957
13,0.45100000000000007,0.5771670190274841,44051.0,1,1,Contraceptive,DEBin,1,CV,1,336958
14,0.45499999999999996,0.5517970401691332,38875.0,1,1,Contraceptive,DEBin,1,CV,1,336959
15,0.454,0.5517970401691332,40767.0,1,1,Contraceptive,DEBin,1,CV,1,277425
16,0.4549999999999999,0.5433403805496828,39011.0,1,1,Contraceptive,DEBin,1,CV,1,336961
17,0.458,0.53276955602537,37735.0,1,1,Contraceptive,DEBin,1,CV,1,336962
18,0.45699999999999996,0.53276955602537,41993.0,1,1,Contraceptive,DEBin,1,CV,1,336963
19,0.45499999999999996,0.5665961945031712,41157.0,1,1,Contraceptive,DEBin,1,CV,1,277429
20,0.457,0.5602536997885835,41676.0,1,1,Contraceptive,DEBin,1,CV,1,336965
21,0.45499999999999996,0.5496828752642706,41881.0,1,1,Contraceptive,DEBin,1,CV,1,336966
22,0.454,0.5454545454545454,42011.0,1,1,Contraceptive,DEBin,1,CV,1,336967
23,0.45999999999999996,0.5369978858350951,38974.0,1,1,Contraceptive,DEBin,1,CV,1,336968
24,0.454,0.5412262156448203,45981.0,1,1,Contraceptive,DEBin,1,CV,1,336969
25,0.4579999999999999,0.5412262156448203,50429.0,1,1,Contraceptive,DEBin,1,CV,1,277435
26,0.461,0.5095137420718816,43849.0,1,1,Contraceptive,DEBin,1,CV,1,336971
27,0.45299999999999996,0.5433403805496828,36024.0,1,1,Contraceptive,DEBin,1,CV,1,336972
28,0.44699999999999995,0.5644820295983086,36452.0,1,1,Contraceptive,DEBin,1,CV,1,336973
29,0.46099999999999997,0.5412262156448203,38738.0,1,1,Contraceptive,DEBin,1,CV,1,336974
30,0.454,0.5602536997885835,38743.0,1,1,Contraceptive,DEBin,1,CV,1,336975
31,0.45599999999999996,0.5243128964059196,38696.0,1,1,Contraceptive,DEBin,1,CV,1,336976
32,0.45099999999999996,0.5560253699788584,38756.0,1,1,Contraceptive,DEBin,1,CV,1,336977
33,0.454,0.5856236786469344,38975.0,1,1,Contraceptive,DEBin,1,CV,1,336978
34,0.45699999999999996,0.5644820295983086,38852.0,1,1,Contraceptive,DEBin,1,CV,1,336979