
0,0.3193292682926829,0.6683168316831682,21582.0,1,1,Hill,DEBin,1,CV,1,337225
1,0.32390243902439025,0.6683168316831682,21845.0,1,1,Hill,DEBin,1,CV,1,337226
2,0.31664634146341464,0.6485148514851485,22939.0,1,1,Hill,DEBin,1,CV,1,277652
3,0.3214634146341464,0.6782178217821782,21845.0,1,1,Hill,DEBin,1,CV,1,337228
4,0.32146341463414635,0.6633663366336633,21912.0,1,1,Hill,DEBin,1,CV,1,337229
5,0.3142073170731707,0.6633663366336633,21547.0,1,1,Hill,DEBin,1,CV,1,337230
6,0.3217073170731707,0.693069306930693,21406.0,1,1,Hill,DEBin,1,CV,1,337231
7,0.3217682926829269,0.6782178217821782,21612.0,1,1,Hill,DEBin,1,CV,1,337232
8,0.31658536585365854,0.6831683168316831,23581.0,1,1,Hill,DEBin,1,CV,1,337233
9,0.31164634146341463,0.6683168316831682,24795.0,1,1,Hill,DEBin,1,CV,1,337234
10,0.3193902439024391,0.693069306930693,21651.0,1,1,Hill,DEBin,1,CV,1,337235
11,0.30664634146341463,0.6831683168316831,21827.0,1,1,Hill,DEBin,1,CV,1,337236
12,0.3217682926829268,0.6782178217821782,21484.0,1,1,Hill,DEBin,1,CV,1,337237
13,0.3142682926829269,0.6831683168316831,22261.0,1,1,Hill,DEBin,1,CV,1,277663
14,0.3165243902439025,0.6881188118811881,17660.0,1,1,Hill,DEBin,1,CV,1,277664
15,0.32158536585365854,0.6732673267326732,21685.0,1,1,Hill,DEBin,1,CV,1,337240
16,0.31920731707317074,0.6683168316831682,23273.0,1,1,Hill,DEBin,1,CV,1,277666
17,0.31414634146341464,0.6386138613861386,21462.0,1,1,Hill,DEBin,1,CV,1,337242
18,0.31658536585365854,0.6732673267326732,22653.0,1,1,Hill,DEBin,1,CV,1,277668
19,0.32914634146341465,0.693069306930693,21266.0,1,1,Hill,DEBin,1,CV,1,337244
20,0.32384146341463416,0.6584158415841583,20315.0,1,1,Hill,DEBin,1,CV,1,337245
21,0.31920731707317074,0.6683168316831682,21731.0,1,1,Hill,DEBin,1,CV,1,337246
22,0.31146341463414634,0.698019801980198,26695.0,1,1,Hill,DEBin,1,CV,1,337247
23,0.31164634146341463,0.6782178217821782,21375.0,1,1,Hill,DEBin,1,CV,1,337248
24,0.3290853658536585,0.6683168316831682,21643.0,1,1,Hill,DEBin,1,CV,1,337249
25,0.28957317073170735,0.698019801980198,22480.0,1,1,Hill,DEBin,1,CV,1,277675
26,0.3069512195121951,0.7029702970297029,21516.0,1,1,Hill,DEBin,1,CV,1,337251
27,0.31932926829268293,0.6633663366336633,21637.0,1,1,Hill,DEBin,1,CV,1,337252
28,0.3094512195121951,0.7079207920792079,20443.0,1,1,Hill,DEBin,1,CV,1,337253
29,0.32164634146341464,0.6782178217821782,23667.0,1,1,Hill,DEBin,1,CV,1,337254
30,0.31670731707317074,0.698019801980198,21687.0,1,1,Hill,DEBin,1,CV,1,337255
31,0.31432926829268293,0.6782178217821782,21547.0,1,1,Hill,DEBin,1,CV,1,337256
32,0.3215853658536586,0.698019801980198,21469.0,1,1,Hill,DEBin,1,CV,1,337257
34,0.3092682926829268,0.6485148514851485,21422.0,1,1,Hill,DEBin,1,CV,1,337259
33,0.31932926829268293,0.6683168316831682,27672.0,1,1,Hill,DEBin,1,CV,1,278775