
0,0.36086956521739133,0.7272727272727273,13639.0,1,1,Leaf,DEBin,1,CV,1,337330
1,0.3695652173913043,0.7090909090909091,15292.0,1,1,Leaf,DEBin,1,CV,1,337331
2,0.36086956521739133,0.7272727272727273,15654.0,1,1,Leaf,DEBin,1,CV,1,337332
3,0.3652173913043478,0.6454545454545455,13920.0,1,1,Leaf,DEBin,1,CV,1,337333
4,0.3695652173913043,0.7181818181818183,12859.0,1,1,Leaf,DEBin,1,CV,1,337334
5,0.3652173913043477,0.6636363636363636,12951.0,1,1,Leaf,DEBin,1,CV,1,337335
6,0.36086956521739133,0.7181818181818183,12562.0,1,1,Leaf,DEBin,1,CV,1,337336
7,0.3565217391304348,0.6909090909090909,12773.0,1,1,Leaf,DEBin,1,CV,1,337337
8,0.3608695652173913,0.7181818181818183,13109.0,1,1,Leaf,DEBin,1,CV,1,337338
9,0.35217391304347817,0.7181818181818183,10334.0,1,1,Leaf,DEBin,1,CV,1,277749
10,0.3695652173913044,0.7090909090909091,12663.0,1,1,Leaf,DEBin,1,CV,1,337340
11,0.3565217391304348,0.6909090909090909,11770.0,1,1,Leaf,DEBin,1,CV,1,337341
12,0.3739130434782609,0.6909090909090909,11796.0,1,1,Leaf,DEBin,1,CV,1,337342
13,0.3565217391304348,0.7,12410.0,1,1,Leaf,DEBin,1,CV,1,337343
14,0.36086956521739133,0.6909090909090909,12443.0,1,1,Leaf,DEBin,1,CV,1,337344
15,0.3739130434782608,0.7272727272727273,11885.0,1,1,Leaf,DEBin,1,CV,1,337345
16,0.3434782608695651,0.7181818181818183,14533.0,1,1,Leaf,DEBin,1,CV,1,337346
17,0.3652173913043478,0.6818181818181819,14535.0,1,1,Leaf,DEBin,1,CV,1,337347
18,0.3608695652173912,0.6818181818181819,13145.0,1,1,Leaf,DEBin,1,CV,1,277758
19,0.3652173913043478,0.7181818181818183,13156.0,1,1,Leaf,DEBin,1,CV,1,337349
20,0.36521739130434777,0.7181818181818183,12524.0,1,1,Leaf,DEBin,1,CV,1,337350
21,0.3739130434782608,0.7272727272727273,13302.0,1,1,Leaf,DEBin,1,CV,1,277761
22,0.3782608695652173,0.7181818181818183,12484.0,1,1,Leaf,DEBin,1,CV,1,337352
23,0.3608695652173913,0.7181818181818183,12945.0,1,1,Leaf,DEBin,1,CV,1,277763
24,0.3652173913043478,0.6636363636363636,13015.0,1,1,Leaf,DEBin,1,CV,1,337354
25,0.3782608695652173,0.6818181818181819,12583.0,1,1,Leaf,DEBin,1,CV,1,337355
26,0.3695652173913043,0.7090909090909091,12547.0,1,1,Leaf,DEBin,1,CV,1,337356
27,0.3695652173913043,0.7363636363636363,12809.0,1,1,Leaf,DEBin,1,CV,1,337357
28,0.37826086956521743,0.7090909090909091,12898.0,1,1,Leaf,DEBin,1,CV,1,277768
29,0.34347826086956523,0.7272727272727273,12827.0,1,1,Leaf,DEBin,1,CV,1,337359
31,0.3739130434782609,0.6909090909090909,12428.0,1,1,Leaf,DEBin,1,CV,1,337361
33,0.3782608695652174,0.7181818181818183,12639.0,1,1,Leaf,DEBin,1,CV,1,337363
34,0.3652173913043478,0.7454545454545455,13173.0,1,1,Leaf,DEBin,1,CV,1,337364
30,0.3652173913043478,0.7,14500.0,1,1,Leaf,DEBin,1,CV,1,287658
32,0.3608695652173913,0.6818181818181819,18813.0,1,1,Leaf,DEBin,1,CV,1,278738