
0,0.12857142857142856,0.8333333333333334,3650.0,1,1,Fertility,DEBin,3,CV,1,340025
1,0.12857142857142856,0.8,3461.0,1,1,Fertility,DEBin,3,CV,1,340026
2,0.1571428571428571,0.7,4215.0,1,1,Fertility,DEBin,3,CV,1,340027
3,0.14285714285714285,0.7333333333333334,3390.0,1,1,Fertility,DEBin,3,CV,1,340028
4,0.11428571428571428,0.6666666666666667,4904.0,1,1,Fertility,DEBin,3,CV,1,279934
5,0.11428571428571428,0.6666666666666667,3391.0,1,1,Fertility,DEBin,3,CV,1,340030
6,0.12857142857142856,0.7666666666666666,3501.0,1,1,Fertility,DEBin,3,CV,1,340031
7,0.11428571428571428,0.8,3468.0,1,1,Fertility,DEBin,3,CV,1,340032
8,0.12857142857142856,0.8,3737.0,1,1,Fertility,DEBin,3,CV,1,279938
9,0.12857142857142853,0.7333333333333334,3593.0,1,1,Fertility,DEBin,3,CV,1,340034
10,0.1571428571428571,0.8333333333333334,3407.0,1,1,Fertility,DEBin,3,CV,1,340035
11,0.1571428571428571,0.6,3485.0,1,1,Fertility,DEBin,3,CV,1,340036
12,0.11428571428571428,0.7,3463.0,1,1,Fertility,DEBin,3,CV,1,340037
13,0.14285714285714285,0.9,3515.0,1,1,Fertility,DEBin,3,CV,1,340038
14,0.1571428571428571,0.7666666666666666,3502.0,1,1,Fertility,DEBin,3,CV,1,279944
15,0.15714285714285714,0.7333333333333334,4152.0,1,1,Fertility,DEBin,3,CV,1,340040
16,0.15714285714285714,0.7333333333333334,3459.0,1,1,Fertility,DEBin,3,CV,1,340041
17,0.12857142857142853,0.7333333333333334,3391.0,1,1,Fertility,DEBin,3,CV,1,340042
18,0.14285714285714285,0.7666666666666666,3414.0,1,1,Fertility,DEBin,3,CV,1,340043
19,0.14285714285714285,0.9,3435.0,1,1,Fertility,DEBin,3,CV,1,340044
20,0.11428571428571425,0.7666666666666666,3407.0,1,1,Fertility,DEBin,3,CV,1,340045
21,0.1571428571428571,0.7,3509.0,1,1,Fertility,DEBin,3,CV,1,340046
22,0.12857142857142856,0.9,3468.0,1,1,Fertility,DEBin,3,CV,1,340047
23,0.12857142857142856,0.8,3922.0,1,1,Fertility,DEBin,3,CV,1,340048
24,0.1571428571428571,0.6666666666666667,3391.0,1,1,Fertility,DEBin,3,CV,1,340049
25,0.14285714285714285,0.6333333333333333,3221.0,1,1,Fertility,DEBin,3,CV,1,340050
26,0.14285714285714285,0.7333333333333334,3422.0,1,1,Fertility,DEBin,3,CV,1,340051
27,0.1571428571428571,0.7,3266.0,1,1,Fertility,DEBin,3,CV,1,340052
28,0.08571428571428572,0.5666666666666667,3422.0,1,1,Fertility,DEBin,3,CV,1,340053
29,0.09999999999999998,0.6666666666666667,3447.0,1,1,Fertility,DEBin,3,CV,1,340054
30,0.14285714285714285,0.8,3417.0,1,1,Fertility,DEBin,3,CV,1,340055
33,0.12857142857142856,0.6666666666666667,3478.0,1,1,Fertility,DEBin,3,CV,1,340058
34,0.1571428571428571,0.8,3251.0,1,1,Fertility,DEBin,3,CV,1,340059
31,0.12857142857142856,0.7666666666666666,4487.0,1,1,Fertility,DEBin,3,CV,1,281411
32,0.12857142857142856,0.8333333333333334,4531.0,1,1,Fertility,DEBin,3,CV,1,281451