
0,0.0719266468907632,0.8580968280467446,294666.0,1,1,Optdigits,DEBin,3,CV,1,340375
1,0.06617500307574535,0.8764607679465777,293981.0,1,1,Optdigits,DEBin,3,CV,1,340376
2,0.07140103618443536,0.89259877573734,265937.0,1,1,Optdigits,DEBin,3,CV,1,340377
3,0.07244815660328353,0.8937117417918754,267111.0,1,1,Optdigits,DEBin,3,CV,1,340378
4,0.06930816234467486,0.8820255982192543,284829.0,1,1,Optdigits,DEBin,3,CV,1,340379
5,0.0685214550326029,0.897607122982749,276775.0,1,1,Optdigits,DEBin,3,CV,1,340380
6,0.06696171038781731,0.8937117417918754,263969.0,1,1,Optdigits,DEBin,3,CV,1,280236
7,0.0716703347777945,0.8920422927100724,287904.0,1,1,Optdigits,DEBin,3,CV,1,280237
8,0.07271062020696348,0.8859209794101279,260457.0,1,1,Optdigits,DEBin,3,CV,1,280238
9,0.07062048036307467,0.8820255982192543,267671.0,1,1,Optdigits,DEBin,3,CV,1,340384
10,0.06852965702021789,0.8803561491374513,265092.0,1,1,Optdigits,DEBin,3,CV,1,340385
11,0.07349459352316377,0.8547579298831386,265912.0,1,1,Optdigits,DEBin,3,CV,1,340386
12,0.070101704646426,0.8703394546466333,269701.0,1,1,Optdigits,DEBin,3,CV,1,340387
13,0.06826514291963418,0.8853644963828603,280444.0,1,1,Optdigits,DEBin,3,CV,1,340388
14,0.06696444438368898,0.8887033945464663,265493.0,1,1,Optdigits,DEBin,3,CV,1,280244
15,0.07166418328708324,0.8580968280467446,266504.0,1,1,Optdigits,DEBin,3,CV,1,340390
16,0.0669569258950419,0.8631051752921536,291305.0,1,1,Optdigits,DEBin,3,CV,1,280246
17,0.07401815373258785,0.8836950473010573,265156.0,1,1,Optdigits,DEBin,3,CV,1,340392
18,0.07244952360121935,0.894268224819143,262985.0,1,1,Optdigits,DEBin,3,CV,1,340393
19,0.07167375227263408,0.8914858096828047,266711.0,1,1,Optdigits,DEBin,3,CV,1,340394
20,0.07323691441225924,0.8747913188647747,264059.0,1,1,Optdigits,DEBin,3,CV,1,340395
21,0.06957472694216231,0.8898163606010017,267063.0,1,1,Optdigits,DEBin,3,CV,1,340396
22,0.07140787117411453,0.9003895381190874,263963.0,1,1,Optdigits,DEBin,3,CV,1,340397
23,0.07140308668133911,0.8864774624373957,268046.0,1,1,Optdigits,DEBin,3,CV,1,340398
24,0.0706184298661709,0.8820255982192543,268093.0,1,1,Optdigits,DEBin,3,CV,1,340399
25,0.06931499733435402,0.8786867000556483,268452.0,1,1,Optdigits,DEBin,3,CV,1,340400
26,0.07088499446365835,0.8836950473010573,276733.0,1,1,Optdigits,DEBin,3,CV,1,340401
27,0.06459680395882603,0.9053978853644964,278938.0,1,1,Optdigits,DEBin,3,CV,1,340402
28,0.07062389785791424,0.8848080133555927,294061.0,1,1,Optdigits,DEBin,3,CV,1,340403
29,0.07114609106940248,0.9003895381190874,293686.0,1,1,Optdigits,DEBin,3,CV,1,340404
30,0.07428130083523574,0.8603227601558152,285092.0,1,1,Optdigits,DEBin,3,CV,1,340405
31,0.07323691441225924,0.8770172509738453,286000.0,1,1,Optdigits,DEBin,3,CV,1,340406
32,0.06565417686219294,0.8708959376739009,296240.0,1,1,Optdigits,DEBin,3,CV,1,340407
33,0.07480486104465982,0.8664440734557596,667913.0,1,1,Optdigits,DEBin,3,CV,1,340408
34,0.07219457848618649,0.860879243183083,303427.0,1,1,Optdigits,DEBin,3,CV,1,340409