
0,0.19999999999999996,0.3548387096774194,3657.0,1,1,Zoo,DEBin,3,CV,1,340725
1,0.2714285714285714,0.7419354838709677,3915.0,1,1,Zoo,DEBin,3,CV,1,340726
2,0.24285714285714283,0.8387096774193549,3828.0,1,1,Zoo,DEBin,3,CV,1,340727
3,0.2,0.4193548387096774,4594.0,1,1,Zoo,DEBin,3,CV,1,280533
4,0.21428571428571427,0.7096774193548387,4450.0,1,1,Zoo,DEBin,3,CV,1,280534
5,0.2714285714285714,0.7741935483870968,3779.0,1,1,Zoo,DEBin,3,CV,1,340730
6,0.18571428571428567,0.7096774193548387,4158.0,1,1,Zoo,DEBin,3,CV,1,340731
7,0.24285714285714283,0.7096774193548387,4713.0,1,1,Zoo,DEBin,3,CV,1,280537
8,0.12857142857142856,0.7096774193548387,3669.0,1,1,Zoo,DEBin,3,CV,1,280538
9,0.1571428571428571,0.6774193548387097,4172.0,1,1,Zoo,DEBin,3,CV,1,340734
10,0.22857142857142856,0.7419354838709677,3652.0,1,1,Zoo,DEBin,3,CV,1,340735
11,0.22857142857142856,0.6451612903225806,3609.0,1,1,Zoo,DEBin,3,CV,1,340736
12,0.21428571428571427,0.7741935483870968,4531.0,1,1,Zoo,DEBin,3,CV,1,280542
13,0.21428571428571425,0.6774193548387097,4201.0,1,1,Zoo,DEBin,3,CV,1,340738
14,0.24285714285714283,0.7741935483870968,4187.0,1,1,Zoo,DEBin,3,CV,1,340739
15,0.19999999999999996,0.8064516129032258,4176.0,1,1,Zoo,DEBin,3,CV,1,340740
16,0.21428571428571425,0.8064516129032258,4465.0,1,1,Zoo,DEBin,3,CV,1,280546
17,0.21428571428571425,0.8387096774193549,3703.0,1,1,Zoo,DEBin,3,CV,1,340742
18,0.1714285714285714,0.8064516129032258,3795.0,1,1,Zoo,DEBin,3,CV,1,340743
19,0.18571428571428567,0.6451612903225806,3678.0,1,1,Zoo,DEBin,3,CV,1,280549
20,0.19999999999999998,0.5806451612903225,3672.0,1,1,Zoo,DEBin,3,CV,1,340745
21,0.21428571428571427,0.8064516129032258,3656.0,1,1,Zoo,DEBin,3,CV,1,340746
22,0.22857142857142856,0.8064516129032258,3698.0,1,1,Zoo,DEBin,3,CV,1,340747
23,0.21428571428571427,0.5483870967741935,3891.0,1,1,Zoo,DEBin,3,CV,1,340748
24,0.22857142857142856,0.5161290322580645,4159.0,1,1,Zoo,DEBin,3,CV,1,340749
25,0.2285714285714285,0.8064516129032258,3694.0,1,1,Zoo,DEBin,3,CV,1,340750
26,0.24285714285714283,0.7096774193548387,3761.0,1,1,Zoo,DEBin,3,CV,1,340751
27,0.2571428571428571,0.7419354838709677,3682.0,1,1,Zoo,DEBin,3,CV,1,340752
28,0.19999999999999998,0.19354838709677424,4175.0,1,1,Zoo,DEBin,3,CV,1,340753
29,0.25714285714285706,0.6129032258064516,3703.0,1,1,Zoo,DEBin,3,CV,1,340754
30,0.21428571428571425,0.032258064516129004,3750.0,1,1,Zoo,DEBin,3,CV,1,340755
32,0.1857142857142857,0.8387096774193549,3705.0,1,1,Zoo,DEBin,3,CV,1,340757
33,0.21428571428571427,0.7741935483870968,3816.0,1,1,Zoo,DEBin,3,CV,1,340758
34,0.19999999999999996,0.5806451612903225,3734.0,1,1,Zoo,DEBin,3,CV,1,340759
31,0.2571428571428571,0.6774193548387097,4484.0,1,1,Zoo,DEBin,3,CV,1,281431