
0,1.2109985983732847,1.6311912657431902,7390.0,1,1,BodyFat,DEBin,4,CV,1,342475
1,1.2427820232376572,1.287108352830241,7922.0,1,1,BodyFat,DEBin,4,CV,1,342476
2,1.1143349335779391,1.2622982977756618,6668.0,1,1,BodyFat,DEBin,4,CV,1,342477
3,1.1417916545493805,1.2398311277729042,7578.0,1,1,BodyFat,DEBin,4,CV,1,342478
4,1.1626484786115043,1.1730191750691523,7281.0,1,1,BodyFat,DEBin,4,CV,1,342479
5,1.217630719294886,1.4652425188149332,7406.0,1,1,BodyFat,DEBin,4,CV,1,342480
6,1.1076847498942446,1.195930807120258,6875.0,1,1,BodyFat,DEBin,4,CV,1,342481
7,1.1509004137522374,1.2160487361739614,7437.0,1,1,BodyFat,DEBin,4,CV,1,342482
8,1.0418664505145594,1.201794900585544,7359.0,1,1,BodyFat,DEBin,4,CV,1,342483
9,1.1721772792529266,1.2949005598182834,7628.0,1,1,BodyFat,DEBin,4,CV,1,342484
10,1.1619597167257476,1.3128759852028813,18733.0,1,1,BodyFat,DEBin,4,CV,1,342485
11,1.2229557904844803,1.1385285053353689,7484.0,1,1,BodyFat,DEBin,4,CV,1,342486
12,1.1137089259076087,0.9430690298315205,7568.0,1,1,BodyFat,DEBin,4,CV,1,281982
13,1.1455981435269842,1.2937086526983765,8270.0,1,1,BodyFat,DEBin,4,CV,1,342488
14,1.2086800996052312,1.1482212544961878,7506.0,1,1,BodyFat,DEBin,4,CV,1,342489
15,1.1523354373275148,0.8894877407383524,6962.0,1,1,BodyFat,DEBin,4,CV,1,342490
16,1.0629565510609986,2.413909599924602,6992.0,1,1,BodyFat,DEBin,4,CV,1,342491
17,1.1234487505003763,1.1378288872095514,7514.0,1,1,BodyFat,DEBin,4,CV,1,342492
18,0.9965763346705989,1.3322848835517134,8422.0,1,1,BodyFat,DEBin,4,CV,1,342493
19,1.1390109029088005,1.4600530738639876,7060.0,1,1,BodyFat,DEBin,4,CV,1,342494
20,1.1875581492319482,1.4957062732262019,7494.0,1,1,BodyFat,DEBin,4,CV,1,342495
21,1.0611137473784984,1.7533089805441502,7540.0,1,1,BodyFat,DEBin,4,CV,1,342496
22,1.193516065255692,1.6372949930813208,7360.0,1,1,BodyFat,DEBin,4,CV,1,342497
23,1.1575125293544946,1.8751404104925524,7252.0,1,1,BodyFat,DEBin,4,CV,1,342498
24,1.1821811032364973,1.307297934276011,8254.0,1,1,BodyFat,DEBin,4,CV,1,342499
25,1.106964223259292,1.002341279418235,7579.0,1,1,BodyFat,DEBin,4,CV,1,281995
26,1.0651697247552323,2.8487912459694997,7313.0,1,1,BodyFat,DEBin,4,CV,1,342501
27,1.159366693829941,1.2925985217348532,7439.0,1,1,BodyFat,DEBin,4,CV,1,342502
28,1.131839100140894,2.3620160588452244,7510.0,1,1,BodyFat,DEBin,4,CV,1,342503
29,1.1955767362305163,1.5586436956105727,7010.0,1,1,BodyFat,DEBin,4,CV,1,342504
31,1.0852529932236654,1.840243544828399,7250.0,1,1,BodyFat,DEBin,4,CV,1,342506
32,1.147162275781403,1.3484507443923592,8127.0,1,1,BodyFat,DEBin,4,CV,1,342507
33,1.127039068175223,1.3919084416560354,7554.0,1,1,BodyFat,DEBin,4,CV,1,342508
34,1.108957307989657,1.4050318641723731,7359.0,1,1,BodyFat,DEBin,4,CV,1,342509
30,1.1923502534080148,1.5925930031309907,7578.0,1,1,BodyFat,DEBin,4,CV,1,291399