
0,0.21200000000000002,0.7862903225806451,21082.0,1,1,Blood,DEBin,4,CV,1,341180
1,0.21399999999999997,0.7903225806451613,24672.0,1,1,Blood,DEBin,4,CV,1,341181
2,0.21200000000000002,0.7741935483870968,20230.0,1,1,Blood,DEBin,4,CV,1,280862
3,0.20999999999999996,0.7741935483870968,21688.0,1,1,Blood,DEBin,4,CV,1,341183
4,0.21200000000000002,0.7862903225806451,19016.0,1,1,Blood,DEBin,4,CV,1,280864
5,0.20800000000000002,0.7782258064516129,20991.0,1,1,Blood,DEBin,4,CV,1,341185
6,0.21200000000000002,0.782258064516129,19229.0,1,1,Blood,DEBin,4,CV,1,280866
7,0.21200000000000002,0.7903225806451613,18984.0,1,1,Blood,DEBin,4,CV,1,341187
8,0.21200000000000002,0.7862903225806451,19717.0,1,1,Blood,DEBin,4,CV,1,280868
9,0.21600000000000003,0.7903225806451613,24933.0,1,1,Blood,DEBin,4,CV,1,341189
10,0.21200000000000002,0.7741935483870968,19555.0,1,1,Blood,DEBin,4,CV,1,341190
11,0.21200000000000002,0.8024193548387097,19320.0,1,1,Blood,DEBin,4,CV,1,341191
12,0.20800000000000002,0.7862903225806451,21094.0,1,1,Blood,DEBin,4,CV,1,341192
13,0.20800000000000002,0.7782258064516129,21536.0,1,1,Blood,DEBin,4,CV,1,341193
14,0.21399999999999997,0.7661290322580645,24711.0,1,1,Blood,DEBin,4,CV,1,280874
15,0.21200000000000002,0.782258064516129,17816.0,1,1,Blood,DEBin,4,CV,1,341195
16,0.20999999999999996,0.7903225806451613,18156.0,1,1,Blood,DEBin,4,CV,1,341196
17,0.20999999999999996,0.782258064516129,17965.0,1,1,Blood,DEBin,4,CV,1,341197
18,0.20999999999999996,0.782258064516129,19016.0,1,1,Blood,DEBin,4,CV,1,341198
19,0.21200000000000002,0.7862903225806451,18322.0,1,1,Blood,DEBin,4,CV,1,341199
20,0.21399999999999997,0.7661290322580645,19140.0,1,1,Blood,DEBin,4,CV,1,341200
21,0.21000000000000002,0.7741935483870968,17990.0,1,1,Blood,DEBin,4,CV,1,341201
22,0.21399999999999997,0.7782258064516129,20931.0,1,1,Blood,DEBin,4,CV,1,280882
23,0.21399999999999997,0.7661290322580645,21538.0,1,1,Blood,DEBin,4,CV,1,341203
24,0.20999999999999996,0.7701612903225806,19156.0,1,1,Blood,DEBin,4,CV,1,341204
25,0.21200000000000002,0.782258064516129,19005.0,1,1,Blood,DEBin,4,CV,1,341205
26,0.20800000000000002,0.782258064516129,21287.0,1,1,Blood,DEBin,4,CV,1,280886
27,0.21399999999999997,0.7782258064516129,19000.0,1,1,Blood,DEBin,4,CV,1,341207
28,0.20400000000000001,0.7540322580645161,19598.0,1,1,Blood,DEBin,4,CV,1,341208
29,0.21200000000000002,0.7903225806451613,18198.0,1,1,Blood,DEBin,4,CV,1,341209
30,0.21200000000000002,0.7620967741935484,19109.0,1,1,Blood,DEBin,4,CV,1,341210
31,0.20800000000000002,0.7620967741935484,20253.0,1,1,Blood,DEBin,4,CV,1,341211
32,0.21200000000000002,0.7782258064516129,19240.0,1,1,Blood,DEBin,4,CV,1,341212
33,0.21399999999999997,0.7903225806451613,19467.0,1,1,Blood,DEBin,4,CV,1,341213
34,0.20999999999999996,0.7741935483870968,19388.0,1,1,Blood,DEBin,4,CV,1,341214