
0,0.454,0.5454545454545454,39184.0,1,1,Contraceptive,DEBin,4,CV,1,341355
1,0.458,0.5116279069767442,38468.0,1,1,Contraceptive,DEBin,4,CV,1,341356
2,0.4590000000000001,0.547568710359408,38297.0,1,1,Contraceptive,DEBin,4,CV,1,341357
3,0.457,0.5708245243128964,49701.0,1,1,Contraceptive,DEBin,4,CV,1,341358
4,0.45099999999999996,0.5454545454545454,43857.0,1,1,Contraceptive,DEBin,4,CV,1,341359
5,0.449,0.522198731501057,37781.0,1,1,Contraceptive,DEBin,4,CV,1,341360
6,0.45499999999999996,0.5496828752642706,39432.0,1,1,Contraceptive,DEBin,4,CV,1,281016
7,0.442,0.5560253699788584,41362.0,1,1,Contraceptive,DEBin,4,CV,1,281017
8,0.449,0.5539112050739958,37473.0,1,1,Contraceptive,DEBin,4,CV,1,341363
9,0.461,0.5560253699788584,37078.0,1,1,Contraceptive,DEBin,4,CV,1,341364
10,0.454,0.5602536997885835,36479.0,1,1,Contraceptive,DEBin,4,CV,1,341365
11,0.454,0.5496828752642706,38172.0,1,1,Contraceptive,DEBin,4,CV,1,341366
12,0.45899999999999996,0.5369978858350951,38516.0,1,1,Contraceptive,DEBin,4,CV,1,341367
13,0.45499999999999996,0.5433403805496828,40099.0,1,1,Contraceptive,DEBin,4,CV,1,281023
14,0.45499999999999996,0.5665961945031712,50759.0,1,1,Contraceptive,DEBin,4,CV,1,281024
15,0.4539999999999999,0.562367864693446,37525.0,1,1,Contraceptive,DEBin,4,CV,1,341370
16,0.45199999999999996,0.5560253699788584,36563.0,1,1,Contraceptive,DEBin,4,CV,1,341371
17,0.45700000000000013,0.5369978858350951,42926.0,1,1,Contraceptive,DEBin,4,CV,1,341372
18,0.45200000000000007,0.5454545454545454,38203.0,1,1,Contraceptive,DEBin,4,CV,1,341373
19,0.4620000000000001,0.5264270613107822,39343.0,1,1,Contraceptive,DEBin,4,CV,1,341374
20,0.46099999999999997,0.5454545454545454,38775.0,1,1,Contraceptive,DEBin,4,CV,1,341375
21,0.45499999999999996,0.5496828752642706,52837.0,1,1,Contraceptive,DEBin,4,CV,1,281031
22,0.462,0.5581395348837209,43448.0,1,1,Contraceptive,DEBin,4,CV,1,341377
23,0.46299999999999997,0.5496828752642706,38638.0,1,1,Contraceptive,DEBin,4,CV,1,341378
24,0.45500000000000007,0.572938689217759,38656.0,1,1,Contraceptive,DEBin,4,CV,1,341379
25,0.45899999999999996,0.5200845665961945,38630.0,1,1,Contraceptive,DEBin,4,CV,1,341380
26,0.45699999999999996,0.5581395348837209,37750.0,1,1,Contraceptive,DEBin,4,CV,1,341381
27,0.4590000000000001,0.5517970401691332,38670.0,1,1,Contraceptive,DEBin,4,CV,1,341382
28,0.44299999999999995,0.5644820295983086,38055.0,1,1,Contraceptive,DEBin,4,CV,1,341383
29,0.4600000000000001,0.5581395348837209,39375.0,1,1,Contraceptive,DEBin,4,CV,1,341384
30,0.454,0.5517970401691332,38063.0,1,1,Contraceptive,DEBin,4,CV,1,341385
31,0.457,0.5644820295983086,38453.0,1,1,Contraceptive,DEBin,4,CV,1,341386
32,0.44899999999999995,0.5454545454545454,38694.0,1,1,Contraceptive,DEBin,4,CV,1,341387
33,0.453,0.5687103594080338,36149.0,1,1,Contraceptive,DEBin,4,CV,1,341388
34,0.45699999999999996,0.5708245243128964,38203.0,1,1,Contraceptive,DEBin,4,CV,1,341389