
0,0.12490118577075097,0.875,12107.0,1,1,Ecoli,DEBin,4,CV,1,281100
1,0.12490118577075097,0.8839285714285714,9604.0,1,1,Ecoli,DEBin,4,CV,1,341461
2,0.13794466403162056,0.8571428571428572,9493.0,1,1,Ecoli,DEBin,4,CV,1,341462
3,0.1292490118577075,0.875,9617.0,1,1,Ecoli,DEBin,4,CV,1,341463
4,0.12055335968379448,0.8571428571428572,10604.0,1,1,Ecoli,DEBin,4,CV,1,341464
5,0.133596837944664,0.8839285714285714,9547.0,1,1,Ecoli,DEBin,4,CV,1,341465
6,0.12470355731225294,0.8660714285714286,9625.0,1,1,Ecoli,DEBin,4,CV,1,341466
7,0.1292490118577075,0.8571428571428572,9406.0,1,1,Ecoli,DEBin,4,CV,1,341467
8,0.12924901185770749,0.8482142857142857,9812.0,1,1,Ecoli,DEBin,4,CV,1,341468
9,0.133794466403162,0.8392857142857143,9812.0,1,1,Ecoli,DEBin,4,CV,1,341469
10,0.13339920948616601,0.8482142857142857,10854.0,1,1,Ecoli,DEBin,4,CV,1,341470
11,0.1292490118577075,0.8571428571428572,10595.0,1,1,Ecoli,DEBin,4,CV,1,341471
12,0.12924901185770749,0.8660714285714286,10816.0,1,1,Ecoli,DEBin,4,CV,1,341472
13,0.1379446640316205,0.8392857142857143,10792.0,1,1,Ecoli,DEBin,4,CV,1,341473
14,0.133596837944664,0.875,12046.0,1,1,Ecoli,DEBin,4,CV,1,341474
15,0.13814229249011856,0.8839285714285714,9508.0,1,1,Ecoli,DEBin,4,CV,1,341475
16,0.13794466403162056,0.8571428571428572,9556.0,1,1,Ecoli,DEBin,4,CV,1,341476
17,0.1294466403162055,0.8571428571428572,9623.0,1,1,Ecoli,DEBin,4,CV,1,341477
18,0.13399209486166005,0.8660714285714286,9578.0,1,1,Ecoli,DEBin,4,CV,1,341478
19,0.13379446640316206,0.8482142857142857,9422.0,1,1,Ecoli,DEBin,4,CV,1,341479
20,0.1379446640316205,0.8928571428571429,9504.0,1,1,Ecoli,DEBin,4,CV,1,341480
21,0.12450592885375493,0.8482142857142857,10476.0,1,1,Ecoli,DEBin,4,CV,1,341481
22,0.12470355731225294,0.8571428571428572,10842.0,1,1,Ecoli,DEBin,4,CV,1,341482
23,0.12490118577075097,0.8660714285714286,10659.0,1,1,Ecoli,DEBin,4,CV,1,341483
24,0.133596837944664,0.8571428571428572,9906.0,1,1,Ecoli,DEBin,4,CV,1,341484
25,0.12924901185770749,0.875,9939.0,1,1,Ecoli,DEBin,4,CV,1,341485
26,0.12490118577075097,0.8571428571428572,10582.0,1,1,Ecoli,DEBin,4,CV,1,341486
27,0.13339920948616596,0.8660714285714286,9158.0,1,1,Ecoli,DEBin,4,CV,1,341487
28,0.1292490118577075,0.8482142857142857,10773.0,1,1,Ecoli,DEBin,4,CV,1,341488
29,0.133596837944664,0.8571428571428572,9466.0,1,1,Ecoli,DEBin,4,CV,1,341489
30,0.12055335968379448,0.8392857142857143,10546.0,1,1,Ecoli,DEBin,4,CV,1,341490
31,0.14229249011857706,0.8928571428571429,9013.0,1,1,Ecoli,DEBin,4,CV,1,341491
32,0.13339920948616596,0.875,9094.0,1,1,Ecoli,DEBin,4,CV,1,341492
34,0.133596837944664,0.8571428571428572,9516.0,1,1,Ecoli,DEBin,4,CV,1,341494
33,0.13339920948616596,0.8482142857142857,12015.0,1,1,Ecoli,DEBin,4,CV,1,282850