
0,0.8404544609487603,0.8274585012926698,15672.0,1,1,Sensory,DEBin,4,CV,1,342335
1,0.8285221963670237,0.7886529025231472,15438.0,1,1,Sensory,DEBin,4,CV,1,342336
2,0.8287907364755647,0.8890865551807208,14896.0,1,1,Sensory,DEBin,4,CV,1,342337
3,0.8235859793107505,0.8172292940455703,14828.0,1,1,Sensory,DEBin,4,CV,1,342338
4,0.8307447556499055,0.8409121950730357,21507.0,1,1,Sensory,DEBin,4,CV,1,281854
5,0.8350526906831023,0.8204765476196546,19903.0,1,1,Sensory,DEBin,4,CV,1,281855
6,0.8279249725398273,0.8443030154399416,15594.0,1,1,Sensory,DEBin,4,CV,1,342341
7,0.821026703429786,0.8041324839024508,16537.0,1,1,Sensory,DEBin,4,CV,1,281857
8,0.8280517116260514,0.8204863840348899,16469.0,1,1,Sensory,DEBin,4,CV,1,342343
9,0.8317202663068578,0.8212240220515161,16314.0,1,1,Sensory,DEBin,4,CV,1,281859
10,0.8308180455743335,0.8721984238339868,15972.0,1,1,Sensory,DEBin,4,CV,1,342345
11,0.8339886688060073,0.8048100191781189,15946.0,1,1,Sensory,DEBin,4,CV,1,342346
12,0.8135970875118271,0.8285455167486631,15877.0,1,1,Sensory,DEBin,4,CV,1,281862
13,0.8292120436186506,0.8237296847564198,16703.0,1,1,Sensory,DEBin,4,CV,1,342348
14,0.8329988746460764,0.840966904573616,16313.0,1,1,Sensory,DEBin,4,CV,1,281864
15,0.8251904660904323,0.8210085808577638,15547.0,1,1,Sensory,DEBin,4,CV,1,342350
16,0.828462437671597,0.8494474647394797,17219.0,1,1,Sensory,DEBin,4,CV,1,342351
17,0.8308603305542336,0.7979213858432814,16759.0,1,1,Sensory,DEBin,4,CV,1,342352
18,0.8254438830380278,0.7969279328736086,20072.0,1,1,Sensory,DEBin,4,CV,1,281868
19,0.8279342635908001,0.8339529785516047,17416.0,1,1,Sensory,DEBin,4,CV,1,342354
20,0.8299302781063584,0.8352449119626958,17494.0,1,1,Sensory,DEBin,4,CV,1,342355
21,0.8293688046620421,0.7822550394777102,17290.0,1,1,Sensory,DEBin,4,CV,1,342356
22,0.8353342493286744,0.8155323824245422,16434.0,1,1,Sensory,DEBin,4,CV,1,342357
23,0.82955061384987,0.8333082741116408,16380.0,1,1,Sensory,DEBin,4,CV,1,342358
24,0.8264455417001623,0.7731214480469358,15640.0,1,1,Sensory,DEBin,4,CV,1,342359
25,0.846336279411936,0.8362643647258052,17849.0,1,1,Sensory,DEBin,4,CV,1,342360
26,0.8297800486914833,0.8226952197233591,17327.0,1,1,Sensory,DEBin,4,CV,1,342361
27,0.831943355144648,0.8207263583943363,15453.0,1,1,Sensory,DEBin,4,CV,1,342362
28,0.8344949134538986,0.8449033434076096,17447.0,1,1,Sensory,DEBin,4,CV,1,342363
29,0.8291398928129603,0.7795208307950245,17972.0,1,1,Sensory,DEBin,4,CV,1,342364
30,0.8369017600653716,0.8029473198598338,14711.0,1,1,Sensory,DEBin,4,CV,1,342365
31,0.8287062483117626,0.8504895368565034,15438.0,1,1,Sensory,DEBin,4,CV,1,342366
32,0.816439303554531,0.8506727863035886,15344.0,1,1,Sensory,DEBin,4,CV,1,342367
34,0.8255479450446026,0.8447200093212484,15862.0,1,1,Sensory,DEBin,4,CV,1,342369
33,0.8282010956186616,0.8336489587283721,21156.0,1,1,Sensory,DEBin,4,CV,1,282875