
0,0.012166666666666668,0.9836065573770492,11203.0,1,1,Dermatology,DEBin,5,CV,1,342580
1,0.016,0.9672131147540983,11340.0,1,1,Dermatology,DEBin,5,CV,1,342581
2,0.012333333333333332,0.9344262295081968,11032.0,1,1,Dermatology,DEBin,5,CV,1,342582
3,0.012,0.9672131147540983,11351.0,1,1,Dermatology,DEBin,5,CV,1,342583
4,0.012166666666666668,0.9590163934426229,11281.0,1,1,Dermatology,DEBin,5,CV,1,342584
5,0.016166666666666666,0.9672131147540983,11346.0,1,1,Dermatology,DEBin,5,CV,1,342585
6,0.02,0.9754098360655737,11298.0,1,1,Dermatology,DEBin,5,CV,1,282246
7,0.012,0.9836065573770492,12457.0,1,1,Dermatology,DEBin,5,CV,1,342587
8,0.012166666666666668,0.9672131147540983,10953.0,1,1,Dermatology,DEBin,5,CV,1,342588
9,0.012166666666666668,0.9754098360655737,11109.0,1,1,Dermatology,DEBin,5,CV,1,342869
10,0.016,0.9590163934426229,10968.0,1,1,Dermatology,DEBin,5,CV,1,342590
11,0.016,0.9672131147540983,12439.0,1,1,Dermatology,DEBin,5,CV,1,342591
12,0.016166666666666666,0.9672131147540983,10810.0,1,1,Dermatology,DEBin,5,CV,1,342592
13,0.012166666666666668,0.9508196721311475,10860.0,1,1,Dermatology,DEBin,5,CV,1,342593
14,0.008,0.9508196721311475,11157.0,1,1,Dermatology,DEBin,5,CV,1,342594
15,0.012166666666666668,0.9754098360655737,11031.0,1,1,Dermatology,DEBin,5,CV,1,342595
16,0.016,0.9754098360655737,11470.0,1,1,Dermatology,DEBin,5,CV,1,342596
17,0.016,0.9754098360655737,11219.0,1,1,Dermatology,DEBin,5,CV,1,342597
18,0.016,0.9590163934426229,12568.0,1,1,Dermatology,DEBin,5,CV,1,342598
19,0.016166666666666666,0.9754098360655737,12525.0,1,1,Dermatology,DEBin,5,CV,1,342599
20,0.012,0.9590163934426229,11587.0,1,1,Dermatology,DEBin,5,CV,1,342600
21,0.016166666666666666,0.9590163934426229,11312.0,1,1,Dermatology,DEBin,5,CV,1,342601
22,0.016,0.9672131147540983,11704.0,1,1,Dermatology,DEBin,5,CV,1,282262
23,0.016,0.9590163934426229,12769.0,1,1,Dermatology,DEBin,5,CV,1,342603
24,0.012166666666666668,0.9754098360655737,11125.0,1,1,Dermatology,DEBin,5,CV,1,342604
25,0.016166666666666666,0.9672131147540983,11031.0,1,1,Dermatology,DEBin,5,CV,1,342885
26,0.016166666666666666,0.9590163934426229,10444.0,1,1,Dermatology,DEBin,5,CV,1,342606
27,0.012,0.9672131147540983,11537.0,1,1,Dermatology,DEBin,5,CV,1,342607
28,0.016166666666666666,0.9590163934426229,11062.0,1,1,Dermatology,DEBin,5,CV,1,342608
29,0.016,0.9672131147540983,11552.0,1,1,Dermatology,DEBin,5,CV,1,342609
30,0.012,0.9590163934426229,10527.0,1,1,Dermatology,DEBin,5,CV,1,342610
31,0.016166666666666666,0.9754098360655737,10613.0,1,1,Dermatology,DEBin,5,CV,1,342611
32,0.012166666666666668,0.9426229508196722,11462.0,1,1,Dermatology,DEBin,5,CV,1,342612
33,0.016,0.9672131147540983,11527.0,1,1,Dermatology,DEBin,5,CV,1,342613
34,0.016,0.9344262295081968,11094.0,1,1,Dermatology,DEBin,5,CV,1,342894