
0,0.133794466403162,0.8571428571428572,9421.0,1,1,Ecoli,DEBin,5,CV,1,342930
1,0.133794466403162,0.8660714285714286,9627.0,1,1,Ecoli,DEBin,5,CV,1,342931
2,0.133596837944664,0.875,12946.0,1,1,Ecoli,DEBin,5,CV,1,282302
3,0.1292490118577075,0.875,9469.0,1,1,Ecoli,DEBin,5,CV,1,342933
4,0.12905138339920946,0.8392857142857143,9622.0,1,1,Ecoli,DEBin,5,CV,1,342934
5,0.12490118577075097,0.8571428571428572,9706.0,1,1,Ecoli,DEBin,5,CV,1,282305
6,0.133596837944664,0.8839285714285714,9526.0,1,1,Ecoli,DEBin,5,CV,1,342936
7,0.1292490118577075,0.8660714285714286,9694.0,1,1,Ecoli,DEBin,5,CV,1,342937
8,0.12905138339920946,0.8571428571428572,9580.0,1,1,Ecoli,DEBin,5,CV,1,342938
9,0.12490118577075097,0.875,10611.0,1,1,Ecoli,DEBin,5,CV,1,342939
10,0.12470355731225298,0.8660714285714286,10632.0,1,1,Ecoli,DEBin,5,CV,1,342940
11,0.13399209486166005,0.875,9668.0,1,1,Ecoli,DEBin,5,CV,1,342941
12,0.13814229249011856,0.8571428571428572,10859.0,1,1,Ecoli,DEBin,5,CV,1,342942
13,0.12035573122529644,0.8571428571428572,9647.0,1,1,Ecoli,DEBin,5,CV,1,342943
14,0.12924901185770749,0.8571428571428572,9613.0,1,1,Ecoli,DEBin,5,CV,1,282314
15,0.13339920948616596,0.8482142857142857,9606.0,1,1,Ecoli,DEBin,5,CV,1,342945
16,0.12509881422924898,0.8660714285714286,10825.0,1,1,Ecoli,DEBin,5,CV,1,342946
17,0.12490118577075097,0.8482142857142857,9575.0,1,1,Ecoli,DEBin,5,CV,1,342947
18,0.1292490118577075,0.8660714285714286,10552.0,1,1,Ecoli,DEBin,5,CV,1,342948
19,0.13814229249011856,0.8571428571428572,9256.0,1,1,Ecoli,DEBin,5,CV,1,342949
20,0.13339920948616596,0.875,10528.0,1,1,Ecoli,DEBin,5,CV,1,342950
21,0.12905138339920946,0.875,12041.0,1,1,Ecoli,DEBin,5,CV,1,342951
22,0.13379446640316206,0.875,10870.0,1,1,Ecoli,DEBin,5,CV,1,342952
23,0.13794466403162056,0.8571428571428572,9437.0,1,1,Ecoli,DEBin,5,CV,1,342953
24,0.133596837944664,0.8660714285714286,9618.0,1,1,Ecoli,DEBin,5,CV,1,342954
25,0.13339920948616596,0.8660714285714286,9469.0,1,1,Ecoli,DEBin,5,CV,1,342955
26,0.13814229249011856,0.8571428571428572,9648.0,1,1,Ecoli,DEBin,5,CV,1,342956
27,0.12905138339920946,0.8928571428571429,9453.0,1,1,Ecoli,DEBin,5,CV,1,342957
28,0.133596837944664,0.8571428571428572,9545.0,1,1,Ecoli,DEBin,5,CV,1,342958
29,0.13339920948616601,0.8303571428571428,9500.0,1,1,Ecoli,DEBin,5,CV,1,342959
30,0.12905138339920946,0.8571428571428572,9916.0,1,1,Ecoli,DEBin,5,CV,1,342960
31,0.12984189723320155,0.8392857142857143,9485.0,1,1,Ecoli,DEBin,5,CV,1,342961
33,0.12450592885375493,0.8571428571428572,9485.0,1,1,Ecoli,DEBin,5,CV,1,342963
34,0.12924901185770749,0.8571428571428572,9454.0,1,1,Ecoli,DEBin,5,CV,1,342964
32,0.133596837944664,0.8928571428571429,11547.0,1,1,Ecoli,DEBin,5,CV,1,284170