
0,0.3695652173913043,0.6818181818181819,16185.0,1,1,Leaf,DEBin,5,CV,1,343210
1,0.3608695652173913,0.7090909090909091,77857.0,1,1,Leaf,DEBin,5,CV,1,343211
2,0.36086956521739133,0.7272727272727273,12359.0,1,1,Leaf,DEBin,5,CV,1,343212
3,0.3608695652173913,0.7181818181818183,12406.0,1,1,Leaf,DEBin,5,CV,1,343213
4,0.3478260869565218,0.7090909090909091,11794.0,1,1,Leaf,DEBin,5,CV,1,343214
5,0.3695652173913043,0.7090909090909091,12608.0,1,1,Leaf,DEBin,5,CV,1,343215
6,0.3739130434782608,0.7181818181818183,11799.0,1,1,Leaf,DEBin,5,CV,1,343216
7,0.3782608695652174,0.7272727272727273,12610.0,1,1,Leaf,DEBin,5,CV,1,343217
8,0.3434782608695652,0.7545454545454545,12672.0,1,1,Leaf,DEBin,5,CV,1,282548
9,0.3652173913043478,0.6909090909090909,14469.0,1,1,Leaf,DEBin,5,CV,1,343219
10,0.37826086956521743,0.7272727272727273,11915.0,1,1,Leaf,DEBin,5,CV,1,343220
11,0.3565217391304348,0.6909090909090909,12437.0,1,1,Leaf,DEBin,5,CV,1,343221
12,0.3739130434782608,0.7181818181818183,12563.0,1,1,Leaf,DEBin,5,CV,1,343222
13,0.3739130434782608,0.7,12422.0,1,1,Leaf,DEBin,5,CV,1,343223
14,0.3739130434782609,0.7636363636363637,13091.0,1,1,Leaf,DEBin,5,CV,1,343224
15,0.3652173913043478,0.7090909090909091,14432.0,1,1,Leaf,DEBin,5,CV,1,343225
16,0.3739130434782608,0.7,12718.0,1,1,Leaf,DEBin,5,CV,1,343226
17,0.3652173913043478,0.7454545454545455,13149.0,1,1,Leaf,DEBin,5,CV,1,343227
18,0.36086956521739133,0.7454545454545455,12453.0,1,1,Leaf,DEBin,5,CV,1,343228
19,0.3652173913043478,0.7181818181818183,12767.0,1,1,Leaf,DEBin,5,CV,1,343229
20,0.3739130434782609,0.7181818181818183,12500.0,1,1,Leaf,DEBin,5,CV,1,343230
21,0.3739130434782608,0.7090909090909091,12840.0,1,1,Leaf,DEBin,5,CV,1,282561
22,0.3782608695652174,0.7363636363636363,12438.0,1,1,Leaf,DEBin,5,CV,1,343232
23,0.3695652173913043,0.7181818181818183,12562.0,1,1,Leaf,DEBin,5,CV,1,343233
24,0.3782608695652173,0.7363636363636363,12375.0,1,1,Leaf,DEBin,5,CV,1,343234
25,0.3826086956521739,0.6636363636363636,12437.0,1,1,Leaf,DEBin,5,CV,1,343235
26,0.3565217391304348,0.7272727272727273,22336.0,1,1,Leaf,DEBin,5,CV,1,343236
27,0.3739130434782609,0.6818181818181819,12699.0,1,1,Leaf,DEBin,5,CV,1,343237
28,0.35652173913043483,0.7272727272727273,12453.0,1,1,Leaf,DEBin,5,CV,1,343238
29,0.3739130434782609,0.7272727272727273,12307.0,1,1,Leaf,DEBin,5,CV,1,343239
31,0.3739130434782608,0.6909090909090909,12650.0,1,1,Leaf,DEBin,5,CV,1,343241
32,0.3695652173913044,0.7,12565.0,1,1,Leaf,DEBin,5,CV,1,343242
34,0.3695652173913043,0.7363636363636363,13901.0,1,1,Leaf,DEBin,5,CV,1,343244
30,0.3608695652173913,0.7363636363636363,13031.0,1,1,Leaf,DEBin,5,CV,1,292618
33,0.3739130434782608,0.7181818181818183,16516.0,1,1,Leaf,DEBin,5,CV,1,284218