
0,0.15238095238095237,0.83,9724.0,1,1,Vertebral3C,DEBin,5,CV,1,343455
1,0.1380952380952381,0.8,8974.0,1,1,Vertebral3C,DEBin,5,CV,1,343456
2,0.15238095238095237,0.85,10001.0,1,1,Vertebral3C,DEBin,5,CV,1,343457
3,0.16190476190476186,0.8,9955.0,1,1,Vertebral3C,DEBin,5,CV,1,343458
4,0.15238095238095237,0.8200000000000001,9238.0,1,1,Vertebral3C,DEBin,5,CV,1,282754
5,0.1571428571428571,0.8200000000000001,9228.0,1,1,Vertebral3C,DEBin,5,CV,1,343460
6,0.14285714285714285,0.84,9042.0,1,1,Vertebral3C,DEBin,5,CV,1,343461
7,0.1476190476190476,0.78,12545.0,1,1,Vertebral3C,DEBin,5,CV,1,282757
8,0.14761904761904762,0.79,9746.0,1,1,Vertebral3C,DEBin,5,CV,1,343463
9,0.15238095238095237,0.8200000000000001,9990.0,1,1,Vertebral3C,DEBin,5,CV,1,343464
10,0.15238095238095234,0.83,9936.0,1,1,Vertebral3C,DEBin,5,CV,1,343465
11,0.14285714285714285,0.84,9919.0,1,1,Vertebral3C,DEBin,5,CV,1,343466
12,0.14285714285714285,0.8200000000000001,9143.0,1,1,Vertebral3C,DEBin,5,CV,1,343467
13,0.1476190476190476,0.83,9230.0,1,1,Vertebral3C,DEBin,5,CV,1,343468
14,0.1476190476190476,0.8200000000000001,9141.0,1,1,Vertebral3C,DEBin,5,CV,1,343469
15,0.1476190476190476,0.83,9773.0,1,1,Vertebral3C,DEBin,5,CV,1,343470
16,0.1476190476190476,0.8,11031.0,1,1,Vertebral3C,DEBin,5,CV,1,343471
17,0.1476190476190476,0.81,9968.0,1,1,Vertebral3C,DEBin,5,CV,1,343472
18,0.1476190476190476,0.84,9938.0,1,1,Vertebral3C,DEBin,5,CV,1,343473
19,0.15238095238095237,0.8,8845.0,1,1,Vertebral3C,DEBin,5,CV,1,282769
20,0.15238095238095237,0.79,9083.0,1,1,Vertebral3C,DEBin,5,CV,1,343475
21,0.14285714285714285,0.8200000000000001,9171.0,1,1,Vertebral3C,DEBin,5,CV,1,343476
22,0.14285714285714285,0.78,12493.0,1,1,Vertebral3C,DEBin,5,CV,1,343477
23,0.15238095238095234,0.81,8688.0,1,1,Vertebral3C,DEBin,5,CV,1,282773
24,0.14285714285714285,0.8200000000000001,9666.0,1,1,Vertebral3C,DEBin,5,CV,1,343479
25,0.13809523809523808,0.84,9935.0,1,1,Vertebral3C,DEBin,5,CV,1,343480
26,0.15238095238095237,0.81,9899.0,1,1,Vertebral3C,DEBin,5,CV,1,343481
27,0.15238095238095237,0.8,9050.0,1,1,Vertebral3C,DEBin,5,CV,1,343482
28,0.14761904761904762,0.78,9413.0,1,1,Vertebral3C,DEBin,5,CV,1,343483
29,0.1571428571428571,0.81,69805.0,1,1,Vertebral3C,DEBin,5,CV,1,343484
30,0.1476190476190476,0.83,9706.0,1,1,Vertebral3C,DEBin,5,CV,1,343485
31,0.15238095238095234,0.8,9922.0,1,1,Vertebral3C,DEBin,5,CV,1,343486
32,0.15238095238095234,0.8200000000000001,9893.0,1,1,Vertebral3C,DEBin,5,CV,1,343487
34,0.14285714285714285,0.85,9109.0,1,1,Vertebral3C,DEBin,5,CV,1,343489
33,0.13333333333333333,0.8,11297.0,1,1,Vertebral3C,DEBin,5,CV,1,284225