
0,0.13809523809523808,0.81,8098.0,1,1,Vertebral2C,DEBin,5,CV,1,342545
1,0.12857142857142856,0.8,8141.0,1,1,Vertebral2C,DEBin,5,CV,1,342546
2,0.14285714285714282,0.84,9630.0,1,1,Vertebral2C,DEBin,5,CV,1,342547
3,0.13333333333333333,0.83,8328.0,1,1,Vertebral2C,DEBin,5,CV,1,342548
4,0.12857142857142856,0.81,8247.0,1,1,Vertebral2C,DEBin,5,CV,1,342549
5,0.11904761904761904,0.79,8573.0,1,1,Vertebral2C,DEBin,5,CV,1,343425
6,0.1380952380952381,0.8,9383.0,1,1,Vertebral2C,DEBin,5,CV,1,342551
7,0.13809523809523808,0.84,8360.0,1,1,Vertebral2C,DEBin,5,CV,1,342552
8,0.13333333333333333,0.8,9399.0,1,1,Vertebral2C,DEBin,5,CV,1,342553
9,0.14285714285714285,0.81,8453.0,1,1,Vertebral2C,DEBin,5,CV,1,342554
10,0.13333333333333333,0.8200000000000001,8516.0,1,1,Vertebral2C,DEBin,5,CV,1,343430
11,0.13809523809523808,0.81,8657.0,1,1,Vertebral2C,DEBin,5,CV,1,342556
12,0.1380952380952381,0.8200000000000001,8531.0,1,1,Vertebral2C,DEBin,5,CV,1,343432
13,0.1380952380952381,0.81,8422.0,1,1,Vertebral2C,DEBin,5,CV,1,342558
14,0.14285714285714285,0.8,8422.0,1,1,Vertebral2C,DEBin,5,CV,1,342559
15,0.1380952380952381,0.81,8676.0,1,1,Vertebral2C,DEBin,5,CV,1,342560
16,0.1333333333333333,0.8,8531.0,1,1,Vertebral2C,DEBin,5,CV,1,342561
17,0.13333333333333333,0.8,8468.0,1,1,Vertebral2C,DEBin,5,CV,1,342562
18,0.1333333333333333,0.79,8659.0,1,1,Vertebral2C,DEBin,5,CV,1,342563
19,0.14285714285714285,0.8,8696.0,1,1,Vertebral2C,DEBin,5,CV,1,343439
20,0.12380952380952381,0.79,7991.0,1,1,Vertebral2C,DEBin,5,CV,1,342565
21,0.13809523809523808,0.83,8668.0,1,1,Vertebral2C,DEBin,5,CV,1,342566
22,0.12857142857142856,0.8200000000000001,9925.0,1,1,Vertebral2C,DEBin,5,CV,1,343442
23,0.12380952380952379,0.78,8937.0,1,1,Vertebral2C,DEBin,5,CV,1,342568
24,0.1333333333333333,0.83,8375.0,1,1,Vertebral2C,DEBin,5,CV,1,342569
25,0.1333333333333333,0.8,8906.0,1,1,Vertebral2C,DEBin,5,CV,1,342570
26,0.13809523809523808,0.8200000000000001,7945.0,1,1,Vertebral2C,DEBin,5,CV,1,342571
27,0.13809523809523808,0.83,8040.0,1,1,Vertebral2C,DEBin,5,CV,1,342572
28,0.12857142857142856,0.83,8606.0,1,1,Vertebral2C,DEBin,5,CV,1,342573
29,0.1333333333333333,0.81,8695.0,1,1,Vertebral2C,DEBin,5,CV,1,342574
30,0.13809523809523808,0.8,8067.0,1,1,Vertebral2C,DEBin,5,CV,1,342575
31,0.13809523809523808,0.78,8906.0,1,1,Vertebral2C,DEBin,5,CV,1,342576
33,0.12857142857142856,0.83,8573.0,1,1,Vertebral2C,DEBin,5,CV,1,342578
34,0.1380952380952381,0.84,8643.0,1,1,Vertebral2C,DEBin,5,CV,1,342579
32,0.1380952380952381,0.78,10532.0,1,1,Vertebral2C,DEBin,5,CV,1,284184