
0,1.1926898921405764,1.0805463336345615,7851.0,1,1,BodyFat,DEBin,6,CV,1,284370
1,1.1717897864851772,1.3398563514517041,7585.0,1,1,BodyFat,DEBin,6,CV,1,284371
2,1.1560460966204336,1.2599188596035635,7546.0,1,1,BodyFat,DEBin,6,CV,1,284372
3,1.1160952650826639,1.8613490771325265,7638.0,1,1,BodyFat,DEBin,6,CV,1,284373
4,1.1105384601404893,1.4900815125400588,7552.0,1,1,BodyFat,DEBin,6,CV,1,284374
5,1.2222439740640503,1.254144243203103,7678.0,1,1,BodyFat,DEBin,6,CV,1,284375
6,1.179994770716446,1.1873225500051343,7975.0,1,1,BodyFat,DEBin,6,CV,1,284376
7,1.0730136366686718,1.1690705870616864,6116.0,1,1,BodyFat,DEBin,6,CV,1,284377
8,1.1289873385653684,1.2865605678308765,10523.0,1,1,BodyFat,DEBin,6,CV,1,284378
9,1.1634551892372245,1.1639397590397318,7620.0,1,1,BodyFat,DEBin,6,CV,1,284379
10,1.0371643966831259,0.8117360729464377,7582.0,1,1,BodyFat,DEBin,6,CV,1,284380
11,1.1760925871205197,1.6478059289016467,7607.0,1,1,BodyFat,DEBin,6,CV,1,284381
12,1.1137089259076087,0.9430690298315205,7718.0,1,1,BodyFat,DEBin,6,CV,1,284382
13,1.0446733525885963,1.1220657177841213,7585.0,1,1,BodyFat,DEBin,6,CV,1,284383
14,1.1533132123900915,1.2248825531866159,7789.0,1,1,BodyFat,DEBin,6,CV,1,284384
15,1.1619563181395072,1.3123354833565728,7624.0,1,1,BodyFat,DEBin,6,CV,1,284385
16,1.0867037768887253,1.7062098326980148,7873.0,1,1,BodyFat,DEBin,6,CV,1,284386
17,1.1381275207761439,1.1671714772054704,7641.0,1,1,BodyFat,DEBin,6,CV,1,284387
18,1.206223345298127,0.9707201783902057,7693.0,1,1,BodyFat,DEBin,6,CV,1,284388
19,1.1329278436455126,1.0729119201274946,7610.0,1,1,BodyFat,DEBin,6,CV,1,284389
20,1.1459011586158985,1.6299161094841206,7678.0,1,1,BodyFat,DEBin,6,CV,1,284390
21,1.1464014840566725,2.027107939376582,6116.0,1,1,BodyFat,DEBin,6,CV,1,284391
22,1.0634110931781877,1.0046110748985708,7675.0,1,1,BodyFat,DEBin,6,CV,1,284392
23,1.1113040382633461,1.3864724406852253,7658.0,1,1,BodyFat,DEBin,6,CV,1,284393
24,1.1267429514915057,1.2645310584790452,7829.0,1,1,BodyFat,DEBin,6,CV,1,284394
25,1.140018279903654,1.4409978670824741,7533.0,1,1,BodyFat,DEBin,6,CV,1,284395
26,1.1197732084635186,1.3850597481515983,7819.0,1,1,BodyFat,DEBin,6,CV,1,284396
27,1.048057007125083,1.4638695722290143,7878.0,1,1,BodyFat,DEBin,6,CV,1,284397
28,1.090379591169422,1.1287566726123726,7579.0,1,1,BodyFat,DEBin,6,CV,1,284398
29,1.1526920456941716,1.4978086998178324,7608.0,1,1,BodyFat,DEBin,6,CV,1,284399
30,1.1126226472184413,1.75569121812927,7906.0,1,1,BodyFat,DEBin,6,CV,1,293879
31,1.1686411943977406,1.2532349188177234,9867.0,1,1,BodyFat,DEBin,6,CV,1,285519
32,1.1650204053037987,1.345238496858084,11250.0,1,1,BodyFat,DEBin,6,CV,1,285559
33,1.1491806901754629,1.1749493329998122,9625.0,1,1,BodyFat,DEBin,6,CV,1,285599