
0,0.45999999999999996,0.5496828752642706,38109.0,1,1,Contraceptive,DEBin,6,CV,1,344295
1,0.44700000000000006,0.5348837209302326,38624.0,1,1,Contraceptive,DEBin,6,CV,1,344296
2,0.458,0.562367864693446,38296.0,1,1,Contraceptive,DEBin,6,CV,1,344297
3,0.44800000000000006,0.5391120507399577,42847.0,1,1,Contraceptive,DEBin,6,CV,1,344298
4,0.45099999999999996,0.5454545454545454,38204.0,1,1,Contraceptive,DEBin,6,CV,1,344299
5,0.45099999999999996,0.5602536997885835,38188.0,1,1,Contraceptive,DEBin,6,CV,1,344300
6,0.45499999999999996,0.5454545454545454,38282.0,1,1,Contraceptive,DEBin,6,CV,1,344301
7,0.44700000000000006,0.562367864693446,36573.0,1,1,Contraceptive,DEBin,6,CV,1,344302
8,0.45499999999999996,0.5391120507399577,38975.0,1,1,Contraceptive,DEBin,6,CV,1,344303
9,0.45600000000000007,0.5095137420718816,43227.0,1,1,Contraceptive,DEBin,6,CV,1,344304
10,0.4539999999999999,0.547568710359408,43391.0,1,1,Contraceptive,DEBin,6,CV,1,344305
11,0.457,0.5348837209302326,38266.0,1,1,Contraceptive,DEBin,6,CV,1,344306
12,0.45,0.5644820295983086,38846.0,1,1,Contraceptive,DEBin,6,CV,1,344307
13,0.4539999999999999,0.5602536997885835,43433.0,1,1,Contraceptive,DEBin,6,CV,1,344308
14,0.46099999999999997,0.5391120507399577,37734.0,1,1,Contraceptive,DEBin,6,CV,1,344309
15,0.457,0.5496828752642706,38281.0,1,1,Contraceptive,DEBin,6,CV,1,344310
16,0.45,0.53276955602537,38234.0,1,1,Contraceptive,DEBin,6,CV,1,344311
17,0.4589999999999999,0.5602536997885835,36209.0,1,1,Contraceptive,DEBin,6,CV,1,344312
18,0.4539999999999999,0.5433403805496828,48884.0,1,1,Contraceptive,DEBin,6,CV,1,344313
19,0.45200000000000007,0.5433403805496828,36570.0,1,1,Contraceptive,DEBin,6,CV,1,344314
20,0.45200000000000007,0.5560253699788584,38296.0,1,1,Contraceptive,DEBin,6,CV,1,344315
21,0.45200000000000007,0.5391120507399577,43670.0,1,1,Contraceptive,DEBin,6,CV,1,344316
22,0.45899999999999996,0.5665961945031712,38710.0,1,1,Contraceptive,DEBin,6,CV,1,344317
23,0.45599999999999996,0.5665961945031712,38901.0,1,1,Contraceptive,DEBin,6,CV,1,344318
24,0.45499999999999996,0.547568710359408,38630.0,1,1,Contraceptive,DEBin,6,CV,1,344319
25,0.45500000000000007,0.5665961945031712,38000.0,1,1,Contraceptive,DEBin,6,CV,1,344320
26,0.45299999999999996,0.5602536997885835,40537.0,1,1,Contraceptive,DEBin,6,CV,1,283436
27,0.4530000000000001,0.547568710359408,38428.0,1,1,Contraceptive,DEBin,6,CV,1,344322
28,0.454,0.5306553911205074,38921.0,1,1,Contraceptive,DEBin,6,CV,1,344323
29,0.46399999999999997,0.5433403805496828,38523.0,1,1,Contraceptive,DEBin,6,CV,1,344324
30,0.4619999999999999,0.5560253699788584,38140.0,1,1,Contraceptive,DEBin,6,CV,1,344325
31,0.458,0.5687103594080338,37540.0,1,1,Contraceptive,DEBin,6,CV,1,344326
32,0.458,0.547568710359408,37635.0,1,1,Contraceptive,DEBin,6,CV,1,344327
33,0.457,0.5243128964059196,43571.0,1,1,Contraceptive,DEBin,6,CV,1,344328
34,0.45600000000000007,0.5369978858350951,38187.0,1,1,Contraceptive,DEBin,6,CV,1,344329