
0,0.04163293279928794,0.934819897084048,595187.0,1,1,Pen,DEBin,6,CV,1,344960
1,0.04790404984423676,0.9053744997141223,464229.0,1,1,Pen,DEBin,6,CV,1,344961
2,0.04376822429906542,0.9128073184676958,592486.0,1,1,Pen,DEBin,6,CV,1,283982
3,0.04603631508678237,0.9039451114922813,464999.0,1,1,Pen,DEBin,6,CV,1,344963
4,0.04483578104138851,0.917095483133219,521173.0,1,1,Pen,DEBin,6,CV,1,344964
5,0.044835425011125946,0.9048027444253859,335682.0,1,1,Pen,DEBin,6,CV,1,283985
6,0.04003311081441923,0.9056603773584906,618570.0,1,1,Pen,DEBin,6,CV,1,344966
7,0.04363382287494436,0.9268153230417382,600891.0,1,1,Pen,DEBin,6,CV,1,344967
8,0.04390244770805518,0.9033733562035449,619200.0,1,1,Pen,DEBin,6,CV,1,344968
9,0.0412320427236315,0.9059462550028587,590234.0,1,1,Pen,DEBin,6,CV,1,344969
10,0.045368224299065424,0.9179531160663236,580580.0,1,1,Pen,DEBin,6,CV,1,344970
11,0.04270031152647975,0.9025157232704403,612102.0,1,1,Pen,DEBin,6,CV,1,283991
12,0.043900489541611035,0.9048027444253859,592297.0,1,1,Pen,DEBin,6,CV,1,344972
13,0.04403613707165109,0.9179531160663236,591634.0,1,1,Pen,DEBin,6,CV,1,283993
14,0.04243364485981309,0.9133790737564322,593358.0,1,1,Pen,DEBin,6,CV,1,344974
15,0.04470298175344904,0.9296740994854202,591450.0,1,1,Pen,DEBin,6,CV,1,283995
16,0.04603827325322653,0.9148084619782733,527454.0,1,1,Pen,DEBin,6,CV,1,344976
17,0.0445659101023587,0.9096626643796455,607792.0,1,1,Pen,DEBin,6,CV,1,344977
18,0.04256751223854029,0.9145225843339051,612938.0,1,1,Pen,DEBin,6,CV,1,344978
19,0.044035068980863366,0.9271012006861064,619512.0,1,1,Pen,DEBin,6,CV,1,283999
20,0.042834534935469515,0.9248141795311606,617729.0,1,1,Pen,DEBin,6,CV,1,284000
21,0.04590369381397418,0.9113779302458548,613934.0,1,1,Pen,DEBin,6,CV,1,284001
22,0.045369292389853134,0.9116638078902229,588356.0,1,1,Pen,DEBin,6,CV,1,284002
23,0.0440347129506008,0.9233847913093196,594595.0,1,1,Pen,DEBin,6,CV,1,284003
24,0.04510333778371162,0.9016580903373357,597192.0,1,1,Pen,DEBin,6,CV,1,284004
25,0.04657125055629728,0.9216695254431103,605618.0,1,1,Pen,DEBin,6,CV,1,284005
26,0.04283275478415664,0.9302458547741567,607003.0,1,1,Pen,DEBin,6,CV,1,284006
27,0.04416786826880285,0.9136649514008004,593349.0,1,1,Pen,DEBin,6,CV,1,284007
28,0.04416804628393413,0.9173813607775871,584805.0,1,1,Pen,DEBin,6,CV,1,284008
29,0.04470209167779261,0.9113779302458548,536859.0,1,1,Pen,DEBin,6,CV,1,284009
30,0.04363417890520694,0.923956546598056,569668.0,1,1,Pen,DEBin,6,CV,1,293866
32,0.045504405874499325,0.91852487135506,628533.0,1,1,Pen,DEBin,6,CV,1,285546
33,0.04643613707165109,0.9019439679817038,665250.0,1,1,Pen,DEBin,6,CV,1,285586
31,0.045104227859368046,0.9130931961120641,710465.0,1,1,Pen,DEBin,6,CV,1,285506