
0,0.8186983154026576,0.8327888708057958,16023.0,1,1,Sensory,DEBin,6,CV,1,284250
1,0.8353371757461943,0.8851847435117215,16772.0,1,1,Sensory,DEBin,6,CV,1,284251
2,0.8206705249047144,0.8430026800685203,16002.0,1,1,Sensory,DEBin,6,CV,1,284252
3,0.8330421122664295,0.85018440878847,16131.0,1,1,Sensory,DEBin,6,CV,1,284253
4,0.8268216950568771,0.7930591595891789,16561.0,1,1,Sensory,DEBin,6,CV,1,284254
5,0.8214356292771801,0.8464072592411467,16303.0,1,1,Sensory,DEBin,6,CV,1,284255
6,0.830528517613998,0.8520927784985742,16571.0,1,1,Sensory,DEBin,6,CV,1,284256
7,0.8287449333792164,0.8063081307514021,12996.0,1,1,Sensory,DEBin,6,CV,1,284257
8,0.823755513475465,0.8181283209347265,16690.0,1,1,Sensory,DEBin,6,CV,1,284258
9,0.827790577278361,0.8166681912268144,17012.0,1,1,Sensory,DEBin,6,CV,1,284259
10,0.8227891887098309,0.8040432126367764,15963.0,1,1,Sensory,DEBin,6,CV,1,284260
11,0.8150301637276943,0.8444657869875609,22332.0,1,1,Sensory,DEBin,6,CV,1,284261
12,0.8229282312227685,0.7805310795178533,16190.0,1,1,Sensory,DEBin,6,CV,1,284262
13,0.8380251252253986,0.8776350576251619,16159.0,1,1,Sensory,DEBin,6,CV,1,284263
14,0.8329988746460764,0.840966904573616,16359.0,1,1,Sensory,DEBin,6,CV,1,284264
15,0.8318336372656985,0.8260453592283188,16221.0,1,1,Sensory,DEBin,6,CV,1,284265
16,0.8263784991681975,0.8224688308923894,16166.0,1,1,Sensory,DEBin,6,CV,1,284266
17,0.8204029544546003,0.8165145573761128,16755.0,1,1,Sensory,DEBin,6,CV,1,284267
18,0.8163552947174866,0.8406576345752312,16391.0,1,1,Sensory,DEBin,6,CV,1,284268
19,0.8265103315443538,0.8164204832451422,13009.0,1,1,Sensory,DEBin,6,CV,1,284269
20,0.8220269828078882,0.7853367422542853,16100.0,1,1,Sensory,DEBin,6,CV,1,284270
21,0.8163603792593574,0.8198005163282334,15999.0,1,1,Sensory,DEBin,6,CV,1,284271
22,0.8012113529491603,0.83961669614016,16221.0,1,1,Sensory,DEBin,6,CV,1,284272
23,0.8204144803832103,0.8521583904966733,16312.0,1,1,Sensory,DEBin,6,CV,1,284273
24,0.8282577975374735,0.8382667020324592,16799.0,1,1,Sensory,DEBin,6,CV,1,284274
25,0.8403173622328648,0.826274195932518,16474.0,1,1,Sensory,DEBin,6,CV,1,284275
26,0.8308735296818295,0.8182429191762388,16479.0,1,1,Sensory,DEBin,6,CV,1,284276
27,0.8349849515207619,0.8306482717679039,16843.0,1,1,Sensory,DEBin,6,CV,1,284277
28,0.820029541854043,0.7712674126652372,17193.0,1,1,Sensory,DEBin,6,CV,1,284278
29,0.8251083481669094,0.812213286035152,16043.0,1,1,Sensory,DEBin,6,CV,1,284279
30,0.834799116378532,0.8293087366509905,16000.0,1,1,Sensory,DEBin,6,CV,1,293875
31,0.8299569294848081,0.7866998144326969,20296.0,1,1,Sensory,DEBin,6,CV,1,285515
32,0.8278063098022941,0.8256574665638612,20968.0,1,1,Sensory,DEBin,6,CV,1,285555
33,0.8284661730269592,0.7813738186444725,26609.0,1,1,Sensory,DEBin,6,CV,1,285595