
0,0.38224077509791793,0.5696969696969697,33833.0,1,1,Yeast,DEBin,6,CV,1,284070
1,0.38224077509791793,0.5818181818181818,43787.0,1,1,Yeast,DEBin,6,CV,1,284071
2,0.38326118326118325,0.5696969696969697,44229.0,1,1,Yeast,DEBin,6,CV,1,284072
3,0.3802308802308802,0.5676767676767677,58539.0,1,1,Yeast,DEBin,6,CV,1,284073
4,0.3782312925170068,0.5696969696969697,33831.0,1,1,Yeast,DEBin,6,CV,1,284074
5,0.3802102659245516,0.5757575757575757,43796.0,1,1,Yeast,DEBin,6,CV,1,284075
6,0.38226138940424653,0.5696969696969697,44288.0,1,1,Yeast,DEBin,6,CV,1,284076
7,0.3762110904968048,0.5717171717171717,33846.0,1,1,Yeast,DEBin,6,CV,1,284077
8,0.3802102659245516,0.5676767676767677,58872.0,1,1,Yeast,DEBin,6,CV,1,284078
9,0.38021026592455165,0.5818181818181818,43531.0,1,1,Yeast,DEBin,6,CV,1,284079
10,0.382209853638425,0.5777777777777777,42888.0,1,1,Yeast,DEBin,6,CV,1,284080
11,0.3802308802308802,0.5818181818181818,44059.0,1,1,Yeast,DEBin,6,CV,1,284081
12,0.38225108225108223,0.5717171717171717,42834.0,1,1,Yeast,DEBin,6,CV,1,284082
13,0.3772314986600701,0.5858585858585859,33852.0,1,1,Yeast,DEBin,6,CV,1,284083
14,0.3802411873840445,0.5717171717171717,44117.0,1,1,Yeast,DEBin,6,CV,1,284084
15,0.38326118326118325,0.5636363636363637,45386.0,1,1,Yeast,DEBin,6,CV,1,284085
16,0.38122036693465267,0.5757575757575757,43172.0,1,1,Yeast,DEBin,6,CV,1,284086
17,0.37717996289424865,0.5838383838383838,44311.0,1,1,Yeast,DEBin,6,CV,1,284087
18,0.3782106782106782,0.5717171717171717,42624.0,1,1,Yeast,DEBin,6,CV,1,284088
19,0.37820037105751386,0.5535353535353535,33854.0,1,1,Yeast,DEBin,6,CV,1,284089
20,0.38118944547515976,0.5777777777777777,43040.0,1,1,Yeast,DEBin,6,CV,1,284090
21,0.3842609771181199,0.5757575757575757,42457.0,1,1,Yeast,DEBin,6,CV,1,284091
22,0.3832405689548547,0.5757575757575757,58911.0,1,1,Yeast,DEBin,6,CV,1,284092
23,0.38122036693465267,0.5696969696969697,43709.0,1,1,Yeast,DEBin,6,CV,1,284093
24,0.37920016491445063,0.5717171717171717,44445.0,1,1,Yeast,DEBin,6,CV,1,284094
25,0.3731395588538446,0.5636363636363637,43934.0,1,1,Yeast,DEBin,6,CV,1,284095
26,0.38119975262832406,0.5636363636363637,42686.0,1,1,Yeast,DEBin,6,CV,1,284096
27,0.38123067408781697,0.5717171717171717,45128.0,1,1,Yeast,DEBin,6,CV,1,284097
28,0.38325087610801895,0.5797979797979798,44691.0,1,1,Yeast,DEBin,6,CV,1,284098
29,0.3812203669346526,0.5737373737373737,42819.0,1,1,Yeast,DEBin,6,CV,1,284099
30,0.38024118738404455,0.5757575757575757,42437.0,1,1,Yeast,DEBin,6,CV,1,293869
31,0.38124098124098127,0.5757575757575757,54079.0,1,1,Yeast,DEBin,6,CV,1,285509
32,0.3822613894042465,0.5575757575757576,52922.0,1,1,Yeast,DEBin,6,CV,1,285549
33,0.38018965161822305,0.5818181818181818,53062.0,1,1,Yeast,DEBin,6,CV,1,285589