
0,1.0990999075618608,1.1143647275814867,7601.0,1,1,BodyFat,DEBin,7,CV,1,285570
1,1.1095998819545774,1.1877950680017002,7454.0,1,1,BodyFat,DEBin,7,CV,1,285571
2,1.107521113840832,1.7152737515532452,7589.0,1,1,BodyFat,DEBin,7,CV,1,285572
3,1.1848072214021037,2.6765095043275644,7559.0,1,1,BodyFat,DEBin,7,CV,1,285573
4,1.1364421861313176,1.4984284381861523,7454.0,1,1,BodyFat,DEBin,7,CV,1,285574
5,1.2052539772624598,1.2911014233720384,7629.0,1,1,BodyFat,DEBin,7,CV,1,285575
6,1.2050027922820665,1.0307279060812937,7594.0,1,1,BodyFat,DEBin,7,CV,1,285576
7,1.175544245819159,1.1008758997339279,7577.0,1,1,BodyFat,DEBin,7,CV,1,285577
8,1.2119594626377626,1.0871157046476516,7492.0,1,1,BodyFat,DEBin,7,CV,1,285578
9,1.1810712335999445,1.2589684425110252,6198.0,1,1,BodyFat,DEBin,7,CV,1,285579
10,1.2002562544900692,1.4007623490648897,7357.0,1,1,BodyFat,DEBin,7,CV,1,285580
11,1.128493077350783,1.4635479262317996,7557.0,1,1,BodyFat,DEBin,7,CV,1,285581
12,1.1137089259076087,0.9430690298315205,7353.0,1,1,BodyFat,DEBin,7,CV,1,285582
13,1.0965806435753953,1.3404756536012103,7420.0,1,1,BodyFat,DEBin,7,CV,1,285583
14,1.2215590806188499,1.4314603767493965,7481.0,1,1,BodyFat,DEBin,7,CV,1,285584
15,1.1929468908760075,1.571303490011352,7507.0,1,1,BodyFat,DEBin,7,CV,1,285585
16,1.151086463312323,1.070211819011362,7537.0,1,1,BodyFat,DEBin,7,CV,1,285586
17,1.1586220664784743,1.5341249327141533,7543.0,1,1,BodyFat,DEBin,7,CV,1,285587
18,1.124054679728034,1.2822299152342465,7560.0,1,1,BodyFat,DEBin,7,CV,1,285588
19,1.1137979605947483,1.9656398435696087,7484.0,1,1,BodyFat,DEBin,7,CV,1,285589
20,1.0857392806247599,1.421115285132304,7680.0,1,1,BodyFat,DEBin,7,CV,1,285590
21,1.210037571690787,1.2028159503364957,7458.0,1,1,BodyFat,DEBin,7,CV,1,285591
22,1.043485206129505,1.5921069982628993,7337.0,1,1,BodyFat,DEBin,7,CV,1,285592
23,1.0542782677896443,1.6306171689553155,7438.0,1,1,BodyFat,DEBin,7,CV,1,285593
24,1.1414794208477776,2.696171009409422,7477.0,1,1,BodyFat,DEBin,7,CV,1,285594
25,1.1450924750447407,2.8887886238657354,7359.0,1,1,BodyFat,DEBin,7,CV,1,285595
26,1.1266816627479912,1.2696267781715644,7604.0,1,1,BodyFat,DEBin,7,CV,1,285596
27,1.1175065110833706,1.702131861006057,7518.0,1,1,BodyFat,DEBin,7,CV,1,285597
28,1.196522667757194,1.2329735397006054,7395.0,1,1,BodyFat,DEBin,7,CV,1,285598
29,1.045735168203985,1.1373375630606521,9353.0,1,1,BodyFat,DEBin,7,CV,1,285599
30,1.1807659464701725,1.3448883716024302,9301.0,1,1,BodyFat,DEBin,7,CV,1,295119
31,1.136498622543231,0.9369200394789372,9750.0,1,1,BodyFat,DEBin,7,CV,1,286879
32,1.0898416211301254,1.5339521215962009,9282.0,1,1,BodyFat,DEBin,7,CV,1,286919
33,1.117758535521236,1.325958317849278,11047.0,1,1,BodyFat,DEBin,7,CV,1,286959