
0,0.02142857142857143,0.9571428571428572,7869.0,1,1,Seeds,DEBin,7,CV,1,285060
1,0.03571428571428571,0.9571428571428572,5168.0,1,1,Seeds,DEBin,7,CV,1,285061
2,0.03571428571428571,0.9571428571428572,7781.0,1,1,Seeds,DEBin,7,CV,1,285062
3,0.03571428571428571,0.9714285714285714,5219.0,1,1,Seeds,DEBin,7,CV,1,285063
4,0.03571428571428571,0.9714285714285714,7891.0,1,1,Seeds,DEBin,7,CV,1,285064
5,0.03571428571428571,0.9428571428571428,7872.0,1,1,Seeds,DEBin,7,CV,1,285065
6,0.03571428571428571,0.9714285714285714,7922.0,1,1,Seeds,DEBin,7,CV,1,285066
7,0.04285714285714285,0.9285714285714286,5167.0,1,1,Seeds,DEBin,7,CV,1,285067
8,0.02857142857142857,0.9428571428571428,7916.0,1,1,Seeds,DEBin,7,CV,1,285068
9,0.03571428571428571,0.9857142857142858,7915.0,1,1,Seeds,DEBin,7,CV,1,285069
10,0.02857142857142857,0.9714285714285714,5102.0,1,1,Seeds,DEBin,7,CV,1,285070
11,0.03571428571428571,0.9857142857142858,8078.0,1,1,Seeds,DEBin,7,CV,1,285071
12,0.02142857142857143,0.9714285714285714,5068.0,1,1,Seeds,DEBin,7,CV,1,285072
13,0.02142857142857143,0.9428571428571428,7969.0,1,1,Seeds,DEBin,7,CV,1,285073
14,0.03571428571428571,0.9714285714285714,8217.0,1,1,Seeds,DEBin,7,CV,1,285074
15,0.02857142857142857,0.9714285714285714,7765.0,1,1,Seeds,DEBin,7,CV,1,285075
16,0.03571428571428571,0.9714285714285714,5035.0,1,1,Seeds,DEBin,7,CV,1,285076
17,0.02857142857142857,0.9285714285714286,7907.0,1,1,Seeds,DEBin,7,CV,1,285077
18,0.03571428571428571,0.9428571428571428,5035.0,1,1,Seeds,DEBin,7,CV,1,285078
19,0.03571428571428571,0.9571428571428572,7948.0,1,1,Seeds,DEBin,7,CV,1,285079
20,0.02857142857142857,0.9714285714285714,7735.0,1,1,Seeds,DEBin,7,CV,1,285080
21,0.04285714285714285,0.9428571428571428,5039.0,1,1,Seeds,DEBin,7,CV,1,285081
22,0.03571428571428571,0.9714285714285714,8425.0,1,1,Seeds,DEBin,7,CV,1,285082
23,0.03571428571428571,0.9571428571428572,7902.0,1,1,Seeds,DEBin,7,CV,1,285083
24,0.02857142857142857,0.9857142857142858,7872.0,1,1,Seeds,DEBin,7,CV,1,285084
25,0.02857142857142857,0.9714285714285714,7766.0,1,1,Seeds,DEBin,7,CV,1,285085
26,0.02857142857142857,0.9571428571428572,5034.0,1,1,Seeds,DEBin,7,CV,1,285086
27,0.02857142857142857,0.9571428571428572,8409.0,1,1,Seeds,DEBin,7,CV,1,285087
28,0.02857142857142857,0.9857142857142858,7950.0,1,1,Seeds,DEBin,7,CV,1,285088
29,0.03571428571428571,0.9714285714285714,5031.0,1,1,Seeds,DEBin,7,CV,1,285089
30,0.02857142857142857,0.9571428571428572,7703.0,1,1,Seeds,DEBin,7,CV,1,295102
31,0.02857142857142857,0.9428571428571428,6438.0,1,1,Seeds,DEBin,7,CV,1,286862
32,0.03571428571428571,0.9571428571428572,7797.0,1,1,Seeds,DEBin,7,CV,1,286902
33,0.02857142857142857,0.9714285714285714,8218.0,1,1,Seeds,DEBin,7,CV,1,286942