
0,0.2285714285714285,0.25806451612903225,4758.0,1,1,Zoo,DEBin,8,CV,1,286530
1,0.21428571428571427,0.7096774193548387,4730.0,1,1,Zoo,DEBin,8,CV,1,286531
2,0.2571428571428571,0.4516129032258065,3790.0,1,1,Zoo,DEBin,8,CV,1,286532
3,0.24285714285714283,0.8387096774193549,5009.0,1,1,Zoo,DEBin,8,CV,1,286533
4,0.15714285714285714,0.9032258064516129,4704.0,1,1,Zoo,DEBin,8,CV,1,286534
5,0.21428571428571425,0.7096774193548387,4624.0,1,1,Zoo,DEBin,8,CV,1,286535
6,0.18571428571428567,0.7096774193548387,4637.0,1,1,Zoo,DEBin,8,CV,1,286536
7,0.21428571428571427,0.8064516129032258,4811.0,1,1,Zoo,DEBin,8,CV,1,286537
8,0.19999999999999996,0.7419354838709677,3802.0,1,1,Zoo,DEBin,8,CV,1,286538
9,0.2428571428571428,0.7419354838709677,3866.0,1,1,Zoo,DEBin,8,CV,1,286539
10,0.1857142857142857,0.22580645161290325,4591.0,1,1,Zoo,DEBin,8,CV,1,286540
11,0.1857142857142857,0.8064516129032258,4560.0,1,1,Zoo,DEBin,8,CV,1,286541
12,0.21428571428571425,0.4838709677419355,4764.0,1,1,Zoo,DEBin,8,CV,1,286542
13,0.24285714285714283,0.3870967741935484,5511.0,1,1,Zoo,DEBin,8,CV,1,286543
14,0.24285714285714283,0.8064516129032258,4665.0,1,1,Zoo,DEBin,8,CV,1,286544
15,0.19999999999999998,0.6451612903225806,5127.0,1,1,Zoo,DEBin,8,CV,1,286545
16,0.1714285714285714,0.8709677419354839,4659.0,1,1,Zoo,DEBin,8,CV,1,286546
17,0.21428571428571427,0.5483870967741935,5065.0,1,1,Zoo,DEBin,8,CV,1,286547
18,0.22857142857142856,0.6129032258064516,4669.0,1,1,Zoo,DEBin,8,CV,1,286548
19,0.1714285714285714,0.7741935483870968,3795.0,1,1,Zoo,DEBin,8,CV,1,286549
20,0.2285714285714285,0.8064516129032258,3887.0,1,1,Zoo,DEBin,8,CV,1,286550
21,0.18571428571428567,0.6774193548387097,5863.0,1,1,Zoo,DEBin,8,CV,1,286551
22,0.22857142857142856,0.8064516129032258,4782.0,1,1,Zoo,DEBin,8,CV,1,286552
23,0.18571428571428567,0.9032258064516129,4576.0,1,1,Zoo,DEBin,8,CV,1,286553
24,0.2,0.7741935483870968,4539.0,1,1,Zoo,DEBin,8,CV,1,286554
25,0.18571428571428567,0.8387096774193549,4659.0,1,1,Zoo,DEBin,8,CV,1,286555
26,0.24285714285714283,0.5806451612903225,5499.0,1,1,Zoo,DEBin,8,CV,1,286556
27,0.25714285714285706,0.7096774193548387,5815.0,1,1,Zoo,DEBin,8,CV,1,286557
28,0.2571428571428571,0.7419354838709677,4087.0,1,1,Zoo,DEBin,8,CV,1,286558
29,0.2285714285714285,0.935483870967742,4660.0,1,1,Zoo,DEBin,8,CV,1,286559
30,0.24285714285714283,0.8709677419354839,4110.0,1,1,Zoo,DEBin,8,CV,1,296351
31,0.19999999999999996,0.29032258064516125,4219.0,1,1,Zoo,DEBin,8,CV,1,288231
32,0.1714285714285714,0.8709677419354839,4563.0,1,1,Zoo,DEBin,8,CV,1,288271
33,0.21428571428571427,0.25806451612903225,4063.0,1,1,Zoo,DEBin,8,CV,1,288311