
0,0.7082584760131103,0.8071770779017264,4782.0,1,1,Sensory,PSO,1,TT,1,359850
1,0.7108966837435318,0.8074263168924708,3531.0,1,1,Sensory,PSO,1,TT,1,359851
2,0.6815624445910347,0.7882518298394023,3343.0,1,1,Sensory,PSO,1,TT,1,359852
3,0.7014109332279928,0.7757960072687264,3516.0,1,1,Sensory,PSO,1,TT,1,359853
4,0.6854136583734693,0.8035571239558142,3604.0,1,1,Sensory,PSO,1,TT,1,359854
5,0.7150228888698033,0.8041097996063211,3621.0,1,1,Sensory,PSO,1,TT,1,359855
6,0.7034564269507769,0.8062556067033162,3515.0,1,1,Sensory,PSO,1,TT,1,359856
7,0.7030238139654804,0.8433576461061166,3607.0,1,1,Sensory,PSO,1,TT,1,359857
8,0.7115973997931889,0.7882906282437052,3630.0,1,1,Sensory,PSO,1,TT,1,359858
9,0.7022121826528469,0.797462136389369,3491.0,1,1,Sensory,PSO,1,TT,1,359859
10,0.7057061235936597,0.8159878097475345,4409.0,1,1,Sensory,PSO,1,TT,1,359860
11,0.7036380894056876,0.7729403560078452,3266.0,1,1,Sensory,PSO,1,TT,1,359861
12,0.7118445732939086,0.8146922046728625,2914.0,1,1,Sensory,PSO,1,TT,1,359862
13,0.7099668551068596,0.8135678152721008,3547.0,1,1,Sensory,PSO,1,TT,1,359863
14,0.7093442380459656,0.8058133655015609,3344.0,1,1,Sensory,PSO,1,TT,1,359864
15,0.698742312835878,0.7675219390460255,3613.0,1,1,Sensory,PSO,1,TT,1,359865
16,0.6979778909895522,0.8165767847075927,3555.0,1,1,Sensory,PSO,1,TT,1,359866
17,0.7021802980197536,0.8219809590275955,3654.0,1,1,Sensory,PSO,1,TT,1,359867
18,0.7042985344800792,0.8599604627773444,4726.0,1,1,Sensory,PSO,1,TT,1,359868
19,0.6982487994834218,0.7970671307934052,3500.0,1,1,Sensory,PSO,1,TT,1,359869
20,0.7146127449365708,0.8126851939904766,3546.0,1,1,Sensory,PSO,1,TT,1,359870
21,0.6987558734447904,0.7622937572452447,2918.0,1,1,Sensory,PSO,1,TT,1,359871
22,0.7015394056767367,0.8012443216794986,3531.0,1,1,Sensory,PSO,1,TT,1,359872
23,0.7055873283850888,0.7783883712945486,3650.0,1,1,Sensory,PSO,1,TT,1,359873
24,0.7115691456156366,0.782543008262769,3563.0,1,1,Sensory,PSO,1,TT,1,359874
25,0.7061807317907203,0.7755021707797686,3495.0,1,1,Sensory,PSO,1,TT,1,359875
26,0.7052376169148177,0.8248868225197299,3678.0,1,1,Sensory,PSO,1,TT,1,359876
27,0.7037218191769161,0.8125209900822348,3469.0,1,1,Sensory,PSO,1,TT,1,359877
28,0.7081970844009607,0.8417741645020685,3608.0,1,1,Sensory,PSO,1,TT,1,359878
29,0.6959403132486319,0.7742664123783652,3627.0,1,1,Sensory,PSO,1,TT,1,359879
30,0.7017142290201898,0.7770236136688426,3375.0,1,1,Sensory,PSO,1,TT,1,371995
31,0.7169090230159446,0.7679089390951882,4750.0,1,1,Sensory,PSO,1,TT,1,358955
32,0.7152124743455684,0.8206839325547536,4484.0,1,1,Sensory,PSO,1,TT,1,358995
33,0.7112797728391688,0.8400392289935097,4687.0,1,1,Sensory,PSO,1,TT,1,359035