
0,0.09047619047619047,0.81,1547.0,1,1,Vertebral3C,PSO,1,TT,1,359550
1,0.08571428571428572,0.8200000000000001,1563.0,1,1,Vertebral3C,PSO,1,TT,1,359551
2,0.08571428571428572,0.85,1285.0,1,1,Vertebral3C,PSO,1,TT,1,359552
3,0.08571428571428572,0.8,1580.0,1,1,Vertebral3C,PSO,1,TT,1,359553
4,0.08095238095238096,0.8200000000000001,1616.0,1,1,Vertebral3C,PSO,1,TT,1,359554
5,0.08095238095238096,0.83,1578.0,1,1,Vertebral3C,PSO,1,TT,1,359555
6,0.08571428571428572,0.83,1646.0,1,1,Vertebral3C,PSO,1,TT,1,359556
7,0.08571428571428572,0.8,1547.0,1,1,Vertebral3C,PSO,1,TT,1,359557
8,0.08571428571428572,0.81,1554.0,1,1,Vertebral3C,PSO,1,TT,1,359558
9,0.09047619047619047,0.8,1594.0,1,1,Vertebral3C,PSO,1,TT,1,359559
10,0.08571428571428572,0.8200000000000001,1284.0,1,1,Vertebral3C,PSO,1,TT,1,359560
11,0.08571428571428572,0.83,1577.0,1,1,Vertebral3C,PSO,1,TT,1,359561
12,0.09047619047619047,0.84,1575.0,1,1,Vertebral3C,PSO,1,TT,1,359562
13,0.08571428571428572,0.8200000000000001,1563.0,1,1,Vertebral3C,PSO,1,TT,1,359563
14,0.08571428571428572,0.81,1283.0,1,1,Vertebral3C,PSO,1,TT,1,359564
15,0.08571428571428572,0.81,1622.0,1,1,Vertebral3C,PSO,1,TT,1,359565
16,0.09047619047619047,0.81,1578.0,1,1,Vertebral3C,PSO,1,TT,1,359566
17,0.08571428571428572,0.8,1594.0,1,1,Vertebral3C,PSO,1,TT,1,359567
18,0.08571428571428572,0.8200000000000001,1289.0,1,1,Vertebral3C,PSO,1,TT,1,359568
19,0.08571428571428572,0.8200000000000001,1638.0,1,1,Vertebral3C,PSO,1,TT,1,359569
20,0.08571428571428572,0.83,1558.0,1,1,Vertebral3C,PSO,1,TT,1,359570
21,0.08571428571428572,0.8200000000000001,1609.0,1,1,Vertebral3C,PSO,1,TT,1,359571
22,0.08095238095238096,0.8200000000000001,1546.0,1,1,Vertebral3C,PSO,1,TT,1,359572
23,0.08095238095238096,0.8200000000000001,1605.0,1,1,Vertebral3C,PSO,1,TT,1,359573
24,0.08571428571428572,0.77,1600.0,1,1,Vertebral3C,PSO,1,TT,1,359574
25,0.08571428571428572,0.8200000000000001,1578.0,1,1,Vertebral3C,PSO,1,TT,1,359575
26,0.08571428571428572,0.8200000000000001,1293.0,1,1,Vertebral3C,PSO,1,TT,1,359576
27,0.08095238095238096,0.8,1583.0,1,1,Vertebral3C,PSO,1,TT,1,359577
28,0.08571428571428572,0.84,1571.0,1,1,Vertebral3C,PSO,1,TT,1,359578
29,0.08095238095238096,0.77,1578.0,1,1,Vertebral3C,PSO,1,TT,1,359579
30,0.08571428571428572,0.81,1641.0,1,1,Vertebral3C,PSO,1,TT,1,371985
31,0.08571428571428572,0.81,1984.0,1,1,Vertebral3C,PSO,1,TT,1,358945
32,0.08571428571428572,0.8,2157.0,1,1,Vertebral3C,PSO,1,TT,1,358985
33,0.08571428571428572,0.81,1953.0,1,1,Vertebral3C,PSO,1,TT,1,359025