
0,0.09047619047619047,0.79,1562.0,1,1,Vertebral3C,PSO,2,TT,1,360750
1,0.08571428571428572,0.76,1840.0,1,1,Vertebral3C,PSO,2,TT,1,360751
2,0.08571428571428572,0.81,1625.0,1,1,Vertebral3C,PSO,2,TT,1,360752
3,0.08571428571428572,0.83,1624.0,1,1,Vertebral3C,PSO,2,TT,1,360753
4,0.08571428571428572,0.83,1579.0,1,1,Vertebral3C,PSO,2,TT,1,360754
5,0.08095238095238096,0.79,1485.0,1,1,Vertebral3C,PSO,2,TT,1,360755
6,0.08571428571428572,0.8200000000000001,1438.0,1,1,Vertebral3C,PSO,2,TT,1,360756
7,0.08571428571428572,0.81,1602.0,1,1,Vertebral3C,PSO,2,TT,1,360757
8,0.08571428571428572,0.78,1578.0,1,1,Vertebral3C,PSO,2,TT,1,360758
9,0.08571428571428572,0.79,1856.0,1,1,Vertebral3C,PSO,2,TT,1,360759
10,0.08095238095238096,0.8200000000000001,1547.0,1,1,Vertebral3C,PSO,2,TT,1,360760
11,0.08571428571428572,0.84,1612.0,1,1,Vertebral3C,PSO,2,TT,1,360761
12,0.08571428571428572,0.81,1563.0,1,1,Vertebral3C,PSO,2,TT,1,360762
13,0.08571428571428572,0.8,1619.0,1,1,Vertebral3C,PSO,2,TT,1,360763
14,0.08571428571428572,0.84,1568.0,1,1,Vertebral3C,PSO,2,TT,1,360764
15,0.08571428571428572,0.81,1469.0,1,1,Vertebral3C,PSO,2,TT,1,360765
16,0.08571428571428572,0.8200000000000001,1964.0,1,1,Vertebral3C,PSO,2,TT,1,360766
17,0.08571428571428572,0.8,1484.0,1,1,Vertebral3C,PSO,2,TT,1,360767
18,0.08571428571428572,0.8200000000000001,1619.0,1,1,Vertebral3C,PSO,2,TT,1,360768
19,0.08571428571428572,0.86,1562.0,1,1,Vertebral3C,PSO,2,TT,1,360769
20,0.08095238095238096,0.81,1547.0,1,1,Vertebral3C,PSO,2,TT,1,360770
21,0.08571428571428572,0.8,1909.0,1,1,Vertebral3C,PSO,2,TT,1,360771
22,0.08571428571428572,0.8,1578.0,1,1,Vertebral3C,PSO,2,TT,1,360772
23,0.08571428571428572,0.81,1438.0,1,1,Vertebral3C,PSO,2,TT,1,360773
24,0.08571428571428572,0.85,1602.0,1,1,Vertebral3C,PSO,2,TT,1,360774
25,0.08571428571428572,0.81,1643.0,1,1,Vertebral3C,PSO,2,TT,1,360775
26,0.08571428571428572,0.81,1391.0,1,1,Vertebral3C,PSO,2,TT,1,360776
27,0.08571428571428572,0.83,1468.0,1,1,Vertebral3C,PSO,2,TT,1,360777
28,0.08571428571428572,0.8200000000000001,2111.0,1,1,Vertebral3C,PSO,2,TT,1,360778
29,0.09047619047619047,0.84,1500.0,1,1,Vertebral3C,PSO,2,TT,1,360779
30,0.08571428571428572,0.78,1516.0,1,1,Vertebral3C,PSO,2,TT,1,373225
31,0.08571428571428572,0.81,1782.0,1,1,Vertebral3C,PSO,2,TT,1,360305
32,0.08571428571428572,0.81,2187.0,1,1,Vertebral3C,PSO,2,TT,1,360345
33,0.08571428571428572,0.8,2140.0,1,1,Vertebral3C,PSO,2,TT,1,360385