
0,1.5355905293919283,3.6130614616947825,11625.0,1,1,AutoMpg,NGHS,0,TT,0,174650
1,1.5205755711994609,3.812723504808044,12216.0,1,1,AutoMpg,NGHS,0,TT,0,174651
2,1.48368031687975,3.6312726443822814,21672.0,1,1,AutoMpg,NGHS,0,TT,0,142562
3,1.5570664538271153,3.6550493326999973,11625.0,1,1,AutoMpg,NGHS,0,TT,0,174653
4,1.5244584809764739,3.7678984482977262,12887.0,1,1,AutoMpg,NGHS,0,TT,0,174654
5,1.5002497453736523,3.6116448103557324,11075.0,1,1,AutoMpg,NGHS,0,TT,0,174655
6,1.5018997741060451,3.3285132137054134,11831.0,1,1,AutoMpg,NGHS,0,TT,0,174656
7,1.564933301067049,3.3706602446559146,12795.0,1,1,AutoMpg,NGHS,0,TT,0,174657
8,1.5557633602604364,3.6573775309917105,13196.0,1,1,AutoMpg,NGHS,0,TT,0,174658
9,1.5456261092841896,3.794144992077059,11845.0,1,1,AutoMpg,NGHS,0,TT,0,174659
10,1.5441100800121885,3.5127014040215445,15824.0,1,1,AutoMpg,NGHS,0,TT,0,174660
11,1.5791502123855294,3.8008595356902313,14444.0,1,1,AutoMpg,NGHS,0,TT,0,174661
12,1.5836856740515741,3.839005784275461,15996.0,1,1,AutoMpg,NGHS,0,TT,0,174662
13,1.5411384784218563,3.437478119007269,13092.0,1,1,AutoMpg,NGHS,0,TT,0,174663
14,1.5565415046157296,3.5973721022480025,22703.0,1,1,AutoMpg,NGHS,0,TT,0,142574
15,1.5236034032669912,3.458452288718277,16140.0,1,1,AutoMpg,NGHS,0,TT,0,174665
16,1.5174759982014947,3.7579716046817895,11625.0,1,1,AutoMpg,NGHS,0,TT,0,174666
17,1.5164738896918566,3.7730953346182323,11722.0,1,1,AutoMpg,NGHS,0,TT,0,174667
18,1.5132134241888573,3.6234926428248513,12143.0,1,1,AutoMpg,NGHS,0,TT,0,174668
19,1.5242661901864345,3.408752673407088,11515.0,1,1,AutoMpg,NGHS,0,TT,0,174669
20,1.5329782119861133,3.48891213213229,11755.0,1,1,AutoMpg,NGHS,0,TT,0,174670
21,1.5727217980747021,3.6253579253996864,25704.0,1,1,AutoMpg,NGHS,0,TT,0,142581
22,1.516490509476314,3.5039939497506944,12767.0,1,1,AutoMpg,NGHS,0,TT,0,174672
23,1.5050732386952606,3.747361707298954,11820.0,1,1,AutoMpg,NGHS,0,TT,0,174673
24,1.5475874118840383,3.714701408165479,24703.0,1,1,AutoMpg,NGHS,0,TT,0,142584
25,1.550906884040658,3.675544683937921,11726.0,1,1,AutoMpg,NGHS,0,TT,0,174675
26,1.4954876016540635,3.4038492377668685,13171.0,1,1,AutoMpg,NGHS,0,TT,0,174676
27,1.5484034639652207,4.220745968825217,11673.0,1,1,AutoMpg,NGHS,0,TT,0,174677
28,1.511643601606489,3.4584994624191303,11129.0,1,1,AutoMpg,NGHS,0,TT,0,174678
29,1.5241024680242354,3.6746865525992174,27219.0,1,1,AutoMpg,NGHS,0,TT,0,142589
30,1.5458703313495916,3.9587322232474262,14949.0,1,1,AutoMpg,NGHS,0,TT,0,174680
31,1.5456071125362632,3.7906724657013693,11829.0,1,1,AutoMpg,NGHS,0,TT,0,174681
32,1.5174412195841545,4.016688391328375,14899.0,1,1,AutoMpg,NGHS,0,TT,0,174682
33,1.498906585990235,3.773137989891503,11687.0,1,1,AutoMpg,NGHS,0,TT,0,174683
34,1.5332618194996794,3.695784464039367,11669.0,1,1,AutoMpg,NGHS,0,TT,0,174684