
0,1.2942656757233377,52.552808951228165,8938.0,1,1,Cpu,NGHS,1,TT,0,176190
1,1.3028660605063362,15.101038726070065,6625.0,1,1,Cpu,NGHS,1,TT,0,176191
2,1.2001133522412062,67.7972693608217,6595.0,1,1,Cpu,NGHS,1,TT,0,176192
3,1.2080420978230177,40.106011778750634,6596.0,1,1,Cpu,NGHS,1,TT,0,176193
4,1.2579422123961317,23.160566161257332,6269.0,1,1,Cpu,NGHS,1,TT,0,176194
5,1.2961458729169144,25.25855920703617,6650.0,1,1,Cpu,NGHS,1,TT,0,176195
6,1.2227011429325512,59.73741031785934,9703.0,1,1,Cpu,NGHS,1,TT,0,143826
7,1.3640834569368883,20.10911412649279,6578.0,1,1,Cpu,NGHS,1,TT,0,176197
8,1.1403852049295742,35.1538310867956,6563.0,1,1,Cpu,NGHS,1,TT,0,176198
9,1.1716626589320627,53.79530854411875,6629.0,1,1,Cpu,NGHS,1,TT,0,176199
10,1.321197118922144,26.086987618228708,6578.0,1,1,Cpu,NGHS,1,TT,0,176200
11,1.246122621737053,37.64333131052443,7448.0,1,1,Cpu,NGHS,1,TT,0,176201
12,1.1984916535693653,21.32297311232115,6700.0,1,1,Cpu,NGHS,1,TT,0,176202
13,1.2005583694911772,44.63813315709266,6674.0,1,1,Cpu,NGHS,1,TT,0,176203
14,1.2947831472017575,48.01206341586468,9734.0,1,1,Cpu,NGHS,1,TT,0,143834
15,1.3158485857712654,36.2418880567053,6562.0,1,1,Cpu,NGHS,1,TT,0,176205
16,1.142584096347043,67.74309508815429,8139.0,1,1,Cpu,NGHS,1,TT,0,176206
17,1.128810240956674,27.48572087046235,6747.0,1,1,Cpu,NGHS,1,TT,0,176207
18,1.24516687247027,17.66269068673619,8128.0,1,1,Cpu,NGHS,1,TT,0,176208
19,1.155044857037753,8.613866055434334,6868.0,1,1,Cpu,NGHS,1,TT,0,176209
20,1.2853097523588224,45.12201753736558,9578.0,1,1,Cpu,NGHS,1,TT,0,143840
21,1.387447951873792,49.54364007985388,8192.0,1,1,Cpu,NGHS,1,TT,0,176211
22,1.2103449386171075,74.08260617764641,8966.0,1,1,Cpu,NGHS,1,TT,0,176212
23,1.1680169771560316,16.15874401825527,9969.0,1,1,Cpu,NGHS,1,TT,0,143843
24,1.2494914317809882,64.05413499716575,6630.0,1,1,Cpu,NGHS,1,TT,0,176214
25,1.2379810434416727,24.139552816707305,6633.0,1,1,Cpu,NGHS,1,TT,0,176215
26,1.2506890354336462,52.76550291548564,6846.0,1,1,Cpu,NGHS,1,TT,0,176216
27,1.182284030900954,85.3333731867705,6654.0,1,1,Cpu,NGHS,1,TT,0,176217
28,1.2383749623826255,17.119327891238395,9039.0,1,1,Cpu,NGHS,1,TT,0,176218
29,1.2384282528079602,67.1161198887079,6515.0,1,1,Cpu,NGHS,1,TT,0,176219
30,1.1969324682793943,11.129628484057456,6515.0,1,1,Cpu,NGHS,1,TT,0,176220
31,1.1832809605694001,9.244591469302057,9050.0,1,1,Cpu,NGHS,1,TT,0,176221
32,1.2833800215543396,110.47975448432042,6694.0,1,1,Cpu,NGHS,1,TT,0,176222
33,1.2433166020252928,176.47148801599326,6633.0,1,1,Cpu,NGHS,1,TT,0,176223
34,1.2960212934942978,54.31683785088501,6531.0,1,1,Cpu,NGHS,1,TT,0,176224