
0,0.14215686274509798,0.6568627450980392,9289.0,1,1,Haberman,NGHS,1,TT,0,175455
1,0.14215686274509798,0.7156862745098039,9510.0,1,1,Haberman,NGHS,1,TT,0,175456
2,0.14215686274509798,0.696078431372549,11140.0,1,1,Haberman,NGHS,1,TT,0,175457
3,0.14215686274509798,0.6862745098039216,10469.0,1,1,Haberman,NGHS,1,TT,0,175458
4,0.14215686274509798,0.6764705882352942,12361.0,1,1,Haberman,NGHS,1,TT,0,175459
5,0.14215686274509803,0.6764705882352942,9015.0,1,1,Haberman,NGHS,1,TT,0,175460
6,0.14215686274509798,0.6862745098039216,9328.0,1,1,Haberman,NGHS,1,TT,0,175461
7,0.14215686274509798,0.7058823529411764,10984.0,1,1,Haberman,NGHS,1,TT,0,175462
8,0.14215686274509798,0.7058823529411764,11672.0,1,1,Haberman,NGHS,1,TT,0,175463
9,0.14705882352941177,0.7156862745098039,9103.0,1,1,Haberman,NGHS,1,TT,0,175464
10,0.1470588235294118,0.696078431372549,10671.0,1,1,Haberman,NGHS,1,TT,0,175465
11,0.14215686274509798,0.696078431372549,13531.0,1,1,Haberman,NGHS,1,TT,0,175466
12,0.12254901960784313,0.6568627450980392,13201.0,1,1,Haberman,NGHS,1,TT,0,175467
13,0.13725490196078427,0.696078431372549,11056.0,1,1,Haberman,NGHS,1,TT,0,175468
14,0.13725490196078427,0.6862745098039216,10422.0,1,1,Haberman,NGHS,1,TT,0,175469
15,0.14215686274509798,0.7058823529411764,11291.0,1,1,Haberman,NGHS,1,TT,0,175470
16,0.14215686274509798,0.696078431372549,8797.0,1,1,Haberman,NGHS,1,TT,0,175471
17,0.14215686274509798,0.6666666666666667,8843.0,1,1,Haberman,NGHS,1,TT,0,175472
18,0.14215686274509798,0.6764705882352942,8813.0,1,1,Haberman,NGHS,1,TT,0,175473
19,0.13725490196078433,0.696078431372549,12168.0,1,1,Haberman,NGHS,1,TT,0,175474
20,0.14215686274509798,0.7254901960784313,8984.0,1,1,Haberman,NGHS,1,TT,0,175475
21,0.14215686274509798,0.6862745098039216,9080.0,1,1,Haberman,NGHS,1,TT,0,175476
22,0.14215686274509798,0.6862745098039216,8880.0,1,1,Haberman,NGHS,1,TT,0,175477
23,0.1470588235294118,0.6764705882352942,8859.0,1,1,Haberman,NGHS,1,TT,0,175478
24,0.14215686274509798,0.6862745098039216,9298.0,1,1,Haberman,NGHS,1,TT,0,175479
25,0.14215686274509798,0.6764705882352942,9743.0,1,1,Haberman,NGHS,1,TT,0,175480
26,0.13725490196078427,0.6862745098039216,9085.0,1,1,Haberman,NGHS,1,TT,0,175481
27,0.14215686274509798,0.6764705882352942,8630.0,1,1,Haberman,NGHS,1,TT,0,175482
28,0.14215686274509798,0.696078431372549,9203.0,1,1,Haberman,NGHS,1,TT,0,175483
29,0.13725490196078427,0.6470588235294117,8625.0,1,1,Haberman,NGHS,1,TT,0,175484
30,0.13725490196078427,0.6666666666666667,9589.0,1,1,Haberman,NGHS,1,TT,0,175485
31,0.14215686274509798,0.7058823529411764,9483.0,1,1,Haberman,NGHS,1,TT,0,175486
32,0.14215686274509798,0.6862745098039216,9720.0,1,1,Haberman,NGHS,1,TT,0,175487
33,0.14215686274509798,0.696078431372549,9926.0,1,1,Haberman,NGHS,1,TT,0,175488
34,0.13725490196078427,0.6568627450980392,10859.0,1,1,Haberman,NGHS,1,TT,0,175489