
0,0.011363636363636354,0.6818181818181819,4329.0,1,1,Hayes,NGHS,1,TT,0,175490
1,0.011363636363636354,0.6818181818181819,5562.0,1,1,Hayes,NGHS,1,TT,0,175491
2,0.011363636363636354,0.6590909090909092,5599.0,1,1,Hayes,NGHS,1,TT,0,175492
3,0.011363636363636354,0.7272727272727273,4328.0,1,1,Hayes,NGHS,1,TT,0,175493
4,0.011363636363636364,0.6590909090909092,5004.0,1,1,Hayes,NGHS,1,TT,0,175494
5,0.011363636363636354,0.75,4483.0,1,1,Hayes,NGHS,1,TT,0,175495
6,0.011363636363636354,0.6590909090909092,4578.0,1,1,Hayes,NGHS,1,TT,0,175496
7,0.011363636363636354,0.6818181818181819,5765.0,1,1,Hayes,NGHS,1,TT,0,175497
8,0.022727272727272707,0.6136363636363636,4474.0,1,1,Hayes,NGHS,1,TT,0,175498
9,0.011363636363636354,0.6363636363636364,5672.0,1,1,Hayes,NGHS,1,TT,0,175499
10,0.011363636363636354,0.6590909090909092,4437.0,1,1,Hayes,NGHS,1,TT,0,175500
11,0.011363636363636354,0.7272727272727273,4466.0,1,1,Hayes,NGHS,1,TT,0,175501
12,0.011363636363636354,0.75,4695.0,1,1,Hayes,NGHS,1,TT,0,175502
13,0.011363636363636364,0.4772727272727273,4532.0,1,1,Hayes,NGHS,1,TT,0,175503
14,0.022727272727272707,0.7045454545454546,4801.0,1,1,Hayes,NGHS,1,TT,0,175504
15,0.022727272727272728,0.6590909090909092,7058.0,1,1,Hayes,NGHS,1,TT,0,175505
16,0.011363636363636354,0.6136363636363636,4750.0,1,1,Hayes,NGHS,1,TT,0,175506
17,0.011363636363636354,0.6590909090909092,6151.0,1,1,Hayes,NGHS,1,TT,0,175507
18,0.011363636363636354,0.75,4359.0,1,1,Hayes,NGHS,1,TT,0,175508
19,0.022727272727272707,0.6590909090909092,4516.0,1,1,Hayes,NGHS,1,TT,0,175509
20,0.011363636363636354,0.6590909090909092,4359.0,1,1,Hayes,NGHS,1,TT,0,175510
21,0.011363636363636354,0.6363636363636364,4504.0,1,1,Hayes,NGHS,1,TT,0,175511
22,0.011363636363636354,0.6590909090909092,5500.0,1,1,Hayes,NGHS,1,TT,0,175512
23,0.011363636363636354,0.75,4473.0,1,1,Hayes,NGHS,1,TT,0,175513
24,0.011363636363636354,0.6136363636363636,4500.0,1,1,Hayes,NGHS,1,TT,0,175514
25,0.011363636363636354,0.6590909090909092,4390.0,1,1,Hayes,NGHS,1,TT,0,175515
26,0.011363636363636354,0.6590909090909092,4452.0,1,1,Hayes,NGHS,1,TT,0,175516
27,0.022727272727272707,0.6136363636363636,5562.0,1,1,Hayes,NGHS,1,TT,0,175517
28,0.011363636363636364,0.7272727272727273,9000.0,1,1,Hayes,NGHS,1,TT,0,175518
29,0.011363636363636354,0.6818181818181819,4750.0,1,1,Hayes,NGHS,1,TT,0,175519
30,0.011363636363636364,0.6818181818181819,4778.0,1,1,Hayes,NGHS,1,TT,0,175520
31,0.011363636363636354,0.6136363636363636,5391.0,1,1,Hayes,NGHS,1,TT,0,175521
32,0.011363636363636354,0.6818181818181819,5375.0,1,1,Hayes,NGHS,1,TT,0,175522
33,0.022727272727272707,0.6363636363636364,5360.0,1,1,Hayes,NGHS,1,TT,0,175523
34,0.022727272727272728,0.6363636363636364,3563.0,1,1,Hayes,NGHS,1,TT,0,175524