
0,1.2832938559029445,104.48845241771275,6594.0,1,1,Cpu,NGHS,2,TT,0,177660
1,1.2564618694442524,91.89576622988231,6235.0,1,1,Cpu,NGHS,2,TT,0,177661
2,1.1902720323065714,57.071166997579695,6563.0,1,1,Cpu,NGHS,2,TT,0,177662
3,1.2534040528429353,18.094992730274225,6286.0,1,1,Cpu,NGHS,2,TT,0,177663
4,1.3434928761617408,27.780263212497058,6726.0,1,1,Cpu,NGHS,2,TT,0,177664
5,1.2379224683283516,8.783413079766069,6547.0,1,1,Cpu,NGHS,2,TT,0,177665
6,1.267322558310416,80.83140993470623,6844.0,1,1,Cpu,NGHS,2,TT,0,177666
7,1.35091685948332,13.523231267955374,6625.0,1,1,Cpu,NGHS,2,TT,0,177667
8,1.2558334663305752,74.50104978035273,7406.0,1,1,Cpu,NGHS,2,TT,0,177668
9,1.2615815762400273,55.73621335037732,9937.0,1,1,Cpu,NGHS,2,TT,0,145029
10,1.304019194044184,31.150072062339557,9734.0,1,1,Cpu,NGHS,2,TT,0,145030
11,1.2203319562611041,31.004704704819837,6644.0,1,1,Cpu,NGHS,2,TT,0,177671
12,1.3790267521866888,40.01732776575661,8198.0,1,1,Cpu,NGHS,2,TT,0,177672
13,1.3637130955515577,28.279340512454525,6562.0,1,1,Cpu,NGHS,2,TT,0,177673
14,1.2338984468889544,16.220133399926212,10047.0,1,1,Cpu,NGHS,2,TT,0,145034
15,1.3352157060357326,30.294750629228748,8183.0,1,1,Cpu,NGHS,2,TT,0,177675
16,1.360286402921436,34.27515740596302,8171.0,1,1,Cpu,NGHS,2,TT,0,177676
17,1.129465412191277,56.61471501994775,6597.0,1,1,Cpu,NGHS,2,TT,0,177677
18,1.2212603348036108,74.6213960561053,7395.0,1,1,Cpu,NGHS,2,TT,0,177678
19,1.3106708204288973,15.052466132187789,9014.0,1,1,Cpu,NGHS,2,TT,0,177679
20,1.3809893204528882,75.04249516887283,9095.0,1,1,Cpu,NGHS,2,TT,0,177680
21,1.2487380473935925,24.600596393530367,7294.0,1,1,Cpu,NGHS,2,TT,0,177681
22,1.256647720754732,69.77871020734064,9048.0,1,1,Cpu,NGHS,2,TT,0,177682
23,1.3236511187284716,28.929286492883833,8904.0,1,1,Cpu,NGHS,2,TT,0,177683
24,1.2915632924074931,21.413219666671075,6578.0,1,1,Cpu,NGHS,2,TT,0,177684
25,1.2594111654789166,164.8535592009297,8921.0,1,1,Cpu,NGHS,2,TT,0,177685
26,1.2529720295404263,10.328750757414372,6616.0,1,1,Cpu,NGHS,2,TT,0,177686
27,1.2542448347346582,17.18451240158008,6578.0,1,1,Cpu,NGHS,2,TT,0,177687
28,1.3272670455414302,12.760865500348757,6562.0,1,1,Cpu,NGHS,2,TT,0,177688
29,1.3610667899207987,65.69317238736184,6578.0,1,1,Cpu,NGHS,2,TT,0,177689
30,1.2864270715768344,18.84774558338561,6205.0,1,1,Cpu,NGHS,2,TT,0,177690
31,1.2715794438532895,6.832029212203379,6668.0,1,1,Cpu,NGHS,2,TT,0,177691
32,1.226891770316968,30.622046430434622,6681.0,1,1,Cpu,NGHS,2,TT,0,177692
33,1.2011250042808816,21.47972119401805,6642.0,1,1,Cpu,NGHS,2,TT,0,177693
34,1.2680418961308928,11.529252310558807,8531.0,1,1,Cpu,NGHS,2,TT,0,177694