
0,0.08441558441558439,0.6,7907.0,1,1,Glass,NGHS,2,TT,0,176890
1,0.08441558441558439,0.5833333333333333,7882.0,1,1,Glass,NGHS,2,TT,0,176891
2,0.0714285714285714,0.6666666666666667,9575.0,1,1,Glass,NGHS,2,TT,0,176892
3,0.08441558441558439,0.65,7312.0,1,1,Glass,NGHS,2,TT,0,176893
4,0.07792207792207795,0.65,8033.0,1,1,Glass,NGHS,2,TT,0,176894
5,0.08441558441558439,0.6,7453.0,1,1,Glass,NGHS,2,TT,0,176895
6,0.08441558441558442,0.65,8015.0,1,1,Glass,NGHS,2,TT,0,176896
7,0.07792207792207795,0.6666666666666667,8035.0,1,1,Glass,NGHS,2,TT,0,176897
8,0.08441558441558439,0.6333333333333333,7703.0,1,1,Glass,NGHS,2,TT,0,176898
9,0.07792207792207795,0.6833333333333333,7375.0,1,1,Glass,NGHS,2,TT,0,176899
10,0.07792207792207795,0.6333333333333333,7797.0,1,1,Glass,NGHS,2,TT,0,176900
11,0.07142857142857142,0.6166666666666667,7751.0,1,1,Glass,NGHS,2,TT,0,176901
12,0.06493506493506496,0.6333333333333333,7453.0,1,1,Glass,NGHS,2,TT,0,176902
13,0.0714285714285714,0.6833333333333333,8070.0,1,1,Glass,NGHS,2,TT,0,176903
14,0.08441558441558439,0.65,7859.0,1,1,Glass,NGHS,2,TT,0,176904
15,0.0714285714285714,0.6666666666666667,7643.0,1,1,Glass,NGHS,2,TT,0,176905
16,0.06493506493506496,0.6,7492.0,1,1,Glass,NGHS,2,TT,0,176906
17,0.0714285714285714,0.6166666666666667,7863.0,1,1,Glass,NGHS,2,TT,0,176907
18,0.09090909090909091,0.55,9654.0,1,1,Glass,NGHS,2,TT,0,176908
19,0.07792207792207795,0.6,7266.0,1,1,Glass,NGHS,2,TT,0,176909
20,0.07792207792207792,0.6,8026.0,1,1,Glass,NGHS,2,TT,0,176910
21,0.07142857142857142,0.65,6875.0,1,1,Glass,NGHS,2,TT,0,176911
22,0.0714285714285714,0.6666666666666667,7828.0,1,1,Glass,NGHS,2,TT,0,176912
23,0.0714285714285714,0.6333333333333333,7453.0,1,1,Glass,NGHS,2,TT,0,176913
24,0.08441558441558442,0.6333333333333333,7750.0,1,1,Glass,NGHS,2,TT,0,176914
25,0.08441558441558439,0.6,7328.0,1,1,Glass,NGHS,2,TT,0,176915
26,0.07792207792207795,0.6666666666666667,8057.0,1,1,Glass,NGHS,2,TT,0,176916
27,0.0714285714285714,0.5833333333333333,7437.0,1,1,Glass,NGHS,2,TT,0,176917
28,0.08441558441558439,0.65,7297.0,1,1,Glass,NGHS,2,TT,0,176918
29,0.07792207792207795,0.65,9996.0,1,1,Glass,NGHS,2,TT,0,176919
30,0.08441558441558439,0.6166666666666667,9281.0,1,1,Glass,NGHS,2,TT,0,176920
31,0.0714285714285714,0.55,7465.0,1,1,Glass,NGHS,2,TT,0,176921
32,0.07792207792207795,0.7,7422.0,1,1,Glass,NGHS,2,TT,0,176922
33,0.07142857142857142,0.6166666666666667,10254.0,1,1,Glass,NGHS,2,TT,0,176923
34,0.07792207792207795,0.6833333333333333,7535.0,1,1,Glass,NGHS,2,TT,0,176924