
0,803.8514901508615,3351.4146175893975,6990.0,1,1,AutoPrice,NGHS,4,TT,0,180565
1,785.5480860405389,3976.8570074520353,7736.0,1,1,AutoPrice,NGHS,4,TT,0,180566
2,809.4264318075516,4926.2457933367095,7590.0,1,1,AutoPrice,NGHS,4,TT,0,180567
3,831.234040309983,3598.861691198102,7684.0,1,1,AutoPrice,NGHS,4,TT,0,180568
4,800.279833476648,3375.9533000790716,5917.0,1,1,AutoPrice,NGHS,4,TT,0,180569
5,767.9974859708035,5190.442323690415,5578.0,1,1,AutoPrice,NGHS,4,TT,0,180570
6,855.5560247688472,4547.1263277914895,5578.0,1,1,AutoPrice,NGHS,4,TT,0,180571
7,843.7934543730706,4443.423745789214,8688.0,1,1,AutoPrice,NGHS,4,TT,0,147397
8,817.4318066418808,4109.734096791634,5500.0,1,1,AutoPrice,NGHS,4,TT,0,180573
9,702.8025433381297,5913.619658813332,5625.0,1,1,AutoPrice,NGHS,4,TT,0,180574
10,791.4178876363488,3030.703230138047,5578.0,1,1,AutoPrice,NGHS,4,TT,0,180575
11,815.4908357737665,3607.2108034824087,5691.0,1,1,AutoPrice,NGHS,4,TT,0,180576
12,858.1375075567801,3731.0361076929194,5665.0,1,1,AutoPrice,NGHS,4,TT,0,180577
13,774.4750366316492,3852.0350794890796,6280.0,1,1,AutoPrice,NGHS,4,TT,0,180578
14,846.2079295487954,4400.636969289479,6314.0,1,1,AutoPrice,NGHS,4,TT,0,180579
15,829.805582887991,3444.8134591569146,7759.0,1,1,AutoPrice,NGHS,4,TT,0,180580
16,763.1498511065538,4591.551303762663,7281.0,1,1,AutoPrice,NGHS,4,TT,0,180581
17,794.8610666370679,4315.279325084218,7875.0,1,1,AutoPrice,NGHS,4,TT,0,180582
18,732.4268688987733,3255.761195310588,7053.0,1,1,AutoPrice,NGHS,4,TT,0,180583
19,832.5404822742071,2938.56515074522,6926.0,1,1,AutoPrice,NGHS,4,TT,0,180584
20,801.2722978121577,3359.135989731009,8453.0,1,1,AutoPrice,NGHS,4,TT,0,147410
21,830.3405412203116,4015.535869397576,7755.0,1,1,AutoPrice,NGHS,4,TT,0,180586
22,868.8344885943443,5156.407973358853,6944.0,1,1,AutoPrice,NGHS,4,TT,0,180587
23,782.7595904926235,4160.766329086488,7697.0,1,1,AutoPrice,NGHS,4,TT,0,180588
24,768.3274982292113,3178.064105384391,7735.0,1,1,AutoPrice,NGHS,4,TT,0,180589
25,831.9706206325704,5041.499722130922,8843.0,1,1,AutoPrice,NGHS,4,TT,0,147415
26,794.5536401439283,4340.398890749789,7642.0,1,1,AutoPrice,NGHS,4,TT,0,180591
27,817.7151214700933,2597.1416138768805,7815.0,1,1,AutoPrice,NGHS,4,TT,0,180592
28,828.4296741499845,3266.8330719093387,5609.0,1,1,AutoPrice,NGHS,4,TT,0,180593
29,838.3797062231625,4601.912101367269,8735.0,1,1,AutoPrice,NGHS,4,TT,0,147419
30,733.3030893029926,5638.586299026279,5516.0,1,1,AutoPrice,NGHS,4,TT,0,180595
31,795.3336626267354,3621.7128134442214,5594.0,1,1,AutoPrice,NGHS,4,TT,0,180596
32,860.8042645671287,4505.721832181386,5625.0,1,1,AutoPrice,NGHS,4,TT,0,180597
33,799.4104135934728,4320.187022312424,5593.0,1,1,AutoPrice,NGHS,4,TT,0,180598
34,775.4063741034159,3682.7885877769068,5956.0,1,1,AutoPrice,NGHS,4,TT,0,180599