
0,67.32995560569927,319.14452220101265,5234.0,1,1,Veteran,NGHS,4,TT,0,180705
1,72.33519546182212,382.9931733499196,4694.0,1,1,Veteran,NGHS,4,TT,0,180706
2,68.28149478004303,206.2354447736341,4665.0,1,1,Veteran,NGHS,4,TT,0,180707
3,67.06832172516735,219.93988394601726,6422.0,1,1,Veteran,NGHS,4,TT,0,180708
4,63.70546795232708,352.0633267382759,5877.0,1,1,Veteran,NGHS,4,TT,0,180709
5,64.55316319049065,272.48248401666905,4806.0,1,1,Veteran,NGHS,4,TT,0,180710
6,74.09826423603027,210.75719476530392,4656.0,1,1,Veteran,NGHS,4,TT,0,180711
7,65.26966351840888,237.8046904438505,4703.0,1,1,Veteran,NGHS,4,TT,0,180712
8,68.04316666797962,322.93464629704806,6283.0,1,1,Veteran,NGHS,4,TT,0,180713
9,70.67855130890835,275.27396362967664,6328.0,1,1,Veteran,NGHS,4,TT,0,180714
10,66.68862243496102,396.1746344839487,4681.0,1,1,Veteran,NGHS,4,TT,0,180715
11,65.48807471966913,209.04274752106997,6407.0,1,1,Veteran,NGHS,4,TT,0,180716
12,64.71101613411992,239.4438198312766,4714.0,1,1,Veteran,NGHS,4,TT,0,180717
13,71.78341273368895,180.76286811097404,4420.0,1,1,Veteran,NGHS,4,TT,0,180718
14,66.80417705881625,301.3138851259677,4431.0,1,1,Veteran,NGHS,4,TT,0,180719
15,64.84301306417181,547.7276262224927,5280.0,1,1,Veteran,NGHS,4,TT,0,180720
16,66.20106418556185,436.95137725852805,4625.0,1,1,Veteran,NGHS,4,TT,0,180721
17,66.23791134495752,247.33607392541867,6390.0,1,1,Veteran,NGHS,4,TT,0,180722
18,66.62042150658151,339.5102652495201,7282.0,1,1,Veteran,NGHS,4,TT,0,147528
19,67.87125641019746,411.26199854373306,6471.0,1,1,Veteran,NGHS,4,TT,0,180724
20,65.46819596581678,213.33695265792292,4656.0,1,1,Veteran,NGHS,4,TT,0,180725
21,68.14376753842711,171.22285125815276,4640.0,1,1,Veteran,NGHS,4,TT,0,180726
22,69.84724884670088,399.45690632263666,5214.0,1,1,Veteran,NGHS,4,TT,0,180727
23,68.93368054220443,681.9530235210267,6305.0,1,1,Veteran,NGHS,4,TT,0,180728
24,64.05851412714223,360.36309451166125,4824.0,1,1,Veteran,NGHS,4,TT,0,180729
25,67.26340989389097,319.91077573918204,4816.0,1,1,Veteran,NGHS,4,TT,0,180730
26,64.64994994497225,221.46728529579104,5826.0,1,1,Veteran,NGHS,4,TT,0,180731
27,65.93382249000447,172.74059093955648,4889.0,1,1,Veteran,NGHS,4,TT,0,180732
28,63.1474280857543,320.5515868684684,5796.0,1,1,Veteran,NGHS,4,TT,0,180733
29,70.49046746313768,301.39450816802224,5756.0,1,1,Veteran,NGHS,4,TT,0,180734
30,66.47337872383372,179.7526381035484,6509.0,1,1,Veteran,NGHS,4,TT,0,180735
31,66.15866753818868,200.75963421889273,6000.0,1,1,Veteran,NGHS,4,TT,0,180736
32,66.08365489629915,411.23180350588706,5828.0,1,1,Veteran,NGHS,4,TT,0,180737
33,64.80430854696894,367.5643099823223,4705.0,1,1,Veteran,NGHS,4,TT,0,180738
34,66.81787523699641,192.7909681452914,4684.0,1,1,Veteran,NGHS,4,TT,0,180739