
0,0.9951783353863166,19.038041872347947,9202.0,1,1,Cpu,NGHS,6,TT,0,183540
1,1.0512643776338948,112.64205298000269,9145.0,1,1,Cpu,NGHS,6,TT,0,183541
2,1.0370396664520016,133.70646852525041,9267.0,1,1,Cpu,NGHS,6,TT,0,183542
3,0.9610820647754845,25.98758952089378,6578.0,1,1,Cpu,NGHS,6,TT,0,183543
4,0.9399460516563578,89.80951293222769,6630.0,1,1,Cpu,NGHS,6,TT,0,183544
5,1.0233557186621005,52.08540660007474,6605.0,1,1,Cpu,NGHS,6,TT,0,183545
6,0.9496957450433791,19.58079053104977,6579.0,1,1,Cpu,NGHS,6,TT,0,183546
7,1.0408713764593205,54.1668864908037,6562.0,1,1,Cpu,NGHS,6,TT,0,183547
8,1.0189046276393159,38.1333210662585,6638.0,1,1,Cpu,NGHS,6,TT,0,183548
9,1.1099748829131209,21.435575977509327,6663.0,1,1,Cpu,NGHS,6,TT,0,183549
10,1.0493864990886912,127.09648210093665,6546.0,1,1,Cpu,NGHS,6,TT,0,183550
11,1.0729196124858493,68.31386240599144,6622.0,1,1,Cpu,NGHS,6,TT,0,183551
12,1.0884937689028393,54.45035005294768,6625.0,1,1,Cpu,NGHS,6,TT,0,183552
13,0.9728494173963146,36.304372577863404,6642.0,1,1,Cpu,NGHS,6,TT,0,183553
14,1.060764135609389,27.602624683841945,9828.0,1,1,Cpu,NGHS,6,TT,0,149834
15,0.9876223383668634,42.55529105744972,9407.0,1,1,Cpu,NGHS,6,TT,0,149835
16,1.1062937308640328,71.1078009061826,8319.0,1,1,Cpu,NGHS,6,TT,0,183556
17,1.025041665205432,21.968667600362288,8163.0,1,1,Cpu,NGHS,6,TT,0,183557
18,1.0631011456588826,27.531024281962594,9703.0,1,1,Cpu,NGHS,6,TT,0,149838
19,1.0493076729926716,157.10475811719445,7406.0,1,1,Cpu,NGHS,6,TT,0,183559
20,1.0022655245263858,24.802464932419625,6654.0,1,1,Cpu,NGHS,6,TT,0,183560
21,1.0926348595407873,44.20013964684755,9151.0,1,1,Cpu,NGHS,6,TT,0,183561
22,1.0838448681894906,32.83954959004908,8170.0,1,1,Cpu,NGHS,6,TT,0,183562
23,1.1435198104168187,29.483340640005558,6651.0,1,1,Cpu,NGHS,6,TT,0,183563
24,1.0568276602283764,35.12153832015659,9004.0,1,1,Cpu,NGHS,6,TT,0,183564
25,0.950378047407117,44.30901373109212,9065.0,1,1,Cpu,NGHS,6,TT,0,183565
26,1.050496170570828,210.64982437795632,6607.0,1,1,Cpu,NGHS,6,TT,0,183566
27,0.9777863012013941,28.244338074866747,6275.0,1,1,Cpu,NGHS,6,TT,0,183567
28,1.1159996378317407,39.51004772434136,6713.0,1,1,Cpu,NGHS,6,TT,0,183568
29,1.0294923640132156,114.3078700825131,9766.0,1,1,Cpu,NGHS,6,TT,0,149849
30,1.0214672742578268,58.42717882039006,9020.0,1,1,Cpu,NGHS,6,TT,0,183570
31,0.9614526082589239,15.356831406007444,7551.0,1,1,Cpu,NGHS,6,TT,0,183571
32,0.979662770680035,97.6203562360152,6663.0,1,1,Cpu,NGHS,6,TT,0,183572
33,1.1525268011268088,175.02172480255274,6279.0,1,1,Cpu,NGHS,6,TT,0,183573
34,1.0636671775238054,58.54172808554624,8121.0,1,1,Cpu,NGHS,6,TT,0,183574