
0,0.08095238095238096,0.8200000000000001,10205.0,1,1,Vertebral3C,NGHS,6,TT,0,183225
1,0.080952380952381,0.79,9844.0,1,1,Vertebral3C,NGHS,6,TT,0,183226
2,0.080952380952381,0.84,9383.0,1,1,Vertebral3C,NGHS,6,TT,0,183227
3,0.08095238095238096,0.81,9872.0,1,1,Vertebral3C,NGHS,6,TT,0,183228
4,0.07619047619047614,0.83,9375.0,1,1,Vertebral3C,NGHS,6,TT,0,183229
5,0.0761904761904762,0.83,12942.0,1,1,Vertebral3C,NGHS,6,TT,0,183230
6,0.080952380952381,0.86,9427.0,1,1,Vertebral3C,NGHS,6,TT,0,183231
7,0.08095238095238096,0.8200000000000001,9538.0,1,1,Vertebral3C,NGHS,6,TT,0,183232
8,0.080952380952381,0.83,9989.0,1,1,Vertebral3C,NGHS,6,TT,0,183233
9,0.080952380952381,0.84,9266.0,1,1,Vertebral3C,NGHS,6,TT,0,183234
10,0.080952380952381,0.8200000000000001,10013.0,1,1,Vertebral3C,NGHS,6,TT,0,183235
11,0.08095238095238096,0.78,12822.0,1,1,Vertebral3C,NGHS,6,TT,0,183236
12,0.08095238095238096,0.8,9179.0,1,1,Vertebral3C,NGHS,6,TT,0,183237
13,0.08571428571428574,0.83,9750.0,1,1,Vertebral3C,NGHS,6,TT,0,183238
14,0.080952380952381,0.8200000000000001,10262.0,1,1,Vertebral3C,NGHS,6,TT,0,183239
15,0.08095238095238096,0.83,10761.0,1,1,Vertebral3C,NGHS,6,TT,0,183240
16,0.08571428571428572,0.8200000000000001,8013.0,1,1,Vertebral3C,NGHS,6,TT,0,183241
17,0.07619047619047614,0.81,10467.0,1,1,Vertebral3C,NGHS,6,TT,0,183242
18,0.07619047619047614,0.78,9359.0,1,1,Vertebral3C,NGHS,6,TT,0,183243
19,0.0761904761904762,0.8200000000000001,9527.0,1,1,Vertebral3C,NGHS,6,TT,0,183244
20,0.080952380952381,0.81,9570.0,1,1,Vertebral3C,NGHS,6,TT,0,183245
21,0.080952380952381,0.83,9366.0,1,1,Vertebral3C,NGHS,6,TT,0,183246
22,0.07619047619047614,0.81,12250.0,1,1,Vertebral3C,NGHS,6,TT,0,183247
23,0.080952380952381,0.8200000000000001,10022.0,1,1,Vertebral3C,NGHS,6,TT,0,183248
24,0.080952380952381,0.8200000000000001,9441.0,1,1,Vertebral3C,NGHS,6,TT,0,183249
25,0.08571428571428574,0.81,9453.0,1,1,Vertebral3C,NGHS,6,TT,0,183250
26,0.080952380952381,0.78,9954.0,1,1,Vertebral3C,NGHS,6,TT,0,183251
27,0.080952380952381,0.81,9481.0,1,1,Vertebral3C,NGHS,6,TT,0,183252
28,0.08095238095238096,0.79,8916.0,1,1,Vertebral3C,NGHS,6,TT,0,183253
29,0.08571428571428574,0.85,9328.0,1,1,Vertebral3C,NGHS,6,TT,0,183254
30,0.080952380952381,0.85,10016.0,1,1,Vertebral3C,NGHS,6,TT,0,183255
31,0.080952380952381,0.81,10115.0,1,1,Vertebral3C,NGHS,6,TT,0,183256
32,0.08571428571428574,0.8200000000000001,11703.0,1,1,Vertebral3C,NGHS,6,TT,0,183257
33,0.080952380952381,0.8,10071.0,1,1,Vertebral3C,NGHS,6,TT,0,183258
34,0.080952380952381,0.8,9719.0,1,1,Vertebral3C,NGHS,6,TT,0,183259