
0,0.0,0.9754098360655737,12739.0,1,1,Dermatology,NGHS,7,TT,0,183820
1,0.0,0.9754098360655737,12716.0,1,1,Dermatology,NGHS,7,TT,0,183821
2,0.0,0.9672131147540983,12969.0,1,1,Dermatology,NGHS,7,TT,0,183822
3,0.0,0.9590163934426229,12759.0,1,1,Dermatology,NGHS,7,TT,0,183823
4,0.0,0.9836065573770492,12813.0,1,1,Dermatology,NGHS,7,TT,0,188199
5,0.0,0.9754098360655737,13800.0,1,1,Dermatology,NGHS,7,TT,0,183825
6,0.0,0.9672131147540983,13281.0,1,1,Dermatology,NGHS,7,TT,0,183826
7,0.0,0.9754098360655737,13447.0,1,1,Dermatology,NGHS,7,TT,0,183827
8,0.0,0.9754098360655737,13760.0,1,1,Dermatology,NGHS,7,TT,0,183828
9,0.0,0.9672131147540983,17433.0,1,1,Dermatology,NGHS,7,TT,0,184109
10,0.0,0.9672131147540983,13826.0,1,1,Dermatology,NGHS,7,TT,0,183830
11,0.0,0.9590163934426229,12704.0,1,1,Dermatology,NGHS,7,TT,0,183831
12,0.0,0.9836065573770492,14360.0,1,1,Dermatology,NGHS,7,TT,0,183832
13,0.0,0.9836065573770492,12922.0,1,1,Dermatology,NGHS,7,TT,0,183833
14,0.0,0.9754098360655737,16671.0,1,1,Dermatology,NGHS,7,TT,0,183834
15,0.0,0.9836065573770492,12984.0,1,1,Dermatology,NGHS,7,TT,0,183835
16,0.0,0.9672131147540983,12684.0,1,1,Dermatology,NGHS,7,TT,0,183836
17,0.0,0.9754098360655737,12797.0,1,1,Dermatology,NGHS,7,TT,0,183837
18,0.0,0.9754098360655737,12609.0,1,1,Dermatology,NGHS,7,TT,0,183838
19,0.0,0.9754098360655737,13828.0,1,1,Dermatology,NGHS,7,TT,0,183839
20,0.0,0.9754098360655737,12745.0,1,1,Dermatology,NGHS,7,TT,0,183840
21,0.0,0.9754098360655737,17313.0,1,1,Dermatology,NGHS,7,TT,0,184121
22,0.0,0.9590163934426229,17277.0,1,1,Dermatology,NGHS,7,TT,0,184122
23,0.0,0.9590163934426229,12796.0,1,1,Dermatology,NGHS,7,TT,0,184123
24,0.0,0.9836065573770492,13669.0,1,1,Dermatology,NGHS,7,TT,0,184124
25,0.0,0.9754098360655737,15281.0,1,1,Dermatology,NGHS,7,TT,0,184125
26,0.0,0.9672131147540983,14119.0,1,1,Dermatology,NGHS,7,TT,0,183846
27,0.0,0.9918032786885246,13344.0,1,1,Dermatology,NGHS,7,TT,0,184127
28,0.0,0.9672131147540983,17163.0,1,1,Dermatology,NGHS,7,TT,0,183848
29,0.0,0.9754098360655737,17224.0,1,1,Dermatology,NGHS,7,TT,0,183849
30,0.0,0.9672131147540983,13765.0,1,1,Dermatology,NGHS,7,TT,0,183850
31,0.0,0.9836065573770492,12780.0,1,1,Dermatology,NGHS,7,TT,0,184131
32,0.0,0.9672131147540983,15843.0,1,1,Dermatology,NGHS,7,TT,0,183852
33,0.0,0.9836065573770492,16235.0,1,1,Dermatology,NGHS,7,TT,0,183853
34,0.0,0.9754098360655737,12266.0,1,1,Dermatology,NGHS,7,TT,0,184134