
0,2.6101168855676273,4.07397943648664,22703.0,1,1,Housing,NGHS,7,TT,0,151140
1,2.5707463690331616,4.296116069295572,20988.0,1,1,Housing,NGHS,7,TT,0,185151
2,2.5989992895869523,4.256654294513835,15314.0,1,1,Housing,NGHS,7,TT,0,185152
3,2.645601467481767,4.78244955037547,15143.0,1,1,Housing,NGHS,7,TT,0,185153
4,2.656903468188466,3.9588819574427827,15611.0,1,1,Housing,NGHS,7,TT,0,185154
5,2.565937793562508,3.825869415521983,15132.0,1,1,Housing,NGHS,7,TT,0,185155
6,2.665004856475825,4.650857670009918,15239.0,1,1,Housing,NGHS,7,TT,0,185156
7,2.6054518404828757,3.786457416273706,15137.0,1,1,Housing,NGHS,7,TT,0,185157
8,2.6042124034586074,4.188862156438512,15154.0,1,1,Housing,NGHS,7,TT,0,185158
9,2.6537358122106194,4.516689625705761,14844.0,1,1,Housing,NGHS,7,TT,0,185159
10,2.671062920754773,3.929425553080088,15047.0,1,1,Housing,NGHS,7,TT,0,185160
11,2.6081214248010496,3.935553859109278,15063.0,1,1,Housing,NGHS,7,TT,0,185161
12,2.515943492813267,4.142860799207781,15047.0,1,1,Housing,NGHS,7,TT,0,185162
13,2.5652928406961837,4.3508095557259905,22484.0,1,1,Housing,NGHS,7,TT,0,151153
14,2.5274300095156645,3.7572998546576724,15130.0,1,1,Housing,NGHS,7,TT,0,185164
15,2.57316741475404,3.5783337611161836,22656.0,1,1,Housing,NGHS,7,TT,0,151155
16,2.6341957026639555,4.353951843164125,15736.0,1,1,Housing,NGHS,7,TT,0,185166
17,2.582346883921099,4.233129591016816,15062.0,1,1,Housing,NGHS,7,TT,0,185167
18,2.657398267243532,4.206473685335337,15192.0,1,1,Housing,NGHS,7,TT,0,185168
19,2.6721644863382115,3.9266925988543884,20763.0,1,1,Housing,NGHS,7,TT,0,185169
20,2.5458923262085755,4.478573252681942,20434.0,1,1,Housing,NGHS,7,TT,0,185170
21,2.6531958731273853,3.737023983597797,19250.0,1,1,Housing,NGHS,7,TT,0,185171
22,2.6053536277704534,4.083738244629507,20495.0,1,1,Housing,NGHS,7,TT,0,185172
23,2.5330496034035623,3.9923709489169785,20638.0,1,1,Housing,NGHS,7,TT,0,185173
24,2.637044270884563,3.3913105400812684,22297.0,1,1,Housing,NGHS,7,TT,0,151164
25,2.5528013502395486,4.251867377711914,18758.0,1,1,Housing,NGHS,7,TT,0,185175
26,2.622224664356858,4.680662740934947,20662.0,1,1,Housing,NGHS,7,TT,0,185176
27,2.6471782035418108,3.9872935738950335,19188.0,1,1,Housing,NGHS,7,TT,0,185177
28,2.5795011828302545,4.463780331713553,19228.0,1,1,Housing,NGHS,7,TT,0,185178
29,2.5741440620625786,4.5734669642440995,18869.0,1,1,Housing,NGHS,7,TT,0,185179
30,2.5475614259467254,4.122388569469486,19735.0,1,1,Housing,NGHS,7,TT,0,185180
31,2.5438084338686444,3.6833885388792935,15016.0,1,1,Housing,NGHS,7,TT,0,185181
32,2.5842341672402203,4.252844756392199,20612.0,1,1,Housing,NGHS,7,TT,0,185182
33,2.6320143828788893,5.097537824154973,20047.0,1,1,Housing,NGHS,7,TT,0,185183
34,2.659622191185116,3.5548867121260654,14357.0,1,1,Housing,NGHS,7,TT,0,185184