
0,0.20865139949109412,0.7210526315789474,17907.0,1,1,Indian,NGHS,7,TT,0,184380
1,0.20356234096692116,0.6947368421052631,18108.0,1,1,Indian,NGHS,7,TT,0,184381
2,0.2111959287531806,0.7315789473684211,16172.0,1,1,Indian,NGHS,7,TT,0,184382
3,0.20865139949109412,0.7157894736842105,20703.0,1,1,Indian,NGHS,7,TT,0,184383
4,0.20865139949109412,0.6947368421052631,16626.0,1,1,Indian,NGHS,7,TT,0,184384
5,0.20610687022900764,0.7315789473684211,18178.0,1,1,Indian,NGHS,7,TT,0,184385
6,0.20610687022900764,0.7157894736842105,16485.0,1,1,Indian,NGHS,7,TT,0,184386
7,0.2111959287531806,0.6894736842105262,16297.0,1,1,Indian,NGHS,7,TT,0,184387
8,0.21628498727735368,0.7315789473684211,16630.0,1,1,Indian,NGHS,7,TT,0,184388
9,0.20610687022900764,0.6894736842105262,20688.0,1,1,Indian,NGHS,7,TT,0,184389
10,0.20610687022900764,0.6894736842105262,16464.0,1,1,Indian,NGHS,7,TT,0,188765
11,0.20610687022900764,0.6894736842105262,21203.0,1,1,Indian,NGHS,7,TT,0,184391
12,0.2137404580152672,0.6947368421052631,16484.0,1,1,Indian,NGHS,7,TT,0,188767
13,0.20610687022900764,0.7052631578947368,16125.0,1,1,Indian,NGHS,7,TT,0,184393
14,0.2137404580152672,0.7157894736842105,16435.0,1,1,Indian,NGHS,7,TT,0,188769
15,0.2111959287531806,0.7263157894736842,16390.0,1,1,Indian,NGHS,7,TT,0,184395
16,0.2111959287531806,0.7052631578947368,16454.0,1,1,Indian,NGHS,7,TT,0,184396
17,0.20865139949109412,0.6947368421052631,16719.0,1,1,Indian,NGHS,7,TT,0,184397
18,0.20865139949109412,0.7157894736842105,16734.0,1,1,Indian,NGHS,7,TT,0,184398
19,0.20865139949109412,0.7,16791.0,1,1,Indian,NGHS,7,TT,0,184399
20,0.2111959287531806,0.7421052631578947,16664.0,1,1,Indian,NGHS,7,TT,0,184400
21,0.20610687022900764,0.7105263157894737,18000.0,1,1,Indian,NGHS,7,TT,0,184401
22,0.20865139949109412,0.6842105263157895,18094.0,1,1,Indian,NGHS,7,TT,0,184402
23,0.20865139949109412,0.7315789473684211,20906.0,1,1,Indian,NGHS,7,TT,0,184403
24,0.20865139949109412,0.7157894736842105,20906.0,1,1,Indian,NGHS,7,TT,0,184404
25,0.2137404580152672,0.7,16759.0,1,1,Indian,NGHS,7,TT,0,184405
26,0.20356234096692116,0.6894736842105262,16739.0,1,1,Indian,NGHS,7,TT,0,184406
27,0.20356234096692116,0.7263157894736842,16685.0,1,1,Indian,NGHS,7,TT,0,184407
28,0.21628498727735368,0.7,22203.0,1,1,Indian,NGHS,7,TT,0,184408
29,0.20610687022900764,0.7157894736842105,22088.0,1,1,Indian,NGHS,7,TT,0,184409
30,0.20610687022900764,0.7157894736842105,16031.0,1,1,Indian,NGHS,7,TT,0,184410
31,0.20610687022900764,0.7105263157894737,16469.0,1,1,Indian,NGHS,7,TT,0,184411
32,0.20865139949109412,0.7,16250.0,1,1,Indian,NGHS,7,TT,0,184412
33,0.20356234096692116,0.7,17550.0,1,1,Indian,NGHS,7,TT,0,184413
34,0.20610687022900764,0.7157894736842105,17701.0,1,1,Indian,NGHS,7,TT,0,184414