
0,0.008547008547008517,0.8717948717948718,14601.0,1,1,Ionosphere,NGHS,7,TT,0,188790
1,0.008547008547008517,0.8974358974358975,11406.0,1,1,Ionosphere,NGHS,7,TT,0,184416
2,0.012820512820512775,0.9401709401709402,14556.0,1,1,Ionosphere,NGHS,7,TT,0,188792
3,0.012820512820512775,0.8717948717948718,12836.0,1,1,Ionosphere,NGHS,7,TT,0,184418
4,0.008547008547008517,0.8632478632478633,12880.0,1,1,Ionosphere,NGHS,7,TT,0,184419
5,0.004273504273504258,0.9230769230769231,12868.0,1,1,Ionosphere,NGHS,7,TT,0,184420
6,0.008547008547008517,0.8974358974358975,14577.0,1,1,Ionosphere,NGHS,7,TT,0,188796
7,0.008547008547008517,0.8888888888888888,13057.0,1,1,Ionosphere,NGHS,7,TT,0,184422
8,0.008547008547008517,0.8803418803418803,12813.0,1,1,Ionosphere,NGHS,7,TT,0,184423
9,0.012820512820512775,0.8717948717948718,12688.0,1,1,Ionosphere,NGHS,7,TT,0,184424
10,0.008547008547008517,0.8974358974358975,11397.0,1,1,Ionosphere,NGHS,7,TT,0,188800
11,0.012820512820512775,0.8803418803418803,12610.0,1,1,Ionosphere,NGHS,7,TT,0,188801
12,0.012820512820512775,0.8461538461538461,11891.0,1,1,Ionosphere,NGHS,7,TT,0,184427
13,0.008547008547008517,0.9487179487179487,15248.0,1,1,Ionosphere,NGHS,7,TT,0,184428
14,0.008547008547008517,0.905982905982906,15203.0,1,1,Ionosphere,NGHS,7,TT,0,184429
15,0.012820512820512775,0.8803418803418803,15516.0,1,1,Ionosphere,NGHS,7,TT,0,184430
16,0.012820512820512775,0.905982905982906,11679.0,1,1,Ionosphere,NGHS,7,TT,0,188806
17,0.008547008547008517,0.8803418803418803,14328.0,1,1,Ionosphere,NGHS,7,TT,0,184432
18,0.008547008547008517,0.8632478632478633,15422.0,1,1,Ionosphere,NGHS,7,TT,0,184433
19,0.008547008547008517,0.905982905982906,15131.0,1,1,Ionosphere,NGHS,7,TT,0,184434
20,0.004273504273504258,0.8632478632478633,15485.0,1,1,Ionosphere,NGHS,7,TT,0,184435
21,0.008547008547008517,0.905982905982906,15694.0,1,1,Ionosphere,NGHS,7,TT,0,184436
22,0.012820512820512775,0.8803418803418803,15634.0,1,1,Ionosphere,NGHS,7,TT,0,184437
23,0.008547008547008517,0.8888888888888888,16310.0,1,1,Ionosphere,NGHS,7,TT,0,184438
24,0.008547008547008517,0.8974358974358975,15407.0,1,1,Ionosphere,NGHS,7,TT,0,184439
25,0.012820512820512775,0.8974358974358975,11609.0,1,1,Ionosphere,NGHS,7,TT,0,188815
26,0.008547008547008517,0.8974358974358975,16008.0,1,1,Ionosphere,NGHS,7,TT,0,184441
27,0.012820512820512775,0.8974358974358975,16203.0,1,1,Ionosphere,NGHS,7,TT,0,184442
28,0.008547008547008517,0.9145299145299145,11343.0,1,1,Ionosphere,NGHS,7,TT,0,184443
29,0.008547008547008517,0.8803418803418803,11594.0,1,1,Ionosphere,NGHS,7,TT,0,184444
30,0.008547008547008517,0.829059829059829,11698.0,1,1,Ionosphere,NGHS,7,TT,0,184445
31,0.012820512820512775,0.9145299145299145,11689.0,1,1,Ionosphere,NGHS,7,TT,0,184446
32,0.008547008547008517,0.8803418803418803,11825.0,1,1,Ionosphere,NGHS,7,TT,0,184447
33,0.012820512820512775,0.8376068376068376,11904.0,1,1,Ionosphere,NGHS,7,TT,0,184448
34,0.008547008547008517,0.905982905982906,11469.0,1,1,Ionosphere,NGHS,7,TT,0,184449