
0,66.75992170033369,316.94064554087566,7328.0,1,1,Veteran,NGHS,7,TT,0,151110
1,66.77598701972784,291.0447123632953,4640.0,1,1,Veteran,NGHS,7,TT,0,185116
2,68.96678015949598,214.15008157761602,6985.0,1,1,Veteran,NGHS,7,TT,0,151112
3,69.80339488037492,429.5480272131312,4777.0,1,1,Veteran,NGHS,7,TT,0,185118
4,65.21978917083813,281.4671946960249,4834.0,1,1,Veteran,NGHS,7,TT,0,185119
5,71.79403266115668,417.6094587988106,4691.0,1,1,Veteran,NGHS,7,TT,0,185120
6,64.06593632843362,207.86715807862328,6426.0,1,1,Veteran,NGHS,7,TT,0,185121
7,66.95219173547775,321.7342887448634,4742.0,1,1,Veteran,NGHS,7,TT,0,185122
8,65.25845347695662,257.696184406844,4699.0,1,1,Veteran,NGHS,7,TT,0,185123
9,66.38305743015513,266.47186056202355,4733.0,1,1,Veteran,NGHS,7,TT,0,185124
10,65.24117399861808,216.20379354255996,7219.0,1,1,Veteran,NGHS,7,TT,0,151120
11,64.73765252633565,231.97666417905725,4803.0,1,1,Veteran,NGHS,7,TT,0,185126
12,67.51960121374168,358.3810620981948,6299.0,1,1,Veteran,NGHS,7,TT,0,185127
13,69.91835064811637,277.55775009087154,4594.0,1,1,Veteran,NGHS,7,TT,0,185128
14,72.30474524208722,457.4532312028182,4641.0,1,1,Veteran,NGHS,7,TT,0,185129
15,65.49620014611511,373.274703635073,4672.0,1,1,Veteran,NGHS,7,TT,0,185130
16,70.63472425470883,442.5135719464076,6538.0,1,1,Veteran,NGHS,7,TT,0,185131
17,64.05401559618434,193.98606248616125,4640.0,1,1,Veteran,NGHS,7,TT,0,185132
18,63.231986672621545,236.162307601286,6400.0,1,1,Veteran,NGHS,7,TT,0,185133
19,66.52398178856241,196.81596469946143,6428.0,1,1,Veteran,NGHS,7,TT,0,185134
20,59.56941138964498,410.5757513879527,4689.0,1,1,Veteran,NGHS,7,TT,0,185135
21,61.58765428537038,264.5534011451415,5828.0,1,1,Veteran,NGHS,7,TT,0,185136
22,69.66630071064486,252.33193841550514,4896.0,1,1,Veteran,NGHS,7,TT,0,185137
23,66.1332650678121,283.3089885237408,6393.0,1,1,Veteran,NGHS,7,TT,0,185138
24,66.49208512786679,231.01784829927627,5833.0,1,1,Veteran,NGHS,7,TT,0,185139
25,63.9566882483833,272.8814510759452,6419.0,1,1,Veteran,NGHS,7,TT,0,185140
26,66.2554877511648,474.2409707889955,4656.0,1,1,Veteran,NGHS,7,TT,0,185141
27,67.72385893726683,344.3009752441735,6813.0,1,1,Veteran,NGHS,7,TT,0,151137
28,66.19318468234495,338.0033606431961,4679.0,1,1,Veteran,NGHS,7,TT,0,185143
29,68.92604442435265,606.6274993288897,5804.0,1,1,Veteran,NGHS,7,TT,0,185144
30,68.00924880977001,458.0642344048404,5789.0,1,1,Veteran,NGHS,7,TT,0,185145
31,64.60995701573826,204.88980565406143,5835.0,1,1,Veteran,NGHS,7,TT,0,185146
32,68.89563848924247,180.03125197773784,6368.0,1,1,Veteran,NGHS,7,TT,0,185147
33,66.60964642583147,190.65235229740546,4672.0,1,1,Veteran,NGHS,7,TT,0,185148
34,69.11694499004854,701.0581588682927,6016.0,1,1,Veteran,NGHS,7,TT,0,185149