
0,0.0,0.8709677419354839,5705.0,1,1,Zoo,NGHS,7,TT,0,189315
1,0.0,0.8709677419354839,4503.0,1,1,Zoo,NGHS,7,TT,0,184906
2,0.0,0.9032258064516129,5656.0,1,1,Zoo,NGHS,7,TT,0,189317
3,0.0,0.935483870967742,4598.0,1,1,Zoo,NGHS,7,TT,0,184908
4,0.0,0.8064516129032258,4438.0,1,1,Zoo,NGHS,7,TT,0,184909
5,0.0,0.8709677419354839,4303.0,1,1,Zoo,NGHS,7,TT,0,184910
6,0.0,0.8709677419354839,4334.0,1,1,Zoo,NGHS,7,TT,0,184911
7,0.0,0.8709677419354839,5346.0,1,1,Zoo,NGHS,7,TT,0,189322
8,0.0,0.8387096774193549,5094.0,1,1,Zoo,NGHS,7,TT,0,184913
9,0.0,0.8709677419354839,4656.0,1,1,Zoo,NGHS,7,TT,0,184914
10,0.0,0.8709677419354839,4969.0,1,1,Zoo,NGHS,7,TT,0,189325
11,0.0,0.8709677419354839,4281.0,1,1,Zoo,NGHS,7,TT,0,184916
12,0.0,0.9032258064516129,4368.0,1,1,Zoo,NGHS,7,TT,0,184917
13,0.0,0.8387096774193549,4175.0,1,1,Zoo,NGHS,7,TT,0,184918
14,0.0,0.8387096774193549,4527.0,1,1,Zoo,NGHS,7,TT,0,184919
15,0.0,0.8387096774193549,4532.0,1,1,Zoo,NGHS,7,TT,0,184920
16,0.0,0.8064516129032258,4467.0,1,1,Zoo,NGHS,7,TT,0,184921
17,0.0,0.8709677419354839,4280.0,1,1,Zoo,NGHS,7,TT,0,184922
18,0.0,0.9032258064516129,4629.0,1,1,Zoo,NGHS,7,TT,0,184923
19,0.0,0.9032258064516129,4285.0,1,1,Zoo,NGHS,7,TT,0,184924
20,0.0,0.8709677419354839,4297.0,1,1,Zoo,NGHS,7,TT,0,184925
21,0.0,0.935483870967742,4310.0,1,1,Zoo,NGHS,7,TT,0,184926
22,0.0,0.9032258064516129,4766.0,1,1,Zoo,NGHS,7,TT,0,184927
23,0.0,0.9032258064516129,4187.0,1,1,Zoo,NGHS,7,TT,0,184928
24,0.0,0.8064516129032258,4672.0,1,1,Zoo,NGHS,7,TT,0,184929
25,0.0,0.8064516129032258,4265.0,1,1,Zoo,NGHS,7,TT,0,184930
26,0.0,0.9032258064516129,4625.0,1,1,Zoo,NGHS,7,TT,0,184931
27,0.0,0.8064516129032258,4265.0,1,1,Zoo,NGHS,7,TT,0,184932
28,0.0,0.8064516129032258,4379.0,1,1,Zoo,NGHS,7,TT,0,184933
29,0.0,0.8709677419354839,4177.0,1,1,Zoo,NGHS,7,TT,0,184934
30,0.0,0.8709677419354839,4509.0,1,1,Zoo,NGHS,7,TT,0,184935
31,0.0,0.8709677419354839,4497.0,1,1,Zoo,NGHS,7,TT,0,184936
32,0.0,0.9032258064516129,4302.0,1,1,Zoo,NGHS,7,TT,0,184937
33,0.0,0.9032258064516129,4322.0,1,1,Zoo,NGHS,7,TT,0,184938
34,0.0,0.8709677419354839,4297.0,1,1,Zoo,NGHS,7,TT,0,184939