
0,0.14215686274509798,0.6568627450980392,11766.0,1,1,Haberman,NGHS,8,TT,0,190155
1,0.14215686274509798,0.6764705882352942,11050.0,1,1,Haberman,NGHS,8,TT,0,185746
2,0.14215686274509798,0.6862745098039216,11031.0,1,1,Haberman,NGHS,8,TT,0,190157
3,0.1470588235294118,0.6764705882352942,8625.0,1,1,Haberman,NGHS,8,TT,0,185748
4,0.1470588235294118,0.696078431372549,11597.0,1,1,Haberman,NGHS,8,TT,0,190159
5,0.1470588235294118,0.7058823529411764,10985.0,1,1,Haberman,NGHS,8,TT,0,185750
6,0.13725490196078427,0.6666666666666667,10843.0,1,1,Haberman,NGHS,8,TT,0,185751
7,0.14215686274509798,0.6666666666666667,11218.0,1,1,Haberman,NGHS,8,TT,0,185752
8,0.14215686274509798,0.696078431372549,8871.0,1,1,Haberman,NGHS,8,TT,0,185753
9,0.14215686274509798,0.7156862745098039,8724.0,1,1,Haberman,NGHS,8,TT,0,185754
10,0.14215686274509798,0.6666666666666667,9331.0,1,1,Haberman,NGHS,8,TT,0,185755
11,0.13725490196078427,0.6862745098039216,9136.0,1,1,Haberman,NGHS,8,TT,0,185756
12,0.13725490196078427,0.6764705882352942,8547.0,1,1,Haberman,NGHS,8,TT,0,185757
13,0.14215686274509798,0.6666666666666667,10172.0,1,1,Haberman,NGHS,8,TT,0,190168
14,0.14215686274509798,0.6764705882352942,10069.0,1,1,Haberman,NGHS,8,TT,0,185759
15,0.14215686274509798,0.6862745098039216,10995.0,1,1,Haberman,NGHS,8,TT,0,185760
16,0.14215686274509798,0.6862745098039216,11469.0,1,1,Haberman,NGHS,8,TT,0,185761
17,0.14215686274509798,0.6764705882352942,9781.0,1,1,Haberman,NGHS,8,TT,0,190172
18,0.14215686274509798,0.6764705882352942,11047.0,1,1,Haberman,NGHS,8,TT,0,185763
19,0.1470588235294118,0.7156862745098039,10156.0,1,1,Haberman,NGHS,8,TT,0,190174
20,0.14215686274509798,0.7058823529411764,9657.0,1,1,Haberman,NGHS,8,TT,0,190175
21,0.14215686274509798,0.6666666666666667,8641.0,1,1,Haberman,NGHS,8,TT,0,185766
22,0.1470588235294118,0.6568627450980392,11359.0,1,1,Haberman,NGHS,8,TT,0,185767
23,0.14215686274509798,0.6862745098039216,8766.0,1,1,Haberman,NGHS,8,TT,0,185768
24,0.14215686274509798,0.6666666666666667,8625.0,1,1,Haberman,NGHS,8,TT,0,185769
25,0.14215686274509798,0.6764705882352942,8562.0,1,1,Haberman,NGHS,8,TT,0,185770
26,0.14215686274509798,0.7254901960784313,8594.0,1,1,Haberman,NGHS,8,TT,0,185771
27,0.13725490196078427,0.6470588235294117,8657.0,1,1,Haberman,NGHS,8,TT,0,185772
28,0.14215686274509798,0.6862745098039216,8609.0,1,1,Haberman,NGHS,8,TT,0,185773
29,0.13725490196078427,0.6862745098039216,8437.0,1,1,Haberman,NGHS,8,TT,0,185774
30,0.14215686274509798,0.6862745098039216,8969.0,1,1,Haberman,NGHS,8,TT,0,185775
31,0.14215686274509798,0.696078431372549,9797.0,1,1,Haberman,NGHS,8,TT,0,190186
32,0.14215686274509798,0.7058823529411764,8703.0,1,1,Haberman,NGHS,8,TT,0,185777
33,0.14215686274509798,0.696078431372549,9265.0,1,1,Haberman,NGHS,8,TT,0,190188
34,0.1470588235294118,0.6470588235294117,8619.0,1,1,Haberman,NGHS,8,TT,0,185779