
0,0.0,0.92,4897.0,1,1,Iris,NGHS,8,TT,0,185220
1,0.0,0.92,6720.0,1,1,Iris,NGHS,8,TT,0,185221
2,0.0,0.9,4902.0,1,1,Iris,NGHS,8,TT,0,185222
3,0.0,0.86,4844.0,1,1,Iris,NGHS,8,TT,0,185223
4,0.0,0.86,4860.0,1,1,Iris,NGHS,8,TT,0,185224
5,0.0,0.88,7485.0,1,1,Iris,NGHS,8,TT,0,151205
6,0.0,0.88,6902.0,1,1,Iris,NGHS,8,TT,0,185226
7,0.0,0.92,4882.0,1,1,Iris,NGHS,8,TT,0,185227
8,0.0,0.92,7296.0,1,1,Iris,NGHS,8,TT,0,151208
9,0.0,0.94,6453.0,1,1,Iris,NGHS,8,TT,0,185229
10,0.0,0.88,4898.0,1,1,Iris,NGHS,8,TT,0,185230
11,0.0,0.88,4615.0,1,1,Iris,NGHS,8,TT,0,185231
12,0.0,0.92,4812.0,1,1,Iris,NGHS,8,TT,0,185232
13,0.0,0.92,6454.0,1,1,Iris,NGHS,8,TT,0,185233
14,0.0,0.96,4847.0,1,1,Iris,NGHS,8,TT,0,185234
15,0.0,0.84,5079.0,1,1,Iris,NGHS,8,TT,0,185235
16,0.0,0.9,4904.0,1,1,Iris,NGHS,8,TT,0,185236
17,0.0,0.92,4580.0,1,1,Iris,NGHS,8,TT,0,185237
18,0.0,0.92,5064.0,1,1,Iris,NGHS,8,TT,0,185238
19,0.0,0.86,4797.0,1,1,Iris,NGHS,8,TT,0,185239
20,0.0,0.88,7390.0,1,1,Iris,NGHS,8,TT,0,151220
21,0.0,0.86,5286.0,1,1,Iris,NGHS,8,TT,0,185241
22,0.0,0.92,5418.0,1,1,Iris,NGHS,8,TT,0,185242
23,0.0,0.86,4828.0,1,1,Iris,NGHS,8,TT,0,185243
24,0.0,0.96,6805.0,1,1,Iris,NGHS,8,TT,0,185244
25,0.0,0.98,4844.0,1,1,Iris,NGHS,8,TT,0,185245
26,0.0,0.9,7312.0,1,1,Iris,NGHS,8,TT,0,151226
27,0.0,0.9,4898.0,1,1,Iris,NGHS,8,TT,0,185247
28,0.0,0.84,4812.0,1,1,Iris,NGHS,8,TT,0,185248
29,0.0,0.94,7438.0,1,1,Iris,NGHS,8,TT,0,151229
30,0.0,0.88,4860.0,1,1,Iris,NGHS,8,TT,0,185250
31,0.0,0.92,4860.0,1,1,Iris,NGHS,8,TT,0,185251
32,0.0,0.92,4899.0,1,1,Iris,NGHS,8,TT,0,185252
33,0.0,0.92,5462.0,1,1,Iris,NGHS,8,TT,0,185253
34,0.0,0.92,4883.0,1,1,Iris,NGHS,8,TT,0,185254