
0,1.1397333637818903,1.1643042498048277,7766.0,1,1,BodyFat,IHS,0,CV,1,221970
1,1.09840520214834,0.9056142702963914,10047.0,1,1,BodyFat,IHS,0,CV,1,268976
2,1.165531637077177,1.6173069790939,10710.0,1,1,BodyFat,IHS,0,CV,1,221972
3,1.0740491137972508,1.4996994351364632,10795.0,1,1,BodyFat,IHS,0,CV,1,268978
4,1.0660764234764604,1.6452629117654511,10442.0,1,1,BodyFat,IHS,0,CV,1,268979
5,1.1199834962254749,1.1204692137617367,10407.0,1,1,BodyFat,IHS,0,CV,1,268980
6,1.1212011982823973,2.0698159178904008,10484.0,1,1,BodyFat,IHS,0,CV,1,268981
7,1.1834174599747067,1.02080139541201,7251.0,1,1,BodyFat,IHS,0,CV,1,268982
8,1.1908775682673967,1.6635667295398695,7953.0,1,1,BodyFat,IHS,0,CV,1,221978
9,1.1546330849426547,1.0714704726320432,7532.0,1,1,BodyFat,IHS,0,CV,1,268984
10,1.1389812833038455,1.2615416765203122,6259.0,1,1,BodyFat,IHS,0,CV,1,221980
11,1.1217805542274673,1.4795845864406874,7579.0,1,1,BodyFat,IHS,0,CV,1,268986
12,1.0777880329242686,1.1055648002927396,7766.0,1,1,BodyFat,IHS,0,CV,1,268987
13,1.0461338885899576,0.9479855925287591,7815.0,1,1,BodyFat,IHS,0,CV,1,268988
14,1.1608389280955427,1.3201664895733722,7578.0,1,1,BodyFat,IHS,0,CV,1,268989
15,1.1321926242168963,1.0315373218678445,8115.0,1,1,BodyFat,IHS,0,CV,1,221985
16,1.1853834143464443,2.1332068976061405,7217.0,1,1,BodyFat,IHS,0,CV,1,268991
17,1.2481023391447397,2.0903234714318772,10453.0,1,1,BodyFat,IHS,0,CV,1,268992
18,1.1098838019206396,1.6816571182992022,7666.0,1,1,BodyFat,IHS,0,CV,1,268993
19,1.1337640138177998,1.3961774923804742,7724.0,1,1,BodyFat,IHS,0,CV,1,268994
20,1.1220120995022298,0.9420560371603866,7687.0,1,1,BodyFat,IHS,0,CV,1,268995
21,1.1618599235585374,1.4270038387096953,11042.0,1,1,BodyFat,IHS,0,CV,1,268996
22,1.1358408049569524,1.551062124735721,10456.0,1,1,BodyFat,IHS,0,CV,1,268997
23,1.1481128775260325,1.863204586756195,8000.0,1,1,BodyFat,IHS,0,CV,1,221993
24,1.053239671095127,1.1501048483077452,7920.0,1,1,BodyFat,IHS,0,CV,1,268999
25,1.2226400152127694,1.2041129940533857,10720.0,1,1,BodyFat,IHS,0,CV,1,269000
26,1.0860627400069218,2.0676190274043935,7304.0,1,1,BodyFat,IHS,0,CV,1,269001
27,1.1562337396186737,1.1597511753587058,8135.0,1,1,BodyFat,IHS,0,CV,1,269002
28,1.1531031394334896,1.2433040522002563,8549.0,1,1,BodyFat,IHS,0,CV,1,269003
29,1.1304699097341282,1.0441947138336853,7919.0,1,1,BodyFat,IHS,0,CV,1,221999
30,1.1891292906392008,1.5380415902095819,7531.0,1,1,BodyFat,IHS,0,CV,1,269005
31,1.1958614237558132,1.827932018387817,10567.0,1,1,BodyFat,IHS,0,CV,1,269006
32,1.101406191745923,1.0107915087291808,7781.0,1,1,BodyFat,IHS,0,CV,1,269007
34,1.143259940901982,1.1076078685794608,9675.0,1,1,BodyFat,IHS,0,CV,1,269009
33,1.2040155338837464,1.3104539251840244,11734.0,1,1,BodyFat,IHS,0,CV,1,227119