
0,0.4520000000000001,0.5560253699788584,51109.0,1,1,Contraceptive,IHS,0,CV,1,267855
1,0.45600000000000007,0.562367864693446,51234.0,1,1,Contraceptive,IHS,0,CV,1,267856
2,0.45099999999999996,0.5602536997885835,38906.0,1,1,Contraceptive,IHS,0,CV,1,267857
3,0.45899999999999996,0.5687103594080338,54260.0,1,1,Contraceptive,IHS,0,CV,1,267858
4,0.45099999999999996,0.5454545454545454,42660.0,1,1,Contraceptive,IHS,0,CV,1,267859
5,0.4580000000000001,0.5348837209302326,42516.0,1,1,Contraceptive,IHS,0,CV,1,267860
6,0.454,0.562367864693446,41767.0,1,1,Contraceptive,IHS,0,CV,1,267861
7,0.454,0.5687103594080338,52559.0,1,1,Contraceptive,IHS,0,CV,1,267862
8,0.454,0.5665961945031712,56947.0,1,1,Contraceptive,IHS,0,CV,1,267863
9,0.4580000000000001,0.5539112050739958,43731.0,1,1,Contraceptive,IHS,0,CV,1,267864
10,0.457,0.5285412262156448,51531.0,1,1,Contraceptive,IHS,0,CV,1,267865
11,0.4580000000000001,0.5665961945031712,52446.0,1,1,Contraceptive,IHS,0,CV,1,267866
12,0.45199999999999996,0.5496828752642706,43156.0,1,1,Contraceptive,IHS,0,CV,1,267867
13,0.45499999999999996,0.5433403805496828,53729.0,1,1,Contraceptive,IHS,0,CV,1,267868
14,0.45599999999999996,0.53276955602537,45578.0,1,1,Contraceptive,IHS,0,CV,1,267869
15,0.454,0.5539112050739958,53547.0,1,1,Contraceptive,IHS,0,CV,1,267870
16,0.453,0.5391120507399577,54256.0,1,1,Contraceptive,IHS,0,CV,1,267871
17,0.45899999999999996,0.5454545454545454,43448.0,1,1,Contraceptive,IHS,0,CV,1,267872
18,0.45499999999999996,0.5496828752642706,50438.0,1,1,Contraceptive,IHS,0,CV,1,267873
19,0.45699999999999996,0.5412262156448203,36940.0,1,1,Contraceptive,IHS,0,CV,1,267874
20,0.45200000000000007,0.5602536997885835,43696.0,1,1,Contraceptive,IHS,0,CV,1,267875
21,0.4579999999999999,0.587737843551797,52891.0,1,1,Contraceptive,IHS,0,CV,1,267876
22,0.45699999999999996,0.5644820295983086,52615.0,1,1,Contraceptive,IHS,0,CV,1,267877
23,0.458,0.5412262156448203,53464.0,1,1,Contraceptive,IHS,0,CV,1,267878
24,0.45,0.5433403805496828,36905.0,1,1,Contraceptive,IHS,0,CV,1,267879
25,0.45499999999999996,0.572938689217759,53637.0,1,1,Contraceptive,IHS,0,CV,1,267880
26,0.45199999999999996,0.5306553911205074,55472.0,1,1,Contraceptive,IHS,0,CV,1,267881
27,0.457,0.5602536997885835,48760.0,1,1,Contraceptive,IHS,0,CV,1,267882
28,0.458,0.5412262156448203,38907.0,1,1,Contraceptive,IHS,0,CV,1,267883
29,0.45600000000000007,0.5560253699788584,48712.0,1,1,Contraceptive,IHS,0,CV,1,267884
30,0.45499999999999996,0.562367864693446,41933.0,1,1,Contraceptive,IHS,0,CV,1,267885
31,0.45099999999999996,0.5517970401691332,58801.0,1,1,Contraceptive,IHS,0,CV,1,267886
32,0.45500000000000007,0.5602536997885835,43540.0,1,1,Contraceptive,IHS,0,CV,1,267887
33,0.45,0.5644820295983086,47479.0,1,1,Contraceptive,IHS,0,CV,1,267888
34,0.45299999999999996,0.5454545454545454,41745.0,1,1,Contraceptive,IHS,0,CV,1,267889