
0,0.13339920948616601,0.8928571428571429,10665.0,1,1,Ecoli,IHS,0,CV,1,267960
1,0.13339920948616596,0.8571428571428572,10000.0,1,1,Ecoli,IHS,0,CV,1,267961
2,0.13794466403162056,0.875,12561.0,1,1,Ecoli,IHS,0,CV,1,267962
3,0.12964426877470353,0.8571428571428572,10694.0,1,1,Ecoli,IHS,0,CV,1,267963
4,0.1294466403162055,0.875,13560.0,1,1,Ecoli,IHS,0,CV,1,267964
5,0.13379446640316206,0.875,12647.0,1,1,Ecoli,IHS,0,CV,1,267965
6,0.133596837944664,0.8482142857142857,12933.0,1,1,Ecoli,IHS,0,CV,1,267966
7,0.133794466403162,0.8571428571428572,13013.0,1,1,Ecoli,IHS,0,CV,1,267967
8,0.13339920948616601,0.8482142857142857,11573.0,1,1,Ecoli,IHS,0,CV,1,267968
9,0.133596837944664,0.8839285714285714,12565.0,1,1,Ecoli,IHS,0,CV,1,267969
10,0.1379446640316205,0.8660714285714286,13219.0,1,1,Ecoli,IHS,0,CV,1,267970
11,0.13794466403162056,0.9017857142857143,9937.0,1,1,Ecoli,IHS,0,CV,1,267971
12,0.13794466403162056,0.8571428571428572,11940.0,1,1,Ecoli,IHS,0,CV,1,267972
13,0.1292490118577075,0.8839285714285714,13199.0,1,1,Ecoli,IHS,0,CV,1,267973
14,0.13814229249011856,0.8660714285714286,12885.0,1,1,Ecoli,IHS,0,CV,1,267974
15,0.13814229249011856,0.8482142857142857,12033.0,1,1,Ecoli,IHS,0,CV,1,267975
16,0.14229249011857706,0.8392857142857143,12547.0,1,1,Ecoli,IHS,0,CV,1,267976
17,0.1292490118577075,0.8482142857142857,12760.0,1,1,Ecoli,IHS,0,CV,1,267977
18,0.13399209486166005,0.8660714285714286,13012.0,1,1,Ecoli,IHS,0,CV,1,267978
19,0.13339920948616601,0.875,12072.0,1,1,Ecoli,IHS,0,CV,1,267979
20,0.13339920948616596,0.8482142857142857,12562.0,1,1,Ecoli,IHS,0,CV,1,267980
21,0.125098814229249,0.8660714285714286,13319.0,1,1,Ecoli,IHS,0,CV,1,267981
22,0.13794466403162056,0.8571428571428572,9094.0,1,1,Ecoli,IHS,0,CV,1,267982
23,0.12885375494071144,0.8392857142857143,12737.0,1,1,Ecoli,IHS,0,CV,1,267983
24,0.13399209486166005,0.8571428571428572,12993.0,1,1,Ecoli,IHS,0,CV,1,267984
25,0.1294466403162055,0.8571428571428572,10430.0,1,1,Ecoli,IHS,0,CV,1,267985
26,0.13814229249011856,0.875,12830.0,1,1,Ecoli,IHS,0,CV,1,267986
27,0.133794466403162,0.8482142857142857,9916.0,1,1,Ecoli,IHS,0,CV,1,267987
28,0.133596837944664,0.8392857142857143,12640.0,1,1,Ecoli,IHS,0,CV,1,267988
29,0.13794466403162056,0.8660714285714286,11426.0,1,1,Ecoli,IHS,0,CV,1,267989
30,0.12905138339920946,0.8571428571428572,13189.0,1,1,Ecoli,IHS,0,CV,1,267990
31,0.133596837944664,0.8571428571428572,13253.0,1,1,Ecoli,IHS,0,CV,1,267991
32,0.133596837944664,0.8571428571428572,9562.0,1,1,Ecoli,IHS,0,CV,1,267992
33,0.1379446640316205,0.8571428571428572,13605.0,1,1,Ecoli,IHS,0,CV,1,267993
34,0.1294466403162055,0.8482142857142857,13353.0,1,1,Ecoli,IHS,0,CV,1,267994