
0,0.04296786826880285,0.9096626643796455,770248.0,1,1,Pen,IHS,10,CV,1,283220
1,0.04457018246550957,0.9230989136649514,539799.0,1,1,Pen,IHS,10,CV,1,233581
2,0.03989870939029817,0.933390508862207,570578.0,1,1,Pen,IHS,10,CV,1,233582
3,0.042834000890075656,0.9328187535734705,677798.0,1,1,Pen,IHS,10,CV,1,283223
4,0.04510209167779261,0.9150943396226415,618096.0,1,1,Pen,IHS,10,CV,1,283224
5,0.04403542501112595,0.9273870783304745,457414.0,1,1,Pen,IHS,10,CV,1,283225
6,0.04189942145082333,0.9093767867352773,732124.0,1,1,Pen,IHS,10,CV,1,283226
7,0.0428334668446818,0.9259576901086335,650293.0,1,1,Pen,IHS,10,CV,1,283227
8,0.04310013351134846,0.9148084619782733,603287.0,1,1,Pen,IHS,10,CV,1,283228
9,0.04256822429906542,0.900800457404231,634793.0,1,1,Pen,IHS,10,CV,1,283229
10,0.04670422785936804,0.9085191538021726,605862.0,1,1,Pen,IHS,10,CV,1,283230
11,0.04203382287494437,0.9110920526014865,651030.0,1,1,Pen,IHS,10,CV,1,283231
12,0.04443489096573209,0.9256718124642653,673329.0,1,1,Pen,IHS,10,CV,1,283232
13,0.042166622162883846,0.9139508290451687,584138.0,1,1,Pen,IHS,10,CV,1,283233
14,0.03843133066310637,0.9293882218410521,700298.0,1,1,Pen,IHS,10,CV,1,283234
15,0.04283293279928794,0.9245283018867925,710017.0,1,1,Pen,IHS,10,CV,1,283235
16,0.04216644414775256,0.9190966266437964,700653.0,1,1,Pen,IHS,10,CV,1,283236
17,0.03963150867823765,0.9311034877072613,408624.0,1,1,Pen,IHS,10,CV,1,283237
18,0.03883097463284379,0.9230989136649514,711423.0,1,1,Pen,IHS,10,CV,1,283238
19,0.0431020916777926,0.9299599771297884,513360.0,1,1,Pen,IHS,10,CV,1,283239
20,0.044703515798842894,0.9222412807318467,624858.0,1,1,Pen,IHS,10,CV,1,283240
21,0.04230048954161104,0.9210977701543739,718195.0,1,1,Pen,IHS,10,CV,1,283241
22,0.04336786826880285,0.9268153230417382,549143.0,1,1,Pen,IHS,10,CV,1,283242
23,0.04377018246550956,0.9208118925100057,716248.0,1,1,Pen,IHS,10,CV,1,283243
24,0.04256751223854029,0.9313893653516295,751455.0,1,1,Pen,IHS,10,CV,1,283244
25,0.043501023587004896,0.9162378502001144,710746.0,1,1,Pen,IHS,10,CV,1,283245
26,0.042032932799287936,0.9202401372212693,466843.0,1,1,Pen,IHS,10,CV,1,283246
27,0.0413671562082777,0.9205260148656376,522260.0,1,1,Pen,IHS,10,CV,1,283247
28,0.0426995994659546,0.9153802172670097,805463.0,1,1,Pen,IHS,10,CV,1,283248
29,0.04403578104138852,0.9173813607775871,717786.0,1,1,Pen,IHS,10,CV,1,283249
30,0.04109959946595461,0.9265294453973699,543342.0,1,1,Pen,IHS,10,CV,1,283250
31,0.04283311081441922,0.917095483133219,777812.0,1,1,Pen,IHS,10,CV,1,283251
32,0.04603684913217623,0.8933676386506575,619408.0,1,1,Pen,IHS,10,CV,1,283252
33,0.044035068980863366,0.9030874785591767,547718.0,1,1,Pen,IHS,10,CV,1,283253
34,0.044700489541611044,0.8962264150943396,634256.0,1,1,Pen,IHS,10,CV,1,283254