
0,0.2242891712038717,0.7395833333333333,28898.0,1,1,Diabetes,IHS,11,CV,1,284095
1,0.23106473079249845,0.7552083333333334,25777.0,1,1,Diabetes,IHS,11,CV,1,284096
2,0.21721113127646702,0.75,29395.0,1,1,Diabetes,IHS,11,CV,1,284097
3,0.22084089534180276,0.7552083333333334,29484.0,1,1,Diabetes,IHS,11,CV,1,284098
4,0.22928009679370837,0.7604166666666666,30521.0,1,1,Diabetes,IHS,11,CV,1,284099
5,0.22419842710223836,0.7239583333333333,31702.0,1,1,Diabetes,IHS,11,CV,1,284100
6,0.22598306110102842,0.765625,31691.0,1,1,Diabetes,IHS,11,CV,1,284101
7,0.23284936479128854,0.734375,31084.0,1,1,Diabetes,IHS,11,CV,1,284102
8,0.22758620689655173,0.75,31715.0,1,1,Diabetes,IHS,11,CV,1,284103
9,0.21887477313974593,0.75,22625.0,1,1,Diabetes,IHS,11,CV,1,284104
10,0.22589231699939502,0.734375,24129.0,1,1,Diabetes,IHS,11,CV,1,284105
11,0.2310647307924985,0.734375,22664.0,1,1,Diabetes,IHS,11,CV,1,284106
12,0.22416817906836056,0.7552083333333334,24231.0,1,1,Diabetes,IHS,11,CV,1,284107
13,0.22416817906836056,0.734375,22284.0,1,1,Diabetes,IHS,11,CV,1,284108
14,0.22431941923774956,0.75,24958.0,1,1,Diabetes,IHS,11,CV,1,284109
15,0.22946158499697517,0.765625,25936.0,1,1,Diabetes,IHS,11,CV,1,284110
16,0.22422867513611613,0.7552083333333334,30596.0,1,1,Diabetes,IHS,11,CV,1,284111
17,0.2207199032062916,0.7760416666666666,22766.0,1,1,Diabetes,IHS,11,CV,1,284112
18,0.22583182093163945,0.7604166666666666,24450.0,1,1,Diabetes,IHS,11,CV,1,284113
19,0.22419842710223836,0.734375,25926.0,1,1,Diabetes,IHS,11,CV,1,284114
20,0.2275257108287961,0.75,27795.0,1,1,Diabetes,IHS,11,CV,1,284115
21,0.22943133696309742,0.75,25392.0,1,1,Diabetes,IHS,11,CV,1,284116
22,0.22238354506957045,0.7708333333333334,25894.0,1,1,Diabetes,IHS,11,CV,1,284117
23,0.22931034482758622,0.7708333333333334,27798.0,1,1,Diabetes,IHS,11,CV,1,284118
24,0.22598306110102842,0.7395833333333333,26246.0,1,1,Diabetes,IHS,11,CV,1,284119
25,0.21902601330913493,0.7447916666666667,25700.0,1,1,Diabetes,IHS,11,CV,1,284120
26,0.22583182093163945,0.7604166666666666,27627.0,1,1,Diabetes,IHS,11,CV,1,284121
27,0.2276467029643073,0.7760416666666666,22859.0,1,1,Diabetes,IHS,11,CV,1,284122
28,0.22244404113732608,0.78125,36194.0,1,1,Diabetes,IHS,11,CV,1,284123
29,0.22946158499697517,0.7604166666666666,29235.0,1,1,Diabetes,IHS,11,CV,1,284124
30,0.22924984875983062,0.7604166666666666,29327.0,1,1,Diabetes,IHS,11,CV,1,284125
31,0.22934059286146397,0.75,23469.0,1,1,Diabetes,IHS,11,CV,1,284126
32,0.22767695099818513,0.7447916666666667,29169.0,1,1,Diabetes,IHS,11,CV,1,284127
33,0.23103448275862068,0.7447916666666667,29622.0,1,1,Diabetes,IHS,11,CV,1,284128
34,0.22767695099818508,0.7395833333333333,30756.0,1,1,Diabetes,IHS,11,CV,1,284129