
0,0.12905138339920946,0.8482142857142857,12581.0,1,1,Ecoli,IHS,12,CV,1,285600
1,0.13399209486166005,0.8303571428571428,12898.0,1,1,Ecoli,IHS,12,CV,1,285601
2,0.133596837944664,0.8839285714285714,11149.0,1,1,Ecoli,IHS,12,CV,1,285602
3,0.12924901185770749,0.875,12968.0,1,1,Ecoli,IHS,12,CV,1,285603
4,0.13399209486166005,0.8660714285714286,12906.0,1,1,Ecoli,IHS,12,CV,1,285604
5,0.12490118577075097,0.8482142857142857,13156.0,1,1,Ecoli,IHS,12,CV,1,285605
6,0.12964426877470356,0.875,12753.0,1,1,Ecoli,IHS,12,CV,1,285606
7,0.133596837944664,0.8571428571428572,12696.0,1,1,Ecoli,IHS,12,CV,1,285607
8,0.13399209486166005,0.875,12622.0,1,1,Ecoli,IHS,12,CV,1,285608
9,0.13399209486166005,0.8214285714285714,9641.0,1,1,Ecoli,IHS,12,CV,1,285609
10,0.1292490118577075,0.8571428571428572,12717.0,1,1,Ecoli,IHS,12,CV,1,285610
11,0.12924901185770749,0.8482142857142857,12663.0,1,1,Ecoli,IHS,12,CV,1,285611
12,0.13814229249011856,0.8571428571428572,10107.0,1,1,Ecoli,IHS,12,CV,1,235512
13,0.12905138339920946,0.8571428571428572,12462.0,1,1,Ecoli,IHS,12,CV,1,285613
14,0.13399209486166005,0.8571428571428572,9735.0,1,1,Ecoli,IHS,12,CV,1,235514
15,0.14229249011857706,0.8660714285714286,13462.0,1,1,Ecoli,IHS,12,CV,1,285615
16,0.13379446640316206,0.8839285714285714,10316.0,1,1,Ecoli,IHS,12,CV,1,285616
17,0.12470355731225298,0.8660714285714286,10070.0,1,1,Ecoli,IHS,12,CV,1,285617
18,0.1294466403162055,0.8660714285714286,12338.0,1,1,Ecoli,IHS,12,CV,1,285618
19,0.12470355731225294,0.8571428571428572,10906.0,1,1,Ecoli,IHS,12,CV,1,285619
20,0.12035573122529644,0.8482142857142857,12761.0,1,1,Ecoli,IHS,12,CV,1,285620
21,0.12490118577075097,0.8482142857142857,10655.0,1,1,Ecoli,IHS,12,CV,1,285621
22,0.1377470355731225,0.8482142857142857,10087.0,1,1,Ecoli,IHS,12,CV,1,285622
23,0.13814229249011856,0.875,12266.0,1,1,Ecoli,IHS,12,CV,1,285623
24,0.13399209486166005,0.8482142857142857,10272.0,1,1,Ecoli,IHS,12,CV,1,235524
25,0.133794466403162,0.8660714285714286,12704.0,1,1,Ecoli,IHS,12,CV,1,285625
26,0.1292490118577075,0.8839285714285714,12747.0,1,1,Ecoli,IHS,12,CV,1,285626
27,0.1292490118577075,0.8571428571428572,13504.0,1,1,Ecoli,IHS,12,CV,1,285627
28,0.12529644268774703,0.8214285714285714,12589.0,1,1,Ecoli,IHS,12,CV,1,285628
29,0.12470355731225294,0.8482142857142857,13020.0,1,1,Ecoli,IHS,12,CV,1,285629
30,0.12905138339920946,0.8571428571428572,12611.0,1,1,Ecoli,IHS,12,CV,1,285630
31,0.12470355731225294,0.875,13451.0,1,1,Ecoli,IHS,12,CV,1,285631
32,0.133596837944664,0.8839285714285714,12695.0,1,1,Ecoli,IHS,12,CV,1,285632
34,0.13320158102766796,0.8839285714285714,12660.0,1,1,Ecoli,IHS,12,CV,1,285634
33,0.1294466403162055,0.8482142857142857,12062.0,1,1,Ecoli,IHS,12,CV,1,243410