
0,0.06335082458770615,0.8211805555555556,50969.0,1,1,Car,IHS,12,CV,1,285390
1,0.06509745127436281,0.8229166666666666,51470.0,1,1,Car,IHS,12,CV,1,285391
2,0.06681409295352324,0.8732638888888888,57672.0,1,1,Car,IHS,12,CV,1,285392
3,0.06859070464767617,0.8784722222222222,61453.0,1,1,Car,IHS,12,CV,1,285393
4,0.06075712143928036,0.8385416666666666,50693.0,1,1,Car,IHS,12,CV,1,285394
5,0.06079460269865068,0.8298611111111112,59139.0,1,1,Car,IHS,12,CV,1,285395
6,0.06425787106446776,0.8194444444444444,63317.0,1,1,Car,IHS,12,CV,1,285396
7,0.06510494752623688,0.8506944444444444,45188.0,1,1,Car,IHS,12,CV,1,285397
8,0.06250374812593704,0.8315972222222222,59920.0,1,1,Car,IHS,12,CV,1,285398
9,0.0633583208395802,0.8159722222222222,52455.0,1,1,Car,IHS,12,CV,1,285399
10,0.06597451274362819,0.8628472222222222,59906.0,1,1,Car,IHS,12,CV,1,285400
11,0.06336581709145427,0.8246527777777778,59717.0,1,1,Car,IHS,12,CV,1,285401
12,0.06339580209895053,0.8420138888888888,59796.0,1,1,Car,IHS,12,CV,1,285402
13,0.06857571214392803,0.8802083333333334,61188.0,1,1,Car,IHS,12,CV,1,285403
14,0.059040479760119946,0.7829861111111112,50981.0,1,1,Car,IHS,12,CV,1,285404
15,0.06682908545727136,0.8159722222222222,45469.0,1,1,Car,IHS,12,CV,1,285405
16,0.06945277361319341,0.8194444444444444,59932.0,1,1,Car,IHS,12,CV,1,285406
17,0.06856821589205397,0.8524305555555556,60042.0,1,1,Car,IHS,12,CV,1,285407
18,0.06253373313343327,0.8489583333333334,48563.0,1,1,Car,IHS,12,CV,1,285408
19,0.06336581709145427,0.8263888888888888,51006.0,1,1,Car,IHS,12,CV,1,285409
20,0.061634182908545734,0.8663194444444444,64983.0,1,1,Car,IHS,12,CV,1,285410
21,0.052961019490254876,0.828125,60922.0,1,1,Car,IHS,12,CV,1,285411
22,0.06946776611694153,0.8472222222222222,45718.0,1,1,Car,IHS,12,CV,1,285412
23,0.06334332833583209,0.8298611111111112,62468.0,1,1,Car,IHS,12,CV,1,285413
24,0.06513493253373312,0.8333333333333334,59309.0,1,1,Car,IHS,12,CV,1,285414
25,0.06594452773613194,0.859375,48888.0,1,1,Car,IHS,12,CV,1,285415
26,0.06076461769115442,0.8559027777777778,59223.0,1,1,Car,IHS,12,CV,1,285416
27,0.05989505247376311,0.8559027777777778,59755.0,1,1,Car,IHS,12,CV,1,285417
28,0.06598200899550224,0.8090277777777778,48138.0,1,1,Car,IHS,12,CV,1,285418
29,0.05990254872563718,0.859375,59040.0,1,1,Car,IHS,12,CV,1,285419
30,0.060772113943028484,0.8524305555555556,58879.0,1,1,Car,IHS,12,CV,1,285420
31,0.06249625187406297,0.84375,48402.0,1,1,Car,IHS,12,CV,1,285421
32,0.06419790104947526,0.8854166666666666,49321.0,1,1,Car,IHS,12,CV,1,285422
33,0.06685907046476762,0.859375,58827.0,1,1,Car,IHS,12,CV,1,285423