
0,0.20999999999999996,0.7701612903225806,26218.0,1,1,Blood,IHS,12,CV,1,285320
1,0.20999999999999996,0.7782258064516129,26799.0,1,1,Blood,IHS,12,CV,1,285321
2,0.21200000000000002,0.7661290322580645,26406.0,1,1,Blood,IHS,12,CV,1,285322
3,0.20800000000000002,0.7701612903225806,26876.0,1,1,Blood,IHS,12,CV,1,285323
4,0.21000000000000002,0.7741935483870968,27050.0,1,1,Blood,IHS,12,CV,1,285324
5,0.20800000000000002,0.7701612903225806,21109.0,1,1,Blood,IHS,12,CV,1,285325
6,0.21200000000000002,0.782258064516129,30944.0,1,1,Blood,IHS,12,CV,1,285326
7,0.21200000000000002,0.7661290322580645,32922.0,1,1,Blood,IHS,12,CV,1,285327
8,0.21200000000000002,0.7741935483870968,33860.0,1,1,Blood,IHS,12,CV,1,285328
9,0.21200000000000002,0.7983870967741935,32443.0,1,1,Blood,IHS,12,CV,1,285329
10,0.20999999999999996,0.7903225806451613,20850.0,1,1,Blood,IHS,12,CV,1,285330
11,0.21200000000000002,0.7580645161290323,25985.0,1,1,Blood,IHS,12,CV,1,285331
12,0.20400000000000001,0.7782258064516129,24474.0,1,1,Blood,IHS,12,CV,1,285332
13,0.21200000000000002,0.7661290322580645,26734.0,1,1,Blood,IHS,12,CV,1,285333
14,0.20999999999999996,0.7782258064516129,26923.0,1,1,Blood,IHS,12,CV,1,285334
15,0.20999999999999996,0.7782258064516129,26737.0,1,1,Blood,IHS,12,CV,1,285335
16,0.20999999999999996,0.7782258064516129,19765.0,1,1,Blood,IHS,12,CV,1,285336
17,0.21399999999999997,0.7661290322580645,21437.0,1,1,Blood,IHS,12,CV,1,285337
18,0.21400000000000002,0.7903225806451613,20449.0,1,1,Blood,IHS,12,CV,1,285338
19,0.20800000000000002,0.7862903225806451,20704.0,1,1,Blood,IHS,12,CV,1,285339
20,0.20800000000000002,0.7661290322580645,26265.0,1,1,Blood,IHS,12,CV,1,285340
21,0.21399999999999997,0.7862903225806451,18735.0,1,1,Blood,IHS,12,CV,1,285341
22,0.21200000000000002,0.7903225806451613,18969.0,1,1,Blood,IHS,12,CV,1,285342
23,0.20999999999999996,0.7620967741935484,22221.0,1,1,Blood,IHS,12,CV,1,285343
24,0.20999999999999996,0.7741935483870968,30977.0,1,1,Blood,IHS,12,CV,1,285344
25,0.21200000000000002,0.7701612903225806,32109.0,1,1,Blood,IHS,12,CV,1,285345
26,0.21200000000000002,0.7782258064516129,18687.0,1,1,Blood,IHS,12,CV,1,285346
27,0.20600000000000002,0.7983870967741935,27079.0,1,1,Blood,IHS,12,CV,1,285347
28,0.21200000000000002,0.7620967741935484,25329.0,1,1,Blood,IHS,12,CV,1,285348
29,0.20600000000000002,0.8024193548387097,25210.0,1,1,Blood,IHS,12,CV,1,285349
30,0.20800000000000002,0.782258064516129,26166.0,1,1,Blood,IHS,12,CV,1,285350
31,0.20800000000000002,0.7620967741935484,25016.0,1,1,Blood,IHS,12,CV,1,285351
32,0.21200000000000002,0.7701612903225806,25458.0,1,1,Blood,IHS,12,CV,1,285352
33,0.21200000000000002,0.7661290322580645,25393.0,1,1,Blood,IHS,12,CV,1,285353
34,0.21399999999999997,0.782258064516129,20785.0,1,1,Blood,IHS,12,CV,1,285354