
0,0.2861111111111111,0.6363636363636364,4579.0,1,1,Hayes,IHS,12,CV,1,285740
1,0.27222222222222225,0.6136363636363636,4484.0,1,1,Hayes,IHS,12,CV,1,285741
2,0.2958333333333333,0.75,4624.0,1,1,Hayes,IHS,12,CV,1,285742
3,0.27361111111111114,0.7045454545454546,5375.0,1,1,Hayes,IHS,12,CV,1,285743
4,0.2861111111111111,0.6136363636363636,4419.0,1,1,Hayes,IHS,12,CV,1,285744
5,0.27361111111111114,0.6818181818181819,5260.0,1,1,Hayes,IHS,12,CV,1,285745
6,0.2763888888888889,0.7045454545454546,4094.0,1,1,Hayes,IHS,12,CV,1,285746
7,0.29583333333333334,0.6363636363636364,4757.0,1,1,Hayes,IHS,12,CV,1,285747
8,0.27361111111111114,0.75,4258.0,1,1,Hayes,IHS,12,CV,1,285748
9,0.29583333333333334,0.75,4633.0,1,1,Hayes,IHS,12,CV,1,285749
10,0.2875,0.75,5685.0,1,1,Hayes,IHS,12,CV,1,285750
11,0.2638888888888889,0.5681818181818181,5485.0,1,1,Hayes,IHS,12,CV,1,285751
12,0.3069444444444444,0.7272727272727273,5499.0,1,1,Hayes,IHS,12,CV,1,285752
13,0.2611111111111111,0.5454545454545454,5374.0,1,1,Hayes,IHS,12,CV,1,285753
14,0.2944444444444444,0.6136363636363636,5765.0,1,1,Hayes,IHS,12,CV,1,285754
15,0.2875,0.7272727272727273,5699.0,1,1,Hayes,IHS,12,CV,1,285755
16,0.2986111111111111,0.6590909090909092,5517.0,1,1,Hayes,IHS,12,CV,1,285756
17,0.30972222222222223,0.6590909090909092,4606.0,1,1,Hayes,IHS,12,CV,1,285757
18,0.25,0.6590909090909092,5449.0,1,1,Hayes,IHS,12,CV,1,285758
19,0.2944444444444444,0.6136363636363636,4563.0,1,1,Hayes,IHS,12,CV,1,285759
20,0.2652777777777778,0.6136363636363636,4663.0,1,1,Hayes,IHS,12,CV,1,285760
21,0.3069444444444444,0.6818181818181819,4410.0,1,1,Hayes,IHS,12,CV,1,285761
22,0.3041666666666667,0.6818181818181819,5416.0,1,1,Hayes,IHS,12,CV,1,285762
23,0.27361111111111114,0.6818181818181819,5530.0,1,1,Hayes,IHS,12,CV,1,285763
24,0.2847222222222222,0.6818181818181819,4572.0,1,1,Hayes,IHS,12,CV,1,285764
25,0.29583333333333334,0.7045454545454546,5375.0,1,1,Hayes,IHS,12,CV,1,285765
26,0.29305555555555557,0.6818181818181819,5836.0,1,1,Hayes,IHS,12,CV,1,285766
27,0.27638888888888885,0.6818181818181819,4702.0,1,1,Hayes,IHS,12,CV,1,285767
28,0.2861111111111111,0.6136363636363636,5323.0,1,1,Hayes,IHS,12,CV,1,285768
29,0.2763888888888889,0.5909090909090908,5369.0,1,1,Hayes,IHS,12,CV,1,285769
30,0.25,0.7045454545454546,5426.0,1,1,Hayes,IHS,12,CV,1,285770
31,0.27222222222222225,0.7045454545454546,4779.0,1,1,Hayes,IHS,12,CV,1,285771
32,0.3194444444444444,0.7045454545454546,4346.0,1,1,Hayes,IHS,12,CV,1,285772
33,0.2736111111111111,0.75,5484.0,1,1,Hayes,IHS,12,CV,1,285773
34,0.27222222222222225,0.6363636363636364,5699.0,1,1,Hayes,IHS,12,CV,1,285774