
0,0.45599999999999996,0.5581395348837209,43228.0,1,1,Contraceptive,IHS,12,CV,1,285495
1,0.4600000000000001,0.5116279069767442,44156.0,1,1,Contraceptive,IHS,12,CV,1,285496
2,0.45499999999999996,0.5348837209302326,38062.0,1,1,Contraceptive,IHS,12,CV,1,285497
3,0.45699999999999996,0.5433403805496828,51658.0,1,1,Contraceptive,IHS,12,CV,1,285498
4,0.45099999999999996,0.5454545454545454,52766.0,1,1,Contraceptive,IHS,12,CV,1,285499
5,0.45499999999999996,0.5496828752642706,38359.0,1,1,Contraceptive,IHS,12,CV,1,285500
6,0.454,0.5158562367864694,41867.0,1,1,Contraceptive,IHS,12,CV,1,285501
7,0.45500000000000007,0.5539112050739958,44909.0,1,1,Contraceptive,IHS,12,CV,1,285502
8,0.45899999999999996,0.5433403805496828,51459.0,1,1,Contraceptive,IHS,12,CV,1,285503
9,0.44799999999999995,0.5560253699788584,43645.0,1,1,Contraceptive,IHS,12,CV,1,235419
10,0.458,0.5285412262156448,51158.0,1,1,Contraceptive,IHS,12,CV,1,285505
11,0.45899999999999996,0.5369978858350951,63109.0,1,1,Contraceptive,IHS,12,CV,1,285506
12,0.45599999999999996,0.562367864693446,51534.0,1,1,Contraceptive,IHS,12,CV,1,285507
13,0.45499999999999996,0.5433403805496828,42226.0,1,1,Contraceptive,IHS,12,CV,1,285508
14,0.4589999999999999,0.5581395348837209,53353.0,1,1,Contraceptive,IHS,12,CV,1,285509
15,0.454,0.5433403805496828,51040.0,1,1,Contraceptive,IHS,12,CV,1,285510
16,0.45599999999999996,0.5454545454545454,52610.0,1,1,Contraceptive,IHS,12,CV,1,285511
17,0.45299999999999996,0.5602536997885835,42983.0,1,1,Contraceptive,IHS,12,CV,1,235427
18,0.45599999999999996,0.5454545454545454,51182.0,1,1,Contraceptive,IHS,12,CV,1,285513
19,0.45099999999999996,0.562367864693446,44140.0,1,1,Contraceptive,IHS,12,CV,1,285514
20,0.454,0.5517970401691332,50806.0,1,1,Contraceptive,IHS,12,CV,1,285515
21,0.458,0.5560253699788584,45621.0,1,1,Contraceptive,IHS,12,CV,1,285516
22,0.45999999999999996,0.5539112050739958,43698.0,1,1,Contraceptive,IHS,12,CV,1,285517
23,0.4600000000000001,0.5581395348837209,38859.0,1,1,Contraceptive,IHS,12,CV,1,285518
24,0.45099999999999996,0.5433403805496828,51120.0,1,1,Contraceptive,IHS,12,CV,1,285519
25,0.4590000000000001,0.547568710359408,44643.0,1,1,Contraceptive,IHS,12,CV,1,285520
26,0.45500000000000007,0.5602536997885835,44644.0,1,1,Contraceptive,IHS,12,CV,1,285521
27,0.4490000000000001,0.5560253699788584,41936.0,1,1,Contraceptive,IHS,12,CV,1,285522
28,0.453,0.5602536997885835,51504.0,1,1,Contraceptive,IHS,12,CV,1,285523
29,0.458,0.5581395348837209,43154.0,1,1,Contraceptive,IHS,12,CV,1,285524
30,0.45199999999999996,0.562367864693446,42178.0,1,1,Contraceptive,IHS,12,CV,1,285525
31,0.45500000000000007,0.5581395348837209,40656.0,1,1,Contraceptive,IHS,12,CV,1,285526
32,0.44499999999999995,0.547568710359408,41942.0,1,1,Contraceptive,IHS,12,CV,1,285527
33,0.454,0.5433403805496828,81675.0,1,1,Contraceptive,IHS,12,CV,1,285528
34,0.45599999999999996,0.5454545454545454,51457.0,1,1,Contraceptive,IHS,12,CV,1,285529