
0,0.06163418290854572,0.8524305555555556,62122.0,1,1,Car,IHS,13,CV,1,286860
1,0.06338830584707647,0.8194444444444444,61778.0,1,1,Car,IHS,13,CV,1,286861
2,0.06598950524737632,0.8454861111111112,64139.0,1,1,Car,IHS,13,CV,1,286862
3,0.06425787106446776,0.8229166666666666,77113.0,1,1,Car,IHS,13,CV,1,286863
4,0.06598200899550224,0.8298611111111112,62198.0,1,1,Car,IHS,13,CV,1,286864
5,0.05991754122938531,0.8489583333333334,59114.0,1,1,Car,IHS,13,CV,1,286865
6,0.065119940029985,0.8298611111111112,63055.0,1,1,Car,IHS,13,CV,1,286866
7,0.059025487256371814,0.8819444444444444,59405.0,1,1,Car,IHS,13,CV,1,286867
8,0.06250374812593704,0.8315972222222222,60429.0,1,1,Car,IHS,13,CV,1,286868
9,0.05383808095952024,0.8107638888888888,52109.0,1,1,Car,IHS,13,CV,1,286869
10,0.06164167916041979,0.8524305555555556,48494.0,1,1,Car,IHS,13,CV,1,286870
11,0.06250374812593704,0.859375,50353.0,1,1,Car,IHS,13,CV,1,236531
12,0.05987256371814094,0.8541666666666666,59891.0,1,1,Car,IHS,13,CV,1,286872
13,0.06685157421289355,0.8385416666666666,64059.0,1,1,Car,IHS,13,CV,1,286873
14,0.06423538230884558,0.8576388888888888,59569.0,1,1,Car,IHS,13,CV,1,286874
15,0.061619190404797596,0.8524305555555556,60044.0,1,1,Car,IHS,13,CV,1,286875
16,0.06772113943028486,0.890625,60847.0,1,1,Car,IHS,13,CV,1,286876
17,0.0642503748125937,0.8524305555555556,62797.0,1,1,Car,IHS,13,CV,1,286877
18,0.05816341829085457,0.859375,58592.0,1,1,Car,IHS,13,CV,1,286878
19,0.06338830584707647,0.8055555555555556,53012.0,1,1,Car,IHS,13,CV,1,286879
20,0.06423538230884558,0.8420138888888888,59891.0,1,1,Car,IHS,13,CV,1,286880
21,0.06508995502248875,0.8541666666666666,66365.0,1,1,Car,IHS,13,CV,1,286881
22,0.06685157421289356,0.8038194444444444,61754.0,1,1,Car,IHS,13,CV,1,286882
23,0.05816341829085457,0.8333333333333334,57938.0,1,1,Car,IHS,13,CV,1,286883
24,0.06598200899550224,0.8159722222222222,59946.0,1,1,Car,IHS,13,CV,1,286884
25,0.059925037481259366,0.8472222222222222,52986.0,1,1,Car,IHS,13,CV,1,286885
26,0.05903298350824587,0.8454861111111112,52888.0,1,1,Car,IHS,13,CV,1,286886
27,0.05903298350824587,0.8472222222222222,61774.0,1,1,Car,IHS,13,CV,1,286887
28,0.06509745127436281,0.859375,59048.0,1,1,Car,IHS,13,CV,1,286888
29,0.06686656671664168,0.8871527777777778,57329.0,1,1,Car,IHS,13,CV,1,286889
30,0.06510494752623688,0.8003472222222222,60319.0,1,1,Car,IHS,13,CV,1,286890
31,0.0677136431784108,0.8333333333333334,63350.0,1,1,Car,IHS,13,CV,1,286891
32,0.06508995502248875,0.8628472222222222,56130.0,1,1,Car,IHS,13,CV,1,286892
33,0.05817091454272864,0.8541666666666666,56063.0,1,1,Car,IHS,13,CV,1,286893
34,0.059025487256371814,0.8298611111111112,43766.0,1,1,Car,IHS,13,CV,1,286894