
0,0.16648351648351647,0.7285714285714286,11750.0,1,1,Connectionist,IHS,13,CV,1,286930
1,0.14395604395604394,0.7714285714285715,9899.0,1,1,Connectionist,IHS,13,CV,1,286931
2,0.15989010989010985,0.7428571428571429,10837.0,1,1,Connectionist,IHS,13,CV,1,286932
3,0.16758241758241754,0.7142857142857143,8333.0,1,1,Connectionist,IHS,13,CV,1,236583
4,0.16043956043956042,0.8142857142857143,7678.0,1,1,Connectionist,IHS,13,CV,1,286934
5,0.16703296703296702,0.7857142857142857,9448.0,1,1,Connectionist,IHS,13,CV,1,286935
6,0.1516483516483516,0.7,8592.0,1,1,Connectionist,IHS,13,CV,1,286936
7,0.16648351648351647,0.7428571428571429,10330.0,1,1,Connectionist,IHS,13,CV,1,286937
8,0.16153846153846152,0.7571428571428571,8005.0,1,1,Connectionist,IHS,13,CV,1,286938
9,0.15274725274725273,0.8,9388.0,1,1,Connectionist,IHS,13,CV,1,286939
10,0.13186813186813187,0.6857142857142857,10088.0,1,1,Connectionist,IHS,13,CV,1,286940
11,0.15329670329670328,0.7285714285714286,10342.0,1,1,Connectionist,IHS,13,CV,1,286941
12,0.13846153846153844,0.7571428571428571,10959.0,1,1,Connectionist,IHS,13,CV,1,286942
13,0.13956043956043956,0.8428571428571429,10880.0,1,1,Connectionist,IHS,13,CV,1,286943
14,0.15274725274725273,0.7142857142857143,10093.0,1,1,Connectionist,IHS,13,CV,1,286944
15,0.15989010989010985,0.7285714285714286,8538.0,1,1,Connectionist,IHS,13,CV,1,286945
16,0.15329670329670328,0.7571428571428571,9957.0,1,1,Connectionist,IHS,13,CV,1,286946
17,0.1675824175824176,0.7857142857142857,8005.0,1,1,Connectionist,IHS,13,CV,1,286947
18,0.13846153846153847,0.7285714285714286,11578.0,1,1,Connectionist,IHS,13,CV,1,286948
19,0.15934065934065933,0.7285714285714286,8694.0,1,1,Connectionist,IHS,13,CV,1,286949
20,0.1456043956043956,0.7571428571428571,9434.0,1,1,Connectionist,IHS,13,CV,1,286950
21,0.15164835164835164,0.8142857142857143,10185.0,1,1,Connectionist,IHS,13,CV,1,286951
22,0.1747252747252747,0.7571428571428571,9980.0,1,1,Connectionist,IHS,13,CV,1,286952
23,0.15384615384615383,0.7428571428571429,10100.0,1,1,Connectionist,IHS,13,CV,1,236603
24,0.16703296703296702,0.7571428571428571,8445.0,1,1,Connectionist,IHS,13,CV,1,286954
25,0.17527472527472526,0.7714285714285715,7422.0,1,1,Connectionist,IHS,13,CV,1,286955
26,0.17527472527472526,0.7,8793.0,1,1,Connectionist,IHS,13,CV,1,286956
27,0.16043956043956042,0.8142857142857143,8934.0,1,1,Connectionist,IHS,13,CV,1,286957
28,0.14560439560439561,0.7857142857142857,8467.0,1,1,Connectionist,IHS,13,CV,1,286958
29,0.15274725274725273,0.7285714285714286,7594.0,1,1,Connectionist,IHS,13,CV,1,286959
30,0.15274725274725273,0.8428571428571429,9889.0,1,1,Connectionist,IHS,13,CV,1,286960
31,0.15989010989010988,0.6857142857142857,7735.0,1,1,Connectionist,IHS,13,CV,1,286961
32,0.15384615384615383,0.7714285714285715,9371.0,1,1,Connectionist,IHS,13,CV,1,286962
33,0.15494505494505492,0.7285714285714286,10040.0,1,1,Connectionist,IHS,13,CV,1,286963