
0,0.1476190476190476,0.79,8781.0,1,1,Vertebral2C,IHS,14,CV,1,288155
1,0.1380952380952381,0.8,12076.0,1,1,Vertebral2C,IHS,14,CV,1,289031
2,0.1380952380952381,0.8200000000000001,11694.0,1,1,Vertebral2C,IHS,14,CV,1,288157
3,0.13333333333333333,0.8200000000000001,11875.0,1,1,Vertebral2C,IHS,14,CV,1,288158
4,0.1333333333333333,0.8200000000000001,8702.0,1,1,Vertebral2C,IHS,14,CV,1,288159
5,0.1333333333333333,0.79,11298.0,1,1,Vertebral2C,IHS,14,CV,1,288160
6,0.13333333333333333,0.8,11297.0,1,1,Vertebral2C,IHS,14,CV,1,288161
7,0.14285714285714285,0.83,10023.0,1,1,Vertebral2C,IHS,14,CV,1,288162
8,0.13809523809523808,0.8200000000000001,9688.0,1,1,Vertebral2C,IHS,14,CV,1,288163
9,0.1333333333333333,0.8,12133.0,1,1,Vertebral2C,IHS,14,CV,1,288164
10,0.1380952380952381,0.78,11341.0,1,1,Vertebral2C,IHS,14,CV,1,288165
11,0.13333333333333336,0.8,12137.0,1,1,Vertebral2C,IHS,14,CV,1,289041
12,0.1380952380952381,0.81,11445.0,1,1,Vertebral2C,IHS,14,CV,1,288167
13,0.13809523809523808,0.79,11725.0,1,1,Vertebral2C,IHS,14,CV,1,288168
14,0.1380952380952381,0.79,10134.0,1,1,Vertebral2C,IHS,14,CV,1,288169
15,0.13333333333333333,0.84,11412.0,1,1,Vertebral2C,IHS,14,CV,1,288170
16,0.13333333333333333,0.81,8625.0,1,1,Vertebral2C,IHS,14,CV,1,288171
17,0.13809523809523808,0.8,12112.0,1,1,Vertebral2C,IHS,14,CV,1,288172
18,0.14285714285714285,0.83,11469.0,1,1,Vertebral2C,IHS,14,CV,1,288173
19,0.14285714285714285,0.81,11275.0,1,1,Vertebral2C,IHS,14,CV,1,288174
20,0.13809523809523808,0.79,11425.0,1,1,Vertebral2C,IHS,14,CV,1,288175
21,0.1380952380952381,0.8200000000000001,8997.0,1,1,Vertebral2C,IHS,14,CV,1,288176
22,0.1333333333333333,0.78,11891.0,1,1,Vertebral2C,IHS,14,CV,1,288177
23,0.14285714285714285,0.81,11861.0,1,1,Vertebral2C,IHS,14,CV,1,289053
24,0.13333333333333333,0.81,12218.0,1,1,Vertebral2C,IHS,14,CV,1,288179
25,0.14285714285714285,0.8200000000000001,12310.0,1,1,Vertebral2C,IHS,14,CV,1,288180
26,0.13333333333333333,0.8200000000000001,12186.0,1,1,Vertebral2C,IHS,14,CV,1,288181
27,0.13333333333333333,0.8200000000000001,9884.0,1,1,Vertebral2C,IHS,14,CV,1,288182
28,0.14285714285714285,0.8200000000000001,9625.0,1,1,Vertebral2C,IHS,14,CV,1,288183
29,0.14285714285714285,0.79,11306.0,1,1,Vertebral2C,IHS,14,CV,1,288184
30,0.14285714285714285,0.81,11473.0,1,1,Vertebral2C,IHS,14,CV,1,288185
31,0.12857142857142856,0.81,10018.0,1,1,Vertebral2C,IHS,14,CV,1,288186
32,0.12857142857142856,0.8200000000000001,11844.0,1,1,Vertebral2C,IHS,14,CV,1,288187
33,0.13333333333333333,0.81,14201.0,1,1,Vertebral2C,IHS,14,CV,1,288188
34,0.1333333333333333,0.78,11447.0,1,1,Vertebral2C,IHS,14,CV,1,288189