
0,0.17307692307692304,0.7857142857142857,7633.0,1,1,Connectionist,IHS,14,CV,1,288400
1,0.16813186813186812,0.7428571428571429,9733.0,1,1,Connectionist,IHS,14,CV,1,288401
2,0.15879120879120875,0.7714285714285715,10141.0,1,1,Connectionist,IHS,14,CV,1,288402
3,0.15274725274725273,0.6714285714285715,10523.0,1,1,Connectionist,IHS,14,CV,1,288403
4,0.13791208791208792,0.7,9878.0,1,1,Connectionist,IHS,14,CV,1,288404
5,0.17472527472527472,0.7857142857142857,9457.0,1,1,Connectionist,IHS,14,CV,1,288405
6,0.17362637362637362,0.7857142857142857,8853.0,1,1,Connectionist,IHS,14,CV,1,288406
7,0.1598901098901099,0.7428571428571429,10505.0,1,1,Connectionist,IHS,14,CV,1,288407
8,0.13736263736263737,0.7571428571428571,8665.0,1,1,Connectionist,IHS,14,CV,1,288408
9,0.14505494505494504,0.7,12109.0,1,1,Connectionist,IHS,14,CV,1,288409
10,0.15329670329670328,0.8285714285714285,7641.0,1,1,Connectionist,IHS,14,CV,1,288410
11,0.1598901098901099,0.7,9750.0,1,1,Connectionist,IHS,14,CV,1,288411
12,0.15274725274725273,0.7428571428571429,12109.0,1,1,Connectionist,IHS,14,CV,1,288412
13,0.17472527472527472,0.6857142857142857,7703.0,1,1,Connectionist,IHS,14,CV,1,288413
14,0.17417582417582417,0.7285714285714286,7828.0,1,1,Connectionist,IHS,14,CV,1,288414
15,0.1659340659340659,0.8,7968.0,1,1,Connectionist,IHS,14,CV,1,288415
16,0.15329670329670328,0.7428571428571429,10312.0,1,1,Connectionist,IHS,14,CV,1,288416
17,0.1313186813186813,0.6857142857142857,8500.0,1,1,Connectionist,IHS,14,CV,1,288417
18,0.14725274725274726,0.7857142857142857,9436.0,1,1,Connectionist,IHS,14,CV,1,288418
19,0.17417582417582417,0.7571428571428571,9783.0,1,1,Connectionist,IHS,14,CV,1,288419
20,0.1659340659340659,0.8285714285714285,7987.0,1,1,Connectionist,IHS,14,CV,1,288420
21,0.1659340659340659,0.7714285714285715,10697.0,1,1,Connectionist,IHS,14,CV,1,288421
22,0.14505494505494504,0.7857142857142857,10518.0,1,1,Connectionist,IHS,14,CV,1,288422
23,0.17362637362637362,0.7857142857142857,10587.0,1,1,Connectionist,IHS,14,CV,1,288423
24,0.14505494505494504,0.6428571428571428,8848.0,1,1,Connectionist,IHS,14,CV,1,288424
25,0.15219780219780216,0.6714285714285715,7034.0,1,1,Connectionist,IHS,14,CV,1,288425
26,0.1659340659340659,0.7285714285714286,8378.0,1,1,Connectionist,IHS,14,CV,1,288426
27,0.15934065934065933,0.7285714285714286,7098.0,1,1,Connectionist,IHS,14,CV,1,288427
28,0.17472527472527474,0.7857142857142857,8605.0,1,1,Connectionist,IHS,14,CV,1,288428
29,0.17527472527472526,0.7428571428571429,7065.0,1,1,Connectionist,IHS,14,CV,1,288429
31,0.16703296703296702,0.7285714285714286,7637.0,1,1,Connectionist,IHS,14,CV,1,288431
32,0.15219780219780218,0.8,8730.0,1,1,Connectionist,IHS,14,CV,1,288432
33,0.15274725274725273,0.7285714285714286,10741.0,1,1,Connectionist,IHS,14,CV,1,288433
34,0.15989010989010988,0.7714285714285715,7750.0,1,1,Connectionist,IHS,14,CV,1,288434
30,0.15274725274725273,0.8428571428571429,9297.0,1,1,Connectionist,IHS,14,CV,1,246726