
0,0.2454643947601694,0.7514285714285714,81016.0,1,1,Cardiotocography,IHS,1,CV,1,269185
1,0.24338126662070322,0.74,80719.0,1,1,Cardiotocography,IHS,1,CV,1,269186
2,0.24269673987983845,0.7428571428571429,85014.0,1,1,Cardiotocography,IHS,1,CV,1,269187
3,0.2363981089333202,0.7514285714285714,86194.0,1,1,Cardiotocography,IHS,1,CV,1,269188
4,0.2531764010637251,0.7528571428571429,84394.0,1,1,Cardiotocography,IHS,1,CV,1,269189
5,0.24408549197281593,0.7642857142857142,104032.0,1,1,Cardiotocography,IHS,1,CV,1,269190
6,0.23985029055451595,0.74,85962.0,1,1,Cardiotocography,IHS,1,CV,1,269191
7,0.24269181522702646,0.7514285714285714,71450.0,1,1,Cardiotocography,IHS,1,CV,1,269192
8,0.24409534127843985,0.7585714285714286,84857.0,1,1,Cardiotocography,IHS,1,CV,1,269193
9,0.2455037919826652,0.7385714285714285,84363.0,1,1,Cardiotocography,IHS,1,CV,1,269194
10,0.2384418398502905,0.7557142857142858,68781.0,1,1,Cardiotocography,IHS,1,CV,1,269195
11,0.2454693194129814,0.7285714285714286,61083.0,1,1,Cardiotocography,IHS,1,CV,1,269196
12,0.24617354476509404,0.7457142857142858,61154.0,1,1,Cardiotocography,IHS,1,CV,1,269197
13,0.24270166453265044,0.7471428571428571,87552.0,1,1,Cardiotocography,IHS,1,CV,1,269198
14,0.2433369447453954,0.7385714285714285,104892.0,1,1,Cardiotocography,IHS,1,CV,1,269199
15,0.2518221215404314,0.7285714285714286,69115.0,1,1,Cardiotocography,IHS,1,CV,1,269200
16,0.23987983847138775,0.77,89407.0,1,1,Cardiotocography,IHS,1,CV,1,269201
17,0.24127351521717716,0.75,72323.0,1,1,Cardiotocography,IHS,1,CV,1,269202
18,0.24197774056928986,0.74,85954.0,1,1,Cardiotocography,IHS,1,CV,1,269203
19,0.23494533635378706,0.7685714285714286,81652.0,1,1,Cardiotocography,IHS,1,CV,1,269204
20,0.2475721461636955,0.7328571428571429,86060.0,1,1,Cardiotocography,IHS,1,CV,1,269205
21,0.23921008568895888,0.7614285714285715,88843.0,1,1,Cardiotocography,IHS,1,CV,1,269206
22,0.24617846941790603,0.7457142857142858,87166.0,1,1,Cardiotocography,IHS,1,CV,1,269207
23,0.24622771594602583,0.7528571428571429,64391.0,1,1,Cardiotocography,IHS,1,CV,1,269208
24,0.24408056732000394,0.74,85977.0,1,1,Cardiotocography,IHS,1,CV,1,269209
25,0.2461390721954102,0.7542857142857142,86942.0,1,1,Cardiotocography,IHS,1,CV,1,269210
26,0.2475819954693194,0.7457142857142858,87140.0,1,1,Cardiotocography,IHS,1,CV,1,269211
27,0.23915591450802723,0.7442857142857142,70998.0,1,1,Cardiotocography,IHS,1,CV,1,269212
28,0.2426622673101546,0.7342857142857142,88997.0,1,1,Cardiotocography,IHS,1,CV,1,269213
29,0.23846153846153845,0.7385714285714285,88321.0,1,1,Cardiotocography,IHS,1,CV,1,269214
30,0.24477494336649266,0.7385714285714285,68220.0,1,1,Cardiotocography,IHS,1,CV,1,269215
31,0.2483157687383039,0.7285714285714286,112226.0,1,1,Cardiotocography,IHS,1,CV,1,269216
32,0.24692701664532649,0.7514285714285714,69750.0,1,1,Cardiotocography,IHS,1,CV,1,269217
33,0.246193243376342,0.7457142857142858,92846.0,1,1,Cardiotocography,IHS,1,CV,1,269218
34,0.2385206342952822,0.7585714285714286,88063.0,1,1,Cardiotocography,IHS,1,CV,1,269219