
0,0.12857142857142856,0.7666666666666666,4769.0,1,1,Fertility,IHS,1,CV,1,269465
1,0.1571428571428571,0.7333333333333334,4361.0,1,1,Fertility,IHS,1,CV,1,269466
2,0.15714285714285714,0.8,3633.0,1,1,Fertility,IHS,1,CV,1,222332
3,0.1714285714285714,0.7,4715.0,1,1,Fertility,IHS,1,CV,1,269468
4,0.1571428571428571,0.8,4849.0,1,1,Fertility,IHS,1,CV,1,269469
5,0.11428571428571428,0.6666666666666667,4516.0,1,1,Fertility,IHS,1,CV,1,269470
6,0.14285714285714285,0.8,3810.0,1,1,Fertility,IHS,1,CV,1,269471
7,0.1714285714285714,0.8333333333333334,3802.0,1,1,Fertility,IHS,1,CV,1,269472
8,0.1714285714285714,0.8333333333333334,4726.0,1,1,Fertility,IHS,1,CV,1,269473
9,0.15714285714285714,0.8,4831.0,1,1,Fertility,IHS,1,CV,1,269474
10,0.1571428571428571,0.7333333333333334,3970.0,1,1,Fertility,IHS,1,CV,1,269475
11,0.12857142857142853,0.7333333333333334,3376.0,1,1,Fertility,IHS,1,CV,1,269476
12,0.1571428571428571,0.7666666666666666,5298.0,1,1,Fertility,IHS,1,CV,1,269477
13,0.1571428571428571,0.8,4150.0,1,1,Fertility,IHS,1,CV,1,269478
14,0.1571428571428571,0.8333333333333334,3591.0,1,1,Fertility,IHS,1,CV,1,269479
15,0.12857142857142856,0.8333333333333334,3656.0,1,1,Fertility,IHS,1,CV,1,269480
16,0.1571428571428571,0.7333333333333334,4530.0,1,1,Fertility,IHS,1,CV,1,269481
17,0.12857142857142856,0.8333333333333334,4880.0,1,1,Fertility,IHS,1,CV,1,269482
18,0.1571428571428571,0.8666666666666667,3876.0,1,1,Fertility,IHS,1,CV,1,269483
19,0.12857142857142856,0.7,4845.0,1,1,Fertility,IHS,1,CV,1,269484
20,0.09999999999999999,0.8333333333333334,4711.0,1,1,Fertility,IHS,1,CV,1,269485
21,0.14285714285714285,0.5,4058.0,1,1,Fertility,IHS,1,CV,1,269486
22,0.12857142857142856,0.8,3702.0,1,1,Fertility,IHS,1,CV,1,269487
23,0.09999999999999999,0.8,3952.0,1,1,Fertility,IHS,1,CV,1,269488
24,0.12857142857142856,0.7666666666666666,3899.0,1,1,Fertility,IHS,1,CV,1,269489
25,0.1714285714285714,0.8,3593.0,1,1,Fertility,IHS,1,CV,1,269490
26,0.11428571428571428,0.7333333333333334,4719.0,1,1,Fertility,IHS,1,CV,1,269491
27,0.17142857142857143,0.6666666666666667,4758.0,1,1,Fertility,IHS,1,CV,1,269492
28,0.1571428571428571,0.8666666666666667,4782.0,1,1,Fertility,IHS,1,CV,1,222358
29,0.14285714285714285,0.6666666666666667,3516.0,1,1,Fertility,IHS,1,CV,1,269494
31,0.09999999999999998,0.7333333333333334,4847.0,1,1,Fertility,IHS,1,CV,1,269496
32,0.12857142857142856,0.8,3378.0,1,1,Fertility,IHS,1,CV,1,269497
33,0.1571428571428571,0.7333333333333334,3968.0,1,1,Fertility,IHS,1,CV,1,269498
34,0.12857142857142856,0.7666666666666666,4728.0,1,1,Fertility,IHS,1,CV,1,269499
30,0.12857142857142856,0.6333333333333333,3625.0,1,1,Fertility,IHS,1,CV,1,230611