
0,0.30541666666666667,0.6166666666666667,7242.0,1,1,Glass,IHS,1,CV,1,269500
1,0.28,0.65,9110.0,1,1,Glass,IHS,1,CV,1,269501
2,0.29833333333333334,0.6166666666666667,7942.0,1,1,Glass,IHS,1,CV,1,269502
3,0.305,0.5833333333333333,9281.0,1,1,Glass,IHS,1,CV,1,269503
4,0.2916666666666667,0.6166666666666667,9475.0,1,1,Glass,IHS,1,CV,1,269504
5,0.29791666666666666,0.6333333333333333,11034.0,1,1,Glass,IHS,1,CV,1,269505
6,0.3045833333333333,0.6333333333333333,7744.0,1,1,Glass,IHS,1,CV,1,269506
7,0.30000000000000004,0.6166666666666667,7053.0,1,1,Glass,IHS,1,CV,1,269507
8,0.2925,0.6333333333333333,7344.0,1,1,Glass,IHS,1,CV,1,269508
9,0.29833333333333334,0.6333333333333333,9000.0,1,1,Glass,IHS,1,CV,1,269509
10,0.2991666666666667,0.6666666666666667,7678.0,1,1,Glass,IHS,1,CV,1,269510
11,0.29833333333333334,0.6166666666666667,9121.0,1,1,Glass,IHS,1,CV,1,269511
12,0.30375,0.6166666666666667,9059.0,1,1,Glass,IHS,1,CV,1,269512
13,0.28500000000000003,0.6,7359.0,1,1,Glass,IHS,1,CV,1,269513
14,0.29125,0.65,10229.0,1,1,Glass,IHS,1,CV,1,269514
15,0.29833333333333334,0.65,9585.0,1,1,Glass,IHS,1,CV,1,269515
16,0.2983333333333334,0.6166666666666667,9499.0,1,1,Glass,IHS,1,CV,1,269516
17,0.3041666666666667,0.7,6985.0,1,1,Glass,IHS,1,CV,1,269517
18,0.2925,0.5833333333333333,6938.0,1,1,Glass,IHS,1,CV,1,269518
19,0.2845833333333333,0.6166666666666667,9263.0,1,1,Glass,IHS,1,CV,1,269519
20,0.2979166666666667,0.6833333333333333,7244.0,1,1,Glass,IHS,1,CV,1,269520
21,0.29208333333333336,0.6166666666666667,10147.0,1,1,Glass,IHS,1,CV,1,269521
22,0.2858333333333333,0.6,7538.0,1,1,Glass,IHS,1,CV,1,269522
23,0.29250000000000004,0.6833333333333333,7893.0,1,1,Glass,IHS,1,CV,1,269523
24,0.3058333333333333,0.6833333333333333,7110.0,1,1,Glass,IHS,1,CV,1,269524
25,0.29208333333333336,0.6166666666666667,7940.0,1,1,Glass,IHS,1,CV,1,269525
26,0.30041666666666667,0.6666666666666667,9599.0,1,1,Glass,IHS,1,CV,1,269526
27,0.31166666666666665,0.6666666666666667,8945.0,1,1,Glass,IHS,1,CV,1,269527
28,0.29250000000000004,0.5666666666666667,7845.0,1,1,Glass,IHS,1,CV,1,269528
29,0.29125,0.5833333333333333,6938.0,1,1,Glass,IHS,1,CV,1,269529
30,0.2854166666666667,0.6166666666666667,9193.0,1,1,Glass,IHS,1,CV,1,269530
31,0.29208333333333336,0.6166666666666667,8547.0,1,1,Glass,IHS,1,CV,1,269531
32,0.29875,0.65,7469.0,1,1,Glass,IHS,1,CV,1,269532
34,0.30625,0.6666666666666667,8614.0,1,1,Glass,IHS,1,CV,1,269534
33,0.29208333333333336,0.5666666666666667,8562.0,1,1,Glass,IHS,1,CV,1,228452