
0,0.30446666666666666,0.7058,1698680.0,1,1,Letter,IHS,1,CV,1,269745
1,0.30500000000000005,0.694,1962741.0,1,1,Letter,IHS,1,CV,1,269746
2,0.3038,0.6961999999999999,2120412.0,1,1,Letter,IHS,1,CV,1,269747
3,0.30693333333333334,0.6936,1504940.0,1,1,Letter,IHS,1,CV,1,269748
4,0.3061333333333333,0.6898,1493047.0,1,1,Letter,IHS,1,CV,1,269749
5,0.30799999999999994,0.6868000000000001,1401959.0,1,1,Letter,IHS,1,CV,1,269750
6,0.3075333333333333,0.6944,1471475.0,1,1,Letter,IHS,1,CV,1,269751
7,0.30133333333333334,0.6946,1876543.0,1,1,Letter,IHS,1,CV,1,269752
8,0.2989333333333334,0.7008,1536528.0,1,1,Letter,IHS,1,CV,1,269753
9,0.30839999999999995,0.6908000000000001,1844575.0,1,1,Letter,IHS,1,CV,1,269754
10,0.30406666666666665,0.6972,1750255.0,1,1,Letter,IHS,1,CV,1,222580
11,0.30599999999999994,0.6926,1547588.0,1,1,Letter,IHS,1,CV,1,269756
12,0.3096,0.6884,1731025.0,1,1,Letter,IHS,1,CV,1,269757
13,0.3055333333333333,0.6992,1729613.0,1,1,Letter,IHS,1,CV,1,269758
14,0.3056,0.6918,1692270.0,1,1,Letter,IHS,1,CV,1,269759
15,0.3085333333333333,0.6876,1761426.0,1,1,Letter,IHS,1,CV,1,269760
16,0.2997333333333333,0.6964,1846279.0,1,1,Letter,IHS,1,CV,1,269761
17,0.3078,0.6912,1843021.0,1,1,Letter,IHS,1,CV,1,269762
18,0.3101333333333333,0.6956,1475579.0,1,1,Letter,IHS,1,CV,1,269763
19,0.3066,0.6901999999999999,1759769.0,1,1,Letter,IHS,1,CV,1,269764
20,0.2999333333333333,0.7014,1483061.0,1,1,Letter,IHS,1,CV,1,269765
21,0.2978666666666666,0.6934,1859271.0,1,1,Letter,IHS,1,CV,1,269766
22,0.2992,0.6976,1807653.0,1,1,Letter,IHS,1,CV,1,269767
23,0.3055333333333333,0.688,2097378.0,1,1,Letter,IHS,1,CV,1,269768
24,0.3068,0.6964,1858204.0,1,1,Letter,IHS,1,CV,1,269769
25,0.30793333333333334,0.6921999999999999,1868625.0,1,1,Letter,IHS,1,CV,1,269770
26,0.30500000000000005,0.6964,1378603.0,1,1,Letter,IHS,1,CV,1,269771
27,0.30473333333333336,0.6998,1961429.0,1,1,Letter,IHS,1,CV,1,269772
28,0.30419999999999997,0.6972,1917449.0,1,1,Letter,IHS,1,CV,1,269773
29,0.3038666666666667,0.6946,1396610.0,1,1,Letter,IHS,1,CV,1,269774
30,0.3057333333333333,0.6901999999999999,1469616.0,1,1,Letter,IHS,1,CV,1,269775
31,0.3085333333333333,0.687,1955249.0,1,1,Letter,IHS,1,CV,1,269776
32,0.3064666666666666,0.692,1703290.0,1,1,Letter,IHS,1,CV,1,269777
33,0.30493333333333333,0.6894,1490547.0,1,1,Letter,IHS,1,CV,1,269778
34,0.3025333333333333,0.6866,1964319.0,1,1,Letter,IHS,1,CV,1,269779