
0,0.08152173913043478,0.8974358974358975,14106.0,1,1,Ionosphere,IHS,2,CV,1,271145
1,0.06865942028985508,0.8632478632478633,11363.0,1,1,Ionosphere,IHS,2,CV,1,271146
2,0.07681159420289854,0.8205128205128205,9853.0,1,1,Ionosphere,IHS,2,CV,1,271147
3,0.07735507246376812,0.8888888888888888,10974.0,1,1,Ionosphere,IHS,2,CV,1,223713
4,0.06865942028985507,0.8717948717948718,13352.0,1,1,Ionosphere,IHS,2,CV,1,271149
5,0.07246376811594202,0.905982905982906,13451.0,1,1,Ionosphere,IHS,2,CV,1,271150
6,0.07282608695652174,0.8632478632478633,13233.0,1,1,Ionosphere,IHS,2,CV,1,271151
7,0.07264492753623188,0.905982905982906,10203.0,1,1,Ionosphere,IHS,2,CV,1,271152
8,0.07264492753623188,0.9401709401709402,13903.0,1,1,Ionosphere,IHS,2,CV,1,271153
9,0.07282608695652174,0.8888888888888888,14099.0,1,1,Ionosphere,IHS,2,CV,1,271154
10,0.0766304347826087,0.905982905982906,13845.0,1,1,Ionosphere,IHS,2,CV,1,271155
11,0.06431159420289854,0.9145299145299145,13863.0,1,1,Ionosphere,IHS,2,CV,1,271156
12,0.07246376811594202,0.8974358974358975,13954.0,1,1,Ionosphere,IHS,2,CV,1,271157
13,0.07264492753623189,0.8461538461538461,14602.0,1,1,Ionosphere,IHS,2,CV,1,271158
14,0.06431159420289853,0.9401709401709402,13703.0,1,1,Ionosphere,IHS,2,CV,1,271159
15,0.059782608695652176,0.8803418803418803,13750.0,1,1,Ionosphere,IHS,2,CV,1,271160
16,0.07246376811594203,0.8547008547008547,9910.0,1,1,Ionosphere,IHS,2,CV,1,271161
17,0.05543478260869563,0.8803418803418803,16891.0,1,1,Ionosphere,IHS,2,CV,1,271162
18,0.06413043478260869,0.8974358974358975,13930.0,1,1,Ionosphere,IHS,2,CV,1,271163
19,0.060144927536231886,0.9145299145299145,10778.0,1,1,Ionosphere,IHS,2,CV,1,271164
20,0.07300724637681158,0.9230769230769231,13880.0,1,1,Ionosphere,IHS,2,CV,1,271165
21,0.0596014492753623,0.8888888888888888,10297.0,1,1,Ionosphere,IHS,2,CV,1,271166
22,0.07681159420289854,0.8717948717948718,14767.0,1,1,Ionosphere,IHS,2,CV,1,271167
23,0.07681159420289854,0.905982905982906,14203.0,1,1,Ionosphere,IHS,2,CV,1,271168
24,0.06865942028985508,0.905982905982906,10978.0,1,1,Ionosphere,IHS,2,CV,1,271169
25,0.07699275362318839,0.8547008547008547,11128.0,1,1,Ionosphere,IHS,2,CV,1,223735
26,0.06847826086956522,0.9145299145299145,9910.0,1,1,Ionosphere,IHS,2,CV,1,271171
27,0.07264492753623189,0.8632478632478633,14282.0,1,1,Ionosphere,IHS,2,CV,1,271172
28,0.06847826086956521,0.8803418803418803,14727.0,1,1,Ionosphere,IHS,2,CV,1,271173
29,0.07282608695652174,0.8888888888888888,14190.0,1,1,Ionosphere,IHS,2,CV,1,271174
30,0.07735507246376812,0.8974358974358975,14454.0,1,1,Ionosphere,IHS,2,CV,1,271175
31,0.07717391304347826,0.9145299145299145,14846.0,1,1,Ionosphere,IHS,2,CV,1,271176
32,0.06865942028985506,0.8803418803418803,14400.0,1,1,Ionosphere,IHS,2,CV,1,271177
33,0.0766304347826087,0.8888888888888888,14700.0,1,1,Ionosphere,IHS,2,CV,1,271178
34,0.06032608695652173,0.9316239316239316,15326.0,1,1,Ionosphere,IHS,2,CV,1,271179