
0,0.126056338028169,0.8457142857142858,43337.0,1,1,QSARBiodegradation,IHS,2,CV,1,271495
1,0.13746478873239437,0.8171428571428572,46467.0,1,1,QSARBiodegradation,IHS,2,CV,1,271496
2,0.13321931589537223,0.8428571428571429,34540.0,1,1,QSARBiodegradation,IHS,2,CV,1,271497
3,0.131851106639839,0.86,32203.0,1,1,QSARBiodegradation,IHS,2,CV,1,271498
4,0.133158953722334,0.8428571428571429,34581.0,1,1,QSARBiodegradation,IHS,2,CV,1,271499
5,0.13613682092555332,0.8342857142857143,42703.0,1,1,QSARBiodegradation,IHS,2,CV,1,271500
6,0.13609657947686116,0.8257142857142857,35630.0,1,1,QSARBiodegradation,IHS,2,CV,1,271501
7,0.13040241448692153,0.8342857142857143,33409.0,1,1,QSARBiodegradation,IHS,2,CV,1,224017
8,0.1317706237424547,0.8314285714285714,41985.0,1,1,QSARBiodegradation,IHS,2,CV,1,271503
9,0.1360764587525151,0.8628571428571429,47003.0,1,1,QSARBiodegradation,IHS,2,CV,1,271504
10,0.13609657947686118,0.8571428571428572,41031.0,1,1,QSARBiodegradation,IHS,2,CV,1,271505
11,0.13611670020120725,0.8485714285714285,33149.0,1,1,QSARBiodegradation,IHS,2,CV,1,224021
12,0.13042253521126762,0.8542857142857143,34303.0,1,1,QSARBiodegradation,IHS,2,CV,1,271507
13,0.13460764587525154,0.8314285714285714,46873.0,1,1,QSARBiodegradation,IHS,2,CV,1,271508
14,0.13321931589537223,0.8371428571428572,43892.0,1,1,QSARBiodegradation,IHS,2,CV,1,271509
15,0.13323943661971832,0.8485714285714285,43365.0,1,1,QSARBiodegradation,IHS,2,CV,1,271510
16,0.13323943661971832,0.8571428571428572,40781.0,1,1,QSARBiodegradation,IHS,2,CV,1,271511
17,0.13603621730382293,0.8514285714285714,43648.0,1,1,QSARBiodegradation,IHS,2,CV,1,271512
18,0.13325955734406442,0.8571428571428572,40422.0,1,1,QSARBiodegradation,IHS,2,CV,1,271513
19,0.12764587525150906,0.8342857142857143,46337.0,1,1,QSARBiodegradation,IHS,2,CV,1,271514
20,0.13609657947686118,0.8428571428571429,40235.0,1,1,QSARBiodegradation,IHS,2,CV,1,271515
21,0.13321931589537223,0.8285714285714285,35434.0,1,1,QSARBiodegradation,IHS,2,CV,1,271516
22,0.13605633802816902,0.8342857142857143,44113.0,1,1,QSARBiodegradation,IHS,2,CV,1,271517
23,0.13464788732394367,0.8457142857142858,34538.0,1,1,QSARBiodegradation,IHS,2,CV,1,271518
24,0.13032193158953723,0.8457142857142858,39811.0,1,1,QSARBiodegradation,IHS,2,CV,1,271519
25,0.13177062374245474,0.84,39809.0,1,1,QSARBiodegradation,IHS,2,CV,1,271520
26,0.12340040241448694,0.8371428571428572,40016.0,1,1,QSARBiodegradation,IHS,2,CV,1,271521
27,0.13758551307847083,0.8428571428571429,39606.0,1,1,QSARBiodegradation,IHS,2,CV,1,271522
28,0.1318712273641851,0.8257142857142857,43241.0,1,1,QSARBiodegradation,IHS,2,CV,1,271523
29,0.1217907444668008,0.8314285714285714,40085.0,1,1,QSARBiodegradation,IHS,2,CV,1,271524
30,0.13617706237424548,0.8457142857142858,42828.0,1,1,QSARBiodegradation,IHS,2,CV,1,271525
31,0.1262173038229376,0.8457142857142858,32640.0,1,1,QSARBiodegradation,IHS,2,CV,1,271526
32,0.13750503018108656,0.84,32422.0,1,1,QSARBiodegradation,IHS,2,CV,1,271527
33,0.1360764587525151,0.8485714285714285,46461.0,1,1,QSARBiodegradation,IHS,2,CV,1,271528
34,0.1232394366197183,0.8285714285714285,34489.0,1,1,QSARBiodegradation,IHS,2,CV,1,271529