
0,0.02142857142857143,0.9571428571428572,7342.0,1,1,Seeds,IHS,2,CV,1,271320
1,0.02857142857142857,0.9857142857142858,6662.0,1,1,Seeds,IHS,2,CV,1,271321
2,0.02857142857142857,0.9571428571428572,7936.0,1,1,Seeds,IHS,2,CV,1,271322
3,0.02857142857142857,0.9571428571428572,7784.0,1,1,Seeds,IHS,2,CV,1,271323
4,0.03571428571428571,0.9714285714285714,6598.0,1,1,Seeds,IHS,2,CV,1,271324
5,0.02857142857142857,0.9714285714285714,7901.0,1,1,Seeds,IHS,2,CV,1,271325
6,0.03571428571428571,0.9571428571428572,8237.0,1,1,Seeds,IHS,2,CV,1,271326
7,0.03571428571428571,0.9571428571428572,8023.0,1,1,Seeds,IHS,2,CV,1,271327
8,0.03571428571428571,0.9857142857142858,8287.0,1,1,Seeds,IHS,2,CV,1,271328
9,0.02857142857142857,0.9714285714285714,7367.0,1,1,Seeds,IHS,2,CV,1,271329
10,0.03571428571428571,0.9571428571428572,7996.0,1,1,Seeds,IHS,2,CV,1,271330
11,0.02857142857142857,0.9428571428571428,6234.0,1,1,Seeds,IHS,2,CV,1,271331
12,0.03571428571428571,0.9571428571428572,6172.0,1,1,Seeds,IHS,2,CV,1,271332
13,0.02857142857142857,0.9571428571428572,6320.0,1,1,Seeds,IHS,2,CV,1,223873
14,0.03571428571428571,0.9285714285714286,7687.0,1,1,Seeds,IHS,2,CV,1,271334
15,0.02857142857142857,0.9571428571428572,7367.0,1,1,Seeds,IHS,2,CV,1,271335
16,0.02857142857142857,0.9428571428571428,8281.0,1,1,Seeds,IHS,2,CV,1,271336
17,0.02857142857142857,0.9857142857142858,7629.0,1,1,Seeds,IHS,2,CV,1,271337
18,0.03571428571428571,0.9571428571428572,7900.0,1,1,Seeds,IHS,2,CV,1,271338
19,0.02857142857142857,0.9857142857142858,6219.0,1,1,Seeds,IHS,2,CV,1,271339
20,0.02857142857142857,0.9571428571428572,8104.0,1,1,Seeds,IHS,2,CV,1,271340
21,0.02857142857142857,0.9428571428571428,8131.0,1,1,Seeds,IHS,2,CV,1,271341
22,0.02857142857142857,0.9285714285714286,8233.0,1,1,Seeds,IHS,2,CV,1,271342
23,0.02857142857142857,0.9428571428571428,8031.0,1,1,Seeds,IHS,2,CV,1,271343
24,0.02857142857142857,0.9571428571428572,7586.0,1,1,Seeds,IHS,2,CV,1,271344
25,0.02857142857142857,0.9714285714285714,7309.0,1,1,Seeds,IHS,2,CV,1,271345
26,0.02857142857142857,0.9857142857142858,6477.0,1,1,Seeds,IHS,2,CV,1,271346
27,0.03571428571428571,0.9428571428571428,8196.0,1,1,Seeds,IHS,2,CV,1,271347
28,0.03571428571428571,0.9571428571428572,8025.0,1,1,Seeds,IHS,2,CV,1,271348
29,0.02857142857142857,0.9285714285714286,8110.0,1,1,Seeds,IHS,2,CV,1,271349
31,0.02857142857142857,0.9571428571428572,8183.0,1,1,Seeds,IHS,2,CV,1,271351
32,0.02857142857142857,0.9571428571428572,6467.0,1,1,Seeds,IHS,2,CV,1,271352
33,0.02857142857142857,0.9428571428571428,7993.0,1,1,Seeds,IHS,2,CV,1,271353
34,0.03571428571428571,0.9714285714285714,8592.0,1,1,Seeds,IHS,2,CV,1,271354
30,0.02857142857142857,0.9714285714285714,6890.0,1,1,Seeds,IHS,2,CV,1,231862