
0,0.0,0.9333333333333333,6243.0,1,1,Wine,IHS,2,CV,1,271600
1,0.0,0.9833333333333333,5569.0,1,1,Wine,IHS,2,CV,1,224101
2,0.0,0.9666666666666667,4496.0,1,1,Wine,IHS,2,CV,1,224102
3,0.0,0.9666666666666667,6945.0,1,1,Wine,IHS,2,CV,1,271603
4,0.0,0.9333333333333333,7079.0,1,1,Wine,IHS,2,CV,1,271604
5,0.0,0.9666666666666667,6968.0,1,1,Wine,IHS,2,CV,1,271605
6,0.0,1.0,5929.0,1,1,Wine,IHS,2,CV,1,271606
7,0.0,0.9833333333333333,7522.0,1,1,Wine,IHS,2,CV,1,271607
8,0.0,0.9666666666666667,7454.0,1,1,Wine,IHS,2,CV,1,271608
9,0.0,0.9333333333333333,6095.0,1,1,Wine,IHS,2,CV,1,271609
10,0.0,0.9333333333333333,5579.0,1,1,Wine,IHS,2,CV,1,271610
11,0.0,0.9666666666666667,5578.0,1,1,Wine,IHS,2,CV,1,271611
12,0.0,0.9333333333333333,6788.0,1,1,Wine,IHS,2,CV,1,271612
13,0.0,0.9333333333333333,7602.0,1,1,Wine,IHS,2,CV,1,271613
14,0.0,1.0,7111.0,1,1,Wine,IHS,2,CV,1,271614
15,0.0,0.95,6812.0,1,1,Wine,IHS,2,CV,1,271615
16,0.008333333333333333,1.0,6918.0,1,1,Wine,IHS,2,CV,1,271616
17,0.0,1.0,7633.0,1,1,Wine,IHS,2,CV,1,271617
18,0.0,0.95,5983.0,1,1,Wine,IHS,2,CV,1,271618
19,0.0,1.0,6860.0,1,1,Wine,IHS,2,CV,1,271619
20,0.0,0.9666666666666667,6147.0,1,1,Wine,IHS,2,CV,1,271620
21,0.0,1.0,6955.0,1,1,Wine,IHS,2,CV,1,271621
22,0.0,0.9833333333333333,5547.0,1,1,Wine,IHS,2,CV,1,271622
23,0.0,0.95,7496.0,1,1,Wine,IHS,2,CV,1,271623
24,0.008333333333333333,0.9333333333333333,7000.0,1,1,Wine,IHS,2,CV,1,271624
25,0.0,0.9833333333333333,6831.0,1,1,Wine,IHS,2,CV,1,271625
26,0.0,0.95,7046.0,1,1,Wine,IHS,2,CV,1,271626
27,0.008333333333333333,0.95,5744.0,1,1,Wine,IHS,2,CV,1,224127
28,0.008333333333333333,1.0,7547.0,1,1,Wine,IHS,2,CV,1,271628
29,0.0,0.9666666666666667,6390.0,1,1,Wine,IHS,2,CV,1,271629
30,0.0,0.9666666666666667,6907.0,1,1,Wine,IHS,2,CV,1,271630
31,0.0,0.9833333333333333,8051.0,1,1,Wine,IHS,2,CV,1,271631
32,0.0,0.9666666666666667,5835.0,1,1,Wine,IHS,2,CV,1,271632
33,0.0,0.9666666666666667,6845.0,1,1,Wine,IHS,2,CV,1,271633
34,0.0,0.9833333333333333,6181.0,1,1,Wine,IHS,2,CV,1,271634