
0,0.06337331334332834,0.8680555555555556,50047.0,1,1,Car,IHS,3,CV,1,272160
1,0.06768365817091454,0.828125,48479.0,1,1,Car,IHS,3,CV,1,272161
2,0.06597451274362817,0.84375,50112.0,1,1,Car,IHS,3,CV,1,272162
3,0.06772863568215892,0.8663194444444444,58838.0,1,1,Car,IHS,3,CV,1,272163
4,0.06164167916041978,0.8715277777777778,50947.0,1,1,Car,IHS,3,CV,1,272164
5,0.06508245877061469,0.8246527777777778,58376.0,1,1,Car,IHS,3,CV,1,272165
6,0.06337331334332832,0.8854166666666666,58793.0,1,1,Car,IHS,3,CV,1,224526
7,0.06598200899550224,0.8524305555555556,58391.0,1,1,Car,IHS,3,CV,1,272167
8,0.06250374812593704,0.8315972222222222,58064.0,1,1,Car,IHS,3,CV,1,272168
9,0.06598200899550224,0.8836805555555556,64137.0,1,1,Car,IHS,3,CV,1,272169
10,0.06428035982008995,0.8472222222222222,56272.0,1,1,Car,IHS,3,CV,1,272170
11,0.06508245877061469,0.8489583333333334,43115.0,1,1,Car,IHS,3,CV,1,272171
12,0.0650824587706147,0.7690972222222222,46891.0,1,1,Car,IHS,3,CV,1,272172
13,0.06252623688155921,0.8298611111111112,57632.0,1,1,Car,IHS,3,CV,1,272173
14,0.0625112443778111,0.8298611111111112,47408.0,1,1,Car,IHS,3,CV,1,272174
15,0.06511994002998502,0.8402777777777778,57669.0,1,1,Car,IHS,3,CV,1,272175
16,0.06683658170914543,0.8541666666666666,48446.0,1,1,Car,IHS,3,CV,1,272176
17,0.06425787106446777,0.8246527777777778,63624.0,1,1,Car,IHS,3,CV,1,272177
18,0.06685157421289356,0.8576388888888888,57641.0,1,1,Car,IHS,3,CV,1,272178
19,0.06769115442278861,0.8385416666666666,46422.0,1,1,Car,IHS,3,CV,1,272179
20,0.06164167916041978,0.84375,56440.0,1,1,Car,IHS,3,CV,1,272180
21,0.05991004497751125,0.859375,56197.0,1,1,Car,IHS,3,CV,1,272181
22,0.06768365817091453,0.8784722222222222,51509.0,1,1,Car,IHS,3,CV,1,272182
23,0.06771364317841079,0.8315972222222222,63558.0,1,1,Car,IHS,3,CV,1,272183
24,0.06598950524737632,0.8385416666666666,53483.0,1,1,Car,IHS,3,CV,1,272184
25,0.0668590704647676,0.8402777777777778,49733.0,1,1,Car,IHS,3,CV,1,272185
26,0.06422788605697151,0.8263888888888888,60303.0,1,1,Car,IHS,3,CV,1,272186
27,0.06940779610194904,0.8611111111111112,59637.0,1,1,Car,IHS,3,CV,1,272187
28,0.06337331334332832,0.8038194444444444,62417.0,1,1,Car,IHS,3,CV,1,272188
29,0.06856821589205397,0.8680555555555556,51512.0,1,1,Car,IHS,3,CV,1,272189
30,0.06422788605697152,0.8472222222222222,57984.0,1,1,Car,IHS,3,CV,1,272190
31,0.06427286356821589,0.8489583333333334,51684.0,1,1,Car,IHS,3,CV,1,272191
32,0.06508995502248875,0.8420138888888888,60562.0,1,1,Car,IHS,3,CV,1,272192
33,0.0633808095952024,0.859375,66260.0,1,1,Car,IHS,3,CV,1,272193
34,0.06592953523238379,0.859375,57844.0,1,1,Car,IHS,3,CV,1,272194