
0,0.2462030926819659,0.75,86157.0,1,1,Cardiotocography,IHS,3,CV,1,272125
1,0.25179749827637155,0.7457142857142858,73396.0,1,1,Cardiotocography,IHS,3,CV,1,272126
2,0.24193834334679404,0.7357142857142858,83501.0,1,1,Cardiotocography,IHS,3,CV,1,272127
3,0.24619816802915392,0.7471428571428571,79657.0,1,1,Cardiotocography,IHS,3,CV,1,272128
4,0.2518221215404314,0.7585714285714286,89282.0,1,1,Cardiotocography,IHS,3,CV,1,272129
5,0.24405594405594405,0.7457142857142858,84190.0,1,1,Cardiotocography,IHS,3,CV,1,272130
6,0.23284250960307298,0.7557142857142858,87442.0,1,1,Cardiotocography,IHS,3,CV,1,272131
7,0.2441101152368758,0.74,61068.0,1,1,Cardiotocography,IHS,3,CV,1,272132
8,0.24971437013690534,0.75,66515.0,1,1,Cardiotocography,IHS,3,CV,1,272133
9,0.24549394267704133,0.7414285714285714,105240.0,1,1,Cardiotocography,IHS,3,CV,1,272134
10,0.24407564266719195,0.7428571428571429,88050.0,1,1,Cardiotocography,IHS,3,CV,1,272135
11,0.24761154338619126,0.7385714285714285,89364.0,1,1,Cardiotocography,IHS,3,CV,1,272136
12,0.24759184477494336,0.7385714285714285,71484.0,1,1,Cardiotocography,IHS,3,CV,1,272137
13,0.24545454545454543,0.7314285714285714,81094.0,1,1,Cardiotocography,IHS,3,CV,1,272138
14,0.24408549197281587,0.7357142857142858,81010.0,1,1,Cardiotocography,IHS,3,CV,1,272139
15,0.24549394267704128,0.7514285714285714,72002.0,1,1,Cardiotocography,IHS,3,CV,1,272140
16,0.24478971732492855,0.7414285714285714,82360.0,1,1,Cardiotocography,IHS,3,CV,1,272141
17,0.24690239338126663,0.7342857142857142,79393.0,1,1,Cardiotocography,IHS,3,CV,1,272142
18,0.24829607012705607,0.7328571428571429,69023.0,1,1,Cardiotocography,IHS,3,CV,1,272143
19,0.23771791588692995,0.7542857142857142,89457.0,1,1,Cardiotocography,IHS,3,CV,1,272144
20,0.239190387077711,0.7514285714285714,71593.0,1,1,Cardiotocography,IHS,3,CV,1,272145
21,0.25040874618339404,0.7485714285714286,89395.0,1,1,Cardiotocography,IHS,3,CV,1,272146
22,0.24691716733970254,0.7442857142857142,91981.0,1,1,Cardiotocography,IHS,3,CV,1,272147
23,0.24758199546931942,0.7428571428571429,82297.0,1,1,Cardiotocography,IHS,3,CV,1,272148
24,0.24761646803900325,0.7585714285714286,83466.0,1,1,Cardiotocography,IHS,3,CV,1,272149
25,0.24831084408549198,0.7514285714285714,114126.0,1,1,Cardiotocography,IHS,3,CV,1,272150
26,0.251068649660199,0.73,88261.0,1,1,Cardiotocography,IHS,3,CV,1,272151
27,0.2511228208411307,0.7528571428571429,79133.0,1,1,Cardiotocography,IHS,3,CV,1,272152
28,0.2489756722151088,0.7485714285714286,78760.0,1,1,Cardiotocography,IHS,3,CV,1,272153
29,0.251063725007387,0.7542857142857142,73166.0,1,1,Cardiotocography,IHS,3,CV,1,272154
30,0.2476263173446272,0.7542857142857142,87275.0,1,1,Cardiotocography,IHS,3,CV,1,272155
31,0.24551856594110116,0.7457142857142858,82758.0,1,1,Cardiotocography,IHS,3,CV,1,272156
32,0.24057421451787647,0.76,73506.0,1,1,Cardiotocography,IHS,3,CV,1,272157
33,0.2454594701073574,0.73,78940.0,1,1,Cardiotocography,IHS,3,CV,1,272158
34,0.24758692012213138,0.7442857142857142,63781.0,1,1,Cardiotocography,IHS,3,CV,1,272159