
0,0.06643473268355365,0.8981636060100167,282407.0,1,1,Optdigits,IHS,3,CV,1,272755
1,0.06695965989091357,0.8931552587646077,329230.0,1,1,Optdigits,IHS,3,CV,1,272756
2,0.07114130657662707,0.8964941569282137,306556.0,1,1,Optdigits,IHS,3,CV,1,272757
3,0.07035323226661928,0.8747913188647747,215571.0,1,1,Optdigits,IHS,3,CV,1,272758
4,0.06643336568561782,0.887590428491931,268170.0,1,1,Optdigits,IHS,3,CV,1,272759
5,0.06565896135496836,0.8881469115191987,301293.0,1,1,Optdigits,IHS,3,CV,1,272760
6,0.06696171038781731,0.8937117417918754,368329.0,1,1,Optdigits,IHS,3,CV,1,272761
7,0.06748527059724141,0.8647746243739566,325556.0,1,1,Optdigits,IHS,3,CV,1,272762
8,0.06826719341653795,0.8898163606010017,373332.0,1,1,Optdigits,IHS,3,CV,1,272763
9,0.06957062594835482,0.89259877573734,327640.0,1,1,Optdigits,IHS,3,CV,1,272764
10,0.06852965702021789,0.8803561491374513,327254.0,1,1,Optdigits,IHS,3,CV,1,272765
11,0.06931226333848237,0.9003895381190874,237509.0,1,1,Optdigits,IHS,3,CV,1,225041
12,0.06905526772654573,0.8914858096828047,351930.0,1,1,Optdigits,IHS,3,CV,1,272767
13,0.06408212923598486,0.8870339454646633,268557.0,1,1,Optdigits,IHS,3,CV,1,272768
14,0.06721938949872186,0.8753478018920423,361938.0,1,1,Optdigits,IHS,3,CV,1,272769
15,0.06773816521537053,0.8803561491374513,245321.0,1,1,Optdigits,IHS,3,CV,1,272770
16,0.07062458135688215,0.8820255982192543,326601.0,1,1,Optdigits,IHS,3,CV,1,272771
17,0.06670539827484859,0.8820255982192543,331407.0,1,1,Optdigits,IHS,3,CV,1,272772
18,0.06774363320711385,0.8953811908736784,239093.0,1,1,Optdigits,IHS,3,CV,1,272773
19,0.06643883367736114,0.897607122982749,374779.0,1,1,Optdigits,IHS,3,CV,1,272774
20,0.06644156767323281,0.8981636060100167,268721.0,1,1,Optdigits,IHS,3,CV,1,272775
21,0.06775251869369676,0.9003895381190874,317095.0,1,1,Optdigits,IHS,3,CV,1,272776
22,0.06642653069593865,0.8825820812465219,276823.0,1,1,Optdigits,IHS,3,CV,1,272777
23,0.06617500307574536,0.8864774624373957,268342.0,1,1,Optdigits,IHS,3,CV,1,272778
24,0.06669651278826569,0.8981636060100167,290855.0,1,1,Optdigits,IHS,3,CV,1,272779
25,0.06905458422757782,0.8987200890372844,297402.0,1,1,Optdigits,IHS,3,CV,1,272780
26,0.06957199294629066,0.8731218697829717,335440.0,1,1,Optdigits,IHS,3,CV,1,272781
27,0.06459680395882603,0.9053978853644964,295329.0,1,1,Optdigits,IHS,3,CV,1,272782
28,0.06879212062389786,0.8948247078464107,298743.0,1,1,Optdigits,IHS,3,CV,1,272783
29,0.07218774349650732,0.8775737340011129,490885.0,1,1,Optdigits,IHS,3,CV,1,272784
30,0.06931704783125778,0.887590428491931,288942.0,1,1,Optdigits,IHS,3,CV,1,272785
31,0.06330157341462414,0.8714524207011686,307572.0,1,1,Optdigits,IHS,3,CV,1,272786
32,0.06852692302434624,0.887590428491931,265713.0,1,1,Optdigits,IHS,3,CV,1,272787
33,0.06565007586838544,0.8931552587646077,298871.0,1,1,Optdigits,IHS,3,CV,1,272788
34,0.06721870599975395,0.8814691151919867,298208.0,1,1,Optdigits,IHS,3,CV,1,272789