
0,0.45999999999999996,0.5391120507399577,50719.0,1,1,Contraceptive,IHS,4,CV,1,273735
1,0.45,0.522198731501057,51527.0,1,1,Contraceptive,IHS,4,CV,1,273736
2,0.45299999999999996,0.5560253699788584,51872.0,1,1,Contraceptive,IHS,4,CV,1,273737
3,0.45200000000000007,0.5644820295983086,52281.0,1,1,Contraceptive,IHS,4,CV,1,273738
4,0.44299999999999995,0.547568710359408,52145.0,1,1,Contraceptive,IHS,4,CV,1,273739
5,0.45,0.547568710359408,48679.0,1,1,Contraceptive,IHS,4,CV,1,273740
6,0.4600000000000001,0.5391120507399577,40349.0,1,1,Contraceptive,IHS,4,CV,1,273741
7,0.457,0.5560253699788584,46231.0,1,1,Contraceptive,IHS,4,CV,1,273742
8,0.458,0.5539112050739958,48540.0,1,1,Contraceptive,IHS,4,CV,1,273743
9,0.44800000000000006,0.5687103594080338,42490.0,1,1,Contraceptive,IHS,4,CV,1,273744
10,0.454,0.5496828752642706,52271.0,1,1,Contraceptive,IHS,4,CV,1,273745
11,0.454,0.5708245243128964,55523.0,1,1,Contraceptive,IHS,4,CV,1,273746
12,0.457,0.53276955602537,43781.0,1,1,Contraceptive,IHS,4,CV,1,273747
13,0.45499999999999996,0.5433403805496828,43446.0,1,1,Contraceptive,IHS,4,CV,1,273748
14,0.45599999999999996,0.547568710359408,41993.0,1,1,Contraceptive,IHS,4,CV,1,273749
15,0.45099999999999996,0.53276955602537,45309.0,1,1,Contraceptive,IHS,4,CV,1,273750
16,0.45299999999999996,0.5496828752642706,53723.0,1,1,Contraceptive,IHS,4,CV,1,273751
17,0.45099999999999996,0.53276955602537,39656.0,1,1,Contraceptive,IHS,4,CV,1,273752
18,0.45099999999999996,0.5517970401691332,53389.0,1,1,Contraceptive,IHS,4,CV,1,273753
19,0.458,0.5433403805496828,45151.0,1,1,Contraceptive,IHS,4,CV,1,273754
20,0.457,0.5433403805496828,40456.0,1,1,Contraceptive,IHS,4,CV,1,273755
21,0.454,0.547568710359408,44757.0,1,1,Contraceptive,IHS,4,CV,1,273756
22,0.43900000000000017,0.5750528541226216,51093.0,1,1,Contraceptive,IHS,4,CV,1,273757
23,0.45499999999999996,0.5179704016913319,42055.0,1,1,Contraceptive,IHS,4,CV,1,225833
24,0.45599999999999996,0.5496828752642706,51149.0,1,1,Contraceptive,IHS,4,CV,1,273759
25,0.45100000000000007,0.5792811839323467,53728.0,1,1,Contraceptive,IHS,4,CV,1,273760
26,0.45599999999999996,0.5581395348837209,46373.0,1,1,Contraceptive,IHS,4,CV,1,273761
27,0.45200000000000007,0.5539112050739958,46059.0,1,1,Contraceptive,IHS,4,CV,1,273762
28,0.45100000000000007,0.547568710359408,41517.0,1,1,Contraceptive,IHS,4,CV,1,273763
29,0.445,0.5517970401691332,43210.0,1,1,Contraceptive,IHS,4,CV,1,273764
30,0.454,0.5539112050739958,40375.0,1,1,Contraceptive,IHS,4,CV,1,273765
31,0.4530000000000001,0.5560253699788584,42410.0,1,1,Contraceptive,IHS,4,CV,1,273766
32,0.45199999999999996,0.5665961945031712,52922.0,1,1,Contraceptive,IHS,4,CV,1,273767
33,0.45199999999999996,0.5581395348837209,43537.0,1,1,Contraceptive,IHS,4,CV,1,273768
34,0.45599999999999996,0.522198731501057,40297.0,1,1,Contraceptive,IHS,4,CV,1,273769