
0,0.1571428571428571,0.7666666666666666,3739.0,1,1,Fertility,IHS,4,CV,1,225930
1,0.14285714285714285,0.7666666666666666,3748.0,1,1,Fertility,IHS,4,CV,1,273876
2,0.11428571428571428,0.8333333333333334,4079.0,1,1,Fertility,IHS,4,CV,1,273877
3,0.11428571428571428,0.7666666666666666,4073.0,1,1,Fertility,IHS,4,CV,1,273878
4,0.1714285714285714,0.8666666666666667,3572.0,1,1,Fertility,IHS,4,CV,1,273879
5,0.11428571428571428,0.6666666666666667,4901.0,1,1,Fertility,IHS,4,CV,1,273880
6,0.14285714285714285,0.7,4887.0,1,1,Fertility,IHS,4,CV,1,273881
7,0.14285714285714285,0.8333333333333334,3708.0,1,1,Fertility,IHS,4,CV,1,225937
8,0.1571428571428571,0.6666666666666667,4905.0,1,1,Fertility,IHS,4,CV,1,273883
9,0.14285714285714285,0.8,3771.0,1,1,Fertility,IHS,4,CV,1,273884
10,0.1571428571428571,0.7666666666666666,4413.0,1,1,Fertility,IHS,4,CV,1,273885
11,0.1571428571428571,0.7333333333333334,4750.0,1,1,Fertility,IHS,4,CV,1,273886
12,0.14285714285714285,0.7666666666666666,4933.0,1,1,Fertility,IHS,4,CV,1,273887
13,0.1571428571428571,0.7333333333333334,4047.0,1,1,Fertility,IHS,4,CV,1,273888
14,0.1571428571428571,0.7,3850.0,1,1,Fertility,IHS,4,CV,1,273889
15,0.1571428571428571,0.7666666666666666,3861.0,1,1,Fertility,IHS,4,CV,1,273890
16,0.09999999999999998,0.8,3793.0,1,1,Fertility,IHS,4,CV,1,273891
17,0.18571428571428567,0.8,3583.0,1,1,Fertility,IHS,4,CV,1,273892
18,0.15714285714285714,0.7333333333333334,3382.0,1,1,Fertility,IHS,4,CV,1,273893
19,0.12857142857142856,0.9,4016.0,1,1,Fertility,IHS,4,CV,1,273894
20,0.14285714285714285,0.6,3856.0,1,1,Fertility,IHS,4,CV,1,273895
21,0.1714285714285714,0.6,4772.0,1,1,Fertility,IHS,4,CV,1,225951
22,0.1714285714285714,0.8666666666666667,4849.0,1,1,Fertility,IHS,4,CV,1,273897
23,0.12857142857142856,0.8333333333333334,4347.0,1,1,Fertility,IHS,4,CV,1,273898
24,0.14285714285714285,0.6666666666666667,4858.0,1,1,Fertility,IHS,4,CV,1,273899
25,0.12857142857142856,0.8,4489.0,1,1,Fertility,IHS,4,CV,1,273900
26,0.14285714285714282,0.7333333333333334,4855.0,1,1,Fertility,IHS,4,CV,1,273901
27,0.15714285714285714,0.9,4861.0,1,1,Fertility,IHS,4,CV,1,225957
28,0.1571428571428571,0.7666666666666666,3599.0,1,1,Fertility,IHS,4,CV,1,273903
29,0.12857142857142856,0.7333333333333334,4640.0,1,1,Fertility,IHS,4,CV,1,273904
30,0.12857142857142856,0.7333333333333334,4137.0,1,1,Fertility,IHS,4,CV,1,273905
31,0.11428571428571425,0.6,4011.0,1,1,Fertility,IHS,4,CV,1,273906
32,0.12857142857142856,0.7333333333333334,5032.0,1,1,Fertility,IHS,4,CV,1,273907
33,0.1714285714285714,0.7333333333333334,3887.0,1,1,Fertility,IHS,4,CV,1,273908
34,0.09999999999999999,0.8333333333333334,5027.0,1,1,Fertility,IHS,4,CV,1,273909