
0,0.2897435897435897,0.6894736842105262,16924.0,1,1,Indian,IHS,4,CV,1,274050
1,0.2848717948717949,0.7,17281.0,1,1,Indian,IHS,4,CV,1,274051
2,0.2946794871794872,0.6736842105263158,18250.0,1,1,Indian,IHS,4,CV,1,274052
3,0.2898076923076923,0.7,22037.0,1,1,Indian,IHS,4,CV,1,274053
4,0.28724358974358977,0.7,22481.0,1,1,Indian,IHS,4,CV,1,274054
5,0.2897435897435897,0.6894736842105262,21769.0,1,1,Indian,IHS,4,CV,1,274055
6,0.29230769230769227,0.7263157894736842,15546.0,1,1,Indian,IHS,4,CV,1,274056
7,0.2924358974358975,0.7052631578947368,20090.0,1,1,Indian,IHS,4,CV,1,274057
8,0.29474358974358983,0.6736842105263158,20672.0,1,1,Indian,IHS,4,CV,1,274058
9,0.2921153846153846,0.6947368421052631,16018.0,1,1,Indian,IHS,4,CV,1,274059
10,0.29224358974358977,0.7157894736842105,20250.0,1,1,Indian,IHS,4,CV,1,274060
11,0.29480769230769227,0.6894736842105262,21364.0,1,1,Indian,IHS,4,CV,1,274061
12,0.2894230769230769,0.6736842105263158,20084.0,1,1,Indian,IHS,4,CV,1,274062
13,0.2873717948717949,0.6736842105263158,14880.0,1,1,Indian,IHS,4,CV,1,274063
14,0.2870512820512821,0.6894736842105262,15641.0,1,1,Indian,IHS,4,CV,1,274064
15,0.2899358974358974,0.7157894736842105,21109.0,1,1,Indian,IHS,4,CV,1,274065
16,0.29493589743589743,0.736842105263158,17121.0,1,1,Indian,IHS,4,CV,1,274066
17,0.2897435897435897,0.6736842105263158,21698.0,1,1,Indian,IHS,4,CV,1,274067
18,0.27711538461538465,0.6947368421052631,19882.0,1,1,Indian,IHS,4,CV,1,274068
19,0.2871153846153846,0.6894736842105262,20574.0,1,1,Indian,IHS,4,CV,1,274069
20,0.2771794871794872,0.7,21498.0,1,1,Indian,IHS,4,CV,1,274070
21,0.28717948717948716,0.7052631578947368,21909.0,1,1,Indian,IHS,4,CV,1,274071
22,0.28211538461538466,0.7105263157894737,22388.0,1,1,Indian,IHS,4,CV,1,274072
23,0.28737179487179493,0.7157894736842105,15996.0,1,1,Indian,IHS,4,CV,1,274073
24,0.28724358974358977,0.6842105263157895,32726.0,1,1,Indian,IHS,4,CV,1,274074
25,0.28192307692307694,0.7105263157894737,32603.0,1,1,Indian,IHS,4,CV,1,274075
26,0.2873717948717949,0.6894736842105262,15844.0,1,1,Indian,IHS,4,CV,1,274076
27,0.29480769230769227,0.6736842105263158,21292.0,1,1,Indian,IHS,4,CV,1,274077
28,0.2873717948717949,0.6894736842105262,21075.0,1,1,Indian,IHS,4,CV,1,274078
29,0.2898717948717949,0.7210526315789474,16019.0,1,1,Indian,IHS,4,CV,1,274079
30,0.2818589743589744,0.6894736842105262,21474.0,1,1,Indian,IHS,4,CV,1,274080
31,0.2846794871794872,0.7210526315789474,16739.0,1,1,Indian,IHS,4,CV,1,274081
32,0.28967948717948716,0.7157894736842105,17281.0,1,1,Indian,IHS,4,CV,1,274082
33,0.2875,0.7210526315789474,17657.0,1,1,Indian,IHS,4,CV,1,274083
34,0.28237179487179487,0.7263157894736842,15879.0,1,1,Indian,IHS,4,CV,1,274084