
0,0.016,0.9590163934426229,15444.0,1,1,Dermatology,IHS,5,CV,1,274960
1,0.016,0.9754098360655737,15576.0,1,1,Dermatology,IHS,5,CV,1,274961
2,0.020166666666666666,0.9426229508196722,15248.0,1,1,Dermatology,IHS,5,CV,1,274962
3,0.012,0.9754098360655737,11095.0,1,1,Dermatology,IHS,5,CV,1,274963
4,0.008166666666666666,0.9836065573770492,15844.0,1,1,Dermatology,IHS,5,CV,1,274964
5,0.012,0.9836065573770492,15404.0,1,1,Dermatology,IHS,5,CV,1,274965
6,0.012,0.9508196721311475,14860.0,1,1,Dermatology,IHS,5,CV,1,274966
7,0.012166666666666668,0.9508196721311475,14061.0,1,1,Dermatology,IHS,5,CV,1,274967
8,0.012166666666666668,0.9672131147540983,16814.0,1,1,Dermatology,IHS,5,CV,1,275248
9,0.008,0.9508196721311475,16717.0,1,1,Dermatology,IHS,5,CV,1,275249
10,0.016,0.9836065573770492,15332.0,1,1,Dermatology,IHS,5,CV,1,274970
11,0.012166666666666668,0.9672131147540983,12608.0,1,1,Dermatology,IHS,5,CV,1,274971
12,0.008166666666666666,0.9672131147540983,13333.0,1,1,Dermatology,IHS,5,CV,1,274972
13,0.016166666666666666,0.9672131147540983,14239.0,1,1,Dermatology,IHS,5,CV,1,274973
14,0.016,0.9590163934426229,13695.0,1,1,Dermatology,IHS,5,CV,1,274974
15,0.016,0.9508196721311475,15479.0,1,1,Dermatology,IHS,5,CV,1,275255
16,0.012,0.9590163934426229,15546.0,1,1,Dermatology,IHS,5,CV,1,274976
17,0.012,0.9508196721311475,14003.0,1,1,Dermatology,IHS,5,CV,1,274977
18,0.008,0.9590163934426229,15077.0,1,1,Dermatology,IHS,5,CV,1,275258
19,0.012,0.9754098360655737,14022.0,1,1,Dermatology,IHS,5,CV,1,274979
20,0.012,0.9508196721311475,12812.0,1,1,Dermatology,IHS,5,CV,1,274980
21,0.008,0.9672131147540983,14469.0,1,1,Dermatology,IHS,5,CV,1,274981
22,0.016166666666666666,0.9754098360655737,14265.0,1,1,Dermatology,IHS,5,CV,1,274982
23,0.012,0.9754098360655737,14375.0,1,1,Dermatology,IHS,5,CV,1,274983
24,0.012166666666666668,0.9754098360655737,15488.0,1,1,Dermatology,IHS,5,CV,1,275264
25,0.012,0.9836065573770492,15767.0,1,1,Dermatology,IHS,5,CV,1,274985
26,0.016,0.9590163934426229,15041.0,1,1,Dermatology,IHS,5,CV,1,275266
27,0.016166666666666666,0.9590163934426229,15529.0,1,1,Dermatology,IHS,5,CV,1,274987
28,0.012166666666666668,0.9590163934426229,15439.0,1,1,Dermatology,IHS,5,CV,1,275268
29,0.012166666666666668,0.9754098360655737,11797.0,1,1,Dermatology,IHS,5,CV,1,275269
30,0.012,0.9508196721311475,15717.0,1,1,Dermatology,IHS,5,CV,1,275270
31,0.016166666666666666,0.9590163934426229,16716.0,1,1,Dermatology,IHS,5,CV,1,275271
32,0.016166666666666666,0.9508196721311475,18328.0,1,1,Dermatology,IHS,5,CV,1,274992
33,0.016166666666666666,0.9754098360655737,15622.0,1,1,Dermatology,IHS,5,CV,1,275273
34,0.012166666666666668,0.9754098360655737,15555.0,1,1,Dermatology,IHS,5,CV,1,274994