
0,0.13331991951710265,0.8371428571428572,43587.0,1,1,QSARBiodegradation,IHS,5,CV,1,275905
1,0.12615694164989938,0.8714285714285714,42842.0,1,1,QSARBiodegradation,IHS,5,CV,1,275906
2,0.13748490945674047,0.8457142857142858,44252.0,1,1,QSARBiodegradation,IHS,5,CV,1,275907
3,0.13885311871227365,0.86,45745.0,1,1,QSARBiodegradation,IHS,5,CV,1,275908
4,0.12609657947686115,0.8257142857142857,44960.0,1,1,QSARBiodegradation,IHS,5,CV,1,275909
5,0.13179074446680078,0.8342857142857143,37061.0,1,1,QSARBiodegradation,IHS,5,CV,1,275910
6,0.13601609657947686,0.8342857142857143,34531.0,1,1,QSARBiodegradation,IHS,5,CV,1,227616
7,0.13746478873239434,0.8314285714285714,44126.0,1,1,QSARBiodegradation,IHS,5,CV,1,275912
8,0.13177062374245474,0.8314285714285714,32139.0,1,1,QSARBiodegradation,IHS,5,CV,1,227618
9,0.1360764587525151,0.8542857142857143,44484.0,1,1,QSARBiodegradation,IHS,5,CV,1,275914
10,0.13183098591549294,0.8457142857142858,33135.0,1,1,QSARBiodegradation,IHS,5,CV,1,275915
11,0.1360764587525151,0.8457142857142858,44297.0,1,1,QSARBiodegradation,IHS,5,CV,1,275916
12,0.1317706237424547,0.8257142857142857,37482.0,1,1,QSARBiodegradation,IHS,5,CV,1,275917
13,0.13893360160965795,0.84,40172.0,1,1,QSARBiodegradation,IHS,5,CV,1,275918
14,0.13603621730382293,0.8257142857142857,43985.0,1,1,QSARBiodegradation,IHS,5,CV,1,275919
15,0.13177062374245474,0.8428571428571429,42753.0,1,1,QSARBiodegradation,IHS,5,CV,1,275920
16,0.13744466800804828,0.84,42786.0,1,1,QSARBiodegradation,IHS,5,CV,1,275921
17,0.13748490945674047,0.8542857142857143,32147.0,1,1,QSARBiodegradation,IHS,5,CV,1,275922
18,0.14030181086519117,0.8314285714285714,43781.0,1,1,QSARBiodegradation,IHS,5,CV,1,275923
19,0.1374849094567404,0.8457142857142858,32799.0,1,1,QSARBiodegradation,IHS,5,CV,1,275924
20,0.1359758551307847,0.8342857142857143,25506.0,1,1,QSARBiodegradation,IHS,5,CV,1,227630
21,0.12609657947686115,0.8457142857142858,43199.0,1,1,QSARBiodegradation,IHS,5,CV,1,275926
22,0.13038229376257543,0.8571428571428572,33151.0,1,1,QSARBiodegradation,IHS,5,CV,1,275927
23,0.13185110663983904,0.8571428571428572,44674.0,1,1,QSARBiodegradation,IHS,5,CV,1,275928
24,0.13321931589537223,0.8428571428571429,32830.0,1,1,QSARBiodegradation,IHS,5,CV,1,275929
25,0.13470824949698187,0.8314285714285714,43983.0,1,1,QSARBiodegradation,IHS,5,CV,1,275930
26,0.12899396378269617,0.8514285714285714,45359.0,1,1,QSARBiodegradation,IHS,5,CV,1,275931
27,0.13601609657947686,0.8371428571428572,33380.0,1,1,QSARBiodegradation,IHS,5,CV,1,227637
28,0.1318913480885312,0.8571428571428572,32291.0,1,1,QSARBiodegradation,IHS,5,CV,1,275933
29,0.13323943661971832,0.8457142857142858,40453.0,1,1,QSARBiodegradation,IHS,5,CV,1,275934
30,0.1318712273641851,0.8514285714285714,52235.0,1,1,QSARBiodegradation,IHS,5,CV,1,275935
31,0.1247887323943662,0.8542857142857143,52366.0,1,1,QSARBiodegradation,IHS,5,CV,1,275936
32,0.13748490945674044,0.8371428571428572,54241.0,1,1,QSARBiodegradation,IHS,5,CV,1,275937
33,0.13891348088531189,0.8257142857142857,32817.0,1,1,QSARBiodegradation,IHS,5,CV,1,275938
34,0.13470824949698187,0.8200000000000001,43541.0,1,1,QSARBiodegradation,IHS,5,CV,1,275939