
0,194.91498127498136,279.15726778800797,4547.0,1,1,Veteran,IHS,5,CV,1,276255
1,220.669223036919,280.1444462502008,4488.0,1,1,Veteran,IHS,5,CV,1,276256
2,206.87288505840374,184.93251390665645,4650.0,1,1,Veteran,IHS,5,CV,1,276257
3,195.50603057790312,336.0170192441344,4250.0,1,1,Veteran,IHS,5,CV,1,276258
4,220.75143388622556,320.4098036365455,4547.0,1,1,Veteran,IHS,5,CV,1,276259
5,195.48124652370268,220.51420156099093,4493.0,1,1,Veteran,IHS,5,CV,1,276260
6,183.30343123858074,532.7765306746239,4462.0,1,1,Veteran,IHS,5,CV,1,227916
7,205.78541192286056,222.69592917848576,4595.0,1,1,Veteran,IHS,5,CV,1,276262
8,197.0999756856945,309.15645239265604,5179.0,1,1,Veteran,IHS,5,CV,1,276263
9,180.49249288381858,469.6445384305326,4925.0,1,1,Veteran,IHS,5,CV,1,276264
10,201.01729092745694,204.74532881828432,4526.0,1,1,Veteran,IHS,5,CV,1,276265
11,201.6313822144279,310.6733945890964,5801.0,1,1,Veteran,IHS,5,CV,1,276266
12,237.22297976927462,277.93284525600694,3601.0,1,1,Veteran,IHS,5,CV,1,227922
13,221.75175577464034,184.2303707622548,4500.0,1,1,Veteran,IHS,5,CV,1,276268
14,229.82272712695286,170.81351440436487,4672.0,1,1,Veteran,IHS,5,CV,1,276269
15,237.14419801418006,709.5854882862384,4266.0,1,1,Veteran,IHS,5,CV,1,276270
16,218.23789011201333,176.67929350204815,4532.0,1,1,Veteran,IHS,5,CV,1,276271
17,176.47684598916948,311.5855845791702,4630.0,1,1,Veteran,IHS,5,CV,1,276272
18,224.82301038540967,195.06820274008942,4152.0,1,1,Veteran,IHS,5,CV,1,276273
19,199.71138426612407,290.735301036265,4625.0,1,1,Veteran,IHS,5,CV,1,276274
20,227.18378020069972,267.10507399038124,5744.0,1,1,Veteran,IHS,5,CV,1,276275
21,211.28510345833996,230.1437166841369,4543.0,1,1,Veteran,IHS,5,CV,1,276276
22,216.52357134224582,312.8587351661718,4593.0,1,1,Veteran,IHS,5,CV,1,276277
23,197.07104754599536,295.44412393520673,5120.0,1,1,Veteran,IHS,5,CV,1,276278
24,195.2158544413925,281.7556340424564,4424.0,1,1,Veteran,IHS,5,CV,1,227934
25,189.84031164339143,584.5702671003918,4513.0,1,1,Veteran,IHS,5,CV,1,276280
26,224.62231411811013,355.90652326510036,4848.0,1,1,Veteran,IHS,5,CV,1,227936
27,205.24078602000486,214.48684632730414,7030.0,1,1,Veteran,IHS,5,CV,1,227937
28,202.77409897819123,263.15319852972107,4223.0,1,1,Veteran,IHS,5,CV,1,276283
29,211.78082228907843,290.31435969816476,4625.0,1,1,Veteran,IHS,5,CV,1,276284
30,214.73536757759152,230.48955165347851,4638.0,1,1,Veteran,IHS,5,CV,1,276285
31,203.15231382838837,276.3882315107032,4451.0,1,1,Veteran,IHS,5,CV,1,276286
32,218.35929075542975,243.74492105263386,4485.0,1,1,Veteran,IHS,5,CV,1,276287
33,210.53538596938984,310.2627408242016,4973.0,1,1,Veteran,IHS,5,CV,1,276288
34,202.16993515870877,257.2724449124029,4639.0,1,1,Veteran,IHS,5,CV,1,276289