
0,0.008333333333333333,0.9166666666666666,5835.0,1,1,Wine,IHS,5,CV,1,227700
1,0.0,0.95,5703.0,1,1,Wine,IHS,5,CV,1,276011
2,0.0,0.9833333333333333,7367.0,1,1,Wine,IHS,5,CV,1,276012
3,0.0,0.9666666666666667,7250.0,1,1,Wine,IHS,5,CV,1,276013
4,0.0,0.95,7573.0,1,1,Wine,IHS,5,CV,1,276014
5,0.0,0.9833333333333333,5723.0,1,1,Wine,IHS,5,CV,1,276015
6,0.0,0.95,5840.0,1,1,Wine,IHS,5,CV,1,276016
7,0.0,0.95,7473.0,1,1,Wine,IHS,5,CV,1,276017
8,0.0,0.9333333333333333,5540.0,1,1,Wine,IHS,5,CV,1,227708
9,0.0,0.9333333333333333,7290.0,1,1,Wine,IHS,5,CV,1,276019
10,0.0,0.95,7438.0,1,1,Wine,IHS,5,CV,1,276020
11,0.0,0.95,5587.0,1,1,Wine,IHS,5,CV,1,227711
12,0.0,0.9833333333333333,5687.0,1,1,Wine,IHS,5,CV,1,276022
13,0.0,0.9666666666666667,7217.0,1,1,Wine,IHS,5,CV,1,276023
14,0.0,0.9,6044.0,1,1,Wine,IHS,5,CV,1,227714
15,0.0,0.95,5707.0,1,1,Wine,IHS,5,CV,1,276025
16,0.0,0.9333333333333333,7441.0,1,1,Wine,IHS,5,CV,1,276026
17,0.0,0.9666666666666667,5810.0,1,1,Wine,IHS,5,CV,1,276027
18,0.0,1.0,7419.0,1,1,Wine,IHS,5,CV,1,276028
19,0.0,0.9833333333333333,5619.0,1,1,Wine,IHS,5,CV,1,276029
20,0.0,0.9166666666666666,5837.0,1,1,Wine,IHS,5,CV,1,276030
21,0.0,0.9833333333333333,7103.0,1,1,Wine,IHS,5,CV,1,276031
22,0.0,0.95,5735.0,1,1,Wine,IHS,5,CV,1,276032
23,0.0,0.9333333333333333,5237.0,1,1,Wine,IHS,5,CV,1,276033
24,0.0,0.9666666666666667,7390.0,1,1,Wine,IHS,5,CV,1,276034
25,0.0,0.9833333333333333,5726.0,1,1,Wine,IHS,5,CV,1,276035
26,0.0,1.0,7427.0,1,1,Wine,IHS,5,CV,1,276036
27,0.0,0.95,7232.0,1,1,Wine,IHS,5,CV,1,276037
28,0.0,1.0,5887.0,1,1,Wine,IHS,5,CV,1,276038
29,0.0,0.95,7314.0,1,1,Wine,IHS,5,CV,1,276039
30,0.0,0.95,9037.0,1,1,Wine,IHS,5,CV,1,276040
31,0.0,0.9666666666666667,5626.0,1,1,Wine,IHS,5,CV,1,276041
32,0.008333333333333333,0.95,7261.0,1,1,Wine,IHS,5,CV,1,276042
33,0.0,0.9666666666666667,7481.0,1,1,Wine,IHS,5,CV,1,276043
34,0.0,0.95,6453.0,1,1,Wine,IHS,5,CV,1,276044