
0,1.1044567449751548,1.31030363063051,7735.0,1,1,BodyFat,IHS,6,CV,1,277795
1,1.1121279500979373,1.7098964181079512,8905.0,1,1,BodyFat,IHS,6,CV,1,277796
2,1.0725908971774525,1.4475344018470093,8348.0,1,1,BodyFat,IHS,6,CV,1,277797
3,1.202199804960023,1.624556361728611,7244.0,1,1,BodyFat,IHS,6,CV,1,277798
4,1.180016987245158,1.430004634985888,7652.0,1,1,BodyFat,IHS,6,CV,1,277799
5,1.1659198663940857,0.9765101720448791,7657.0,1,1,BodyFat,IHS,6,CV,1,277800
6,1.1594269936108241,1.2837009823585916,7965.0,1,1,BodyFat,IHS,6,CV,1,229176
7,1.1477302809627132,1.0870122808758962,8384.0,1,1,BodyFat,IHS,6,CV,1,277802
8,1.177083495093713,0.9318899186724828,8401.0,1,1,BodyFat,IHS,6,CV,1,277803
9,1.1778476842653842,1.9929072682270377,9975.0,1,1,BodyFat,IHS,6,CV,1,277804
10,1.1637116964074756,0.9523159758356606,12120.0,1,1,BodyFat,IHS,6,CV,1,229180
11,1.067637931722905,0.9290638205746828,10535.0,1,1,BodyFat,IHS,6,CV,1,277806
12,1.1137089259076087,0.9430690298315205,10639.0,1,1,BodyFat,IHS,6,CV,1,277807
13,1.1380108631760153,1.1634809964511168,10290.0,1,1,BodyFat,IHS,6,CV,1,277808
14,1.1923691118545185,1.9203720734521115,10359.0,1,1,BodyFat,IHS,6,CV,1,277809
15,1.2513592361430024,1.7182928445787626,8294.0,1,1,BodyFat,IHS,6,CV,1,229185
16,1.079171817267551,1.750180008477702,10438.0,1,1,BodyFat,IHS,6,CV,1,277811
17,1.2154811551101083,1.285236431672983,10250.0,1,1,BodyFat,IHS,6,CV,1,277812
18,1.2492139842159253,1.0097829365947286,10250.0,1,1,BodyFat,IHS,6,CV,1,277813
19,1.1454603545114685,1.1349112119586673,10326.0,1,1,BodyFat,IHS,6,CV,1,277814
20,1.1295244574879342,0.9312548260179675,7256.0,1,1,BodyFat,IHS,6,CV,1,277815
21,1.1646049404627017,1.9933034227046258,7703.0,1,1,BodyFat,IHS,6,CV,1,277816
22,1.0999717545677652,1.1973459090441458,10181.0,1,1,BodyFat,IHS,6,CV,1,277817
23,1.1429735352470665,1.6543810229649156,7659.0,1,1,BodyFat,IHS,6,CV,1,277818
24,1.2204791585999752,1.5216167936207592,7782.0,1,1,BodyFat,IHS,6,CV,1,277819
25,1.2763614290672716,1.8166672674928088,7670.0,1,1,BodyFat,IHS,6,CV,1,277820
26,1.1772596563446385,2.0111813603390867,8307.0,1,1,BodyFat,IHS,6,CV,1,277821
27,1.136103814410772,1.823598146901158,8892.0,1,1,BodyFat,IHS,6,CV,1,277822
28,1.115244364306514,1.6086076265885432,8081.0,1,1,BodyFat,IHS,6,CV,1,277823
29,1.183600537738303,1.0748003139387219,8382.0,1,1,BodyFat,IHS,6,CV,1,277824
30,1.1151185217618858,0.9697719122175654,10583.0,1,1,BodyFat,IHS,6,CV,1,277825
31,1.1084345331124021,1.6401906433957645,8368.0,1,1,BodyFat,IHS,6,CV,1,277826
32,0.9718698624694264,1.2164970803653588,9670.0,1,1,BodyFat,IHS,6,CV,1,277827
33,1.0588326270081452,1.1787560661443695,7746.0,1,1,BodyFat,IHS,6,CV,1,277828