
0,0.22761645493042953,0.75,30358.0,1,1,Diabetes,IHS,7,CV,1,278215
1,0.2293708408953418,0.75,24724.0,1,1,Diabetes,IHS,7,CV,1,278216
2,0.22604355716878405,0.7395833333333333,24566.0,1,1,Diabetes,IHS,7,CV,1,278217
3,0.22928009679370845,0.7708333333333334,28463.0,1,1,Diabetes,IHS,7,CV,1,278218
4,0.22592256503327285,0.7708333333333334,21003.0,1,1,Diabetes,IHS,7,CV,1,278219
5,0.2206896551724138,0.734375,32090.0,1,1,Diabetes,IHS,7,CV,1,278220
6,0.2259528130671506,0.7447916666666667,31469.0,1,1,Diabetes,IHS,7,CV,1,278221
7,0.22934059286146397,0.71875,35147.0,1,1,Diabetes,IHS,7,CV,1,278222
8,0.22416817906836056,0.7395833333333333,30742.0,1,1,Diabetes,IHS,7,CV,1,278223
9,0.22598306110102842,0.765625,37469.0,1,1,Diabetes,IHS,7,CV,1,278224
10,0.23121597096188745,0.7447916666666667,32727.0,1,1,Diabetes,IHS,7,CV,1,278225
11,0.2207803992740472,0.7552083333333334,30295.0,1,1,Diabetes,IHS,7,CV,1,278226
12,0.22256503327283728,0.7552083333333334,30367.0,1,1,Diabetes,IHS,7,CV,1,278227
13,0.22943133696309737,0.7916666666666666,31204.0,1,1,Diabetes,IHS,7,CV,1,278228
14,0.2189050211736237,0.765625,30648.0,1,1,Diabetes,IHS,7,CV,1,278229
15,0.22931034482758617,0.7760416666666666,25058.0,1,1,Diabetes,IHS,7,CV,1,278230
16,0.2205989110707804,0.734375,35088.0,1,1,Diabetes,IHS,7,CV,1,278231
17,0.22755595886267393,0.75,35164.0,1,1,Diabetes,IHS,7,CV,1,278232
18,0.22934059286146397,0.765625,31721.0,1,1,Diabetes,IHS,7,CV,1,278233
19,0.2189352692075015,0.7395833333333333,28590.0,1,1,Diabetes,IHS,7,CV,1,278234
20,0.23109497882637625,0.7708333333333334,27615.0,1,1,Diabetes,IHS,7,CV,1,278235
21,0.22924984875983062,0.7552083333333334,30714.0,1,1,Diabetes,IHS,7,CV,1,278236
22,0.23103448275862068,0.7291666666666667,31372.0,1,1,Diabetes,IHS,7,CV,1,278237
23,0.22946158499697517,0.765625,31878.0,1,1,Diabetes,IHS,7,CV,1,278238
24,0.2293708408953418,0.765625,23130.0,1,1,Diabetes,IHS,7,CV,1,278239
25,0.22586206896551722,0.75,31087.0,1,1,Diabetes,IHS,7,CV,1,278240
26,0.22410768300060496,0.71875,28032.0,1,1,Diabetes,IHS,7,CV,1,278241
27,0.21533575317604353,0.7291666666666667,30424.0,1,1,Diabetes,IHS,7,CV,1,278242
28,0.22413793103448273,0.7552083333333334,29883.0,1,1,Diabetes,IHS,7,CV,1,278243
29,0.22943133696309737,0.75,30457.0,1,1,Diabetes,IHS,7,CV,1,278244
30,0.22583182093163945,0.734375,28987.0,1,1,Diabetes,IHS,7,CV,1,278245
31,0.22937084089534182,0.734375,22796.0,1,1,Diabetes,IHS,7,CV,1,278246
32,0.23106473079249845,0.7447916666666667,24641.0,1,1,Diabetes,IHS,7,CV,1,278247
33,0.22592256503327285,0.7604166666666666,23313.0,1,1,Diabetes,IHS,7,CV,1,278248
34,0.22755595886267393,0.7395833333333333,23640.0,1,1,Diabetes,IHS,7,CV,1,278249