
0,0.03571428571428571,0.9714285714285714,6129.0,1,1,Seeds,IHS,7,CV,1,229860
1,0.02857142857142857,0.9285714285714286,6662.0,1,1,Seeds,IHS,7,CV,1,278671
2,0.03571428571428571,0.9571428571428572,6835.0,1,1,Seeds,IHS,7,CV,1,278672
3,0.02857142857142857,0.9571428571428572,6671.0,1,1,Seeds,IHS,7,CV,1,278673
4,0.03571428571428571,0.9571428571428572,8807.0,1,1,Seeds,IHS,7,CV,1,278674
5,0.02142857142857143,0.9571428571428572,6584.0,1,1,Seeds,IHS,7,CV,1,278675
6,0.02857142857142857,0.9571428571428572,5047.0,1,1,Seeds,IHS,7,CV,1,229866
7,0.03571428571428571,0.9857142857142858,6839.0,1,1,Seeds,IHS,7,CV,1,278677
8,0.03571428571428571,0.9428571428571428,6778.0,1,1,Seeds,IHS,7,CV,1,278678
9,0.02857142857142857,0.9571428571428572,7124.0,1,1,Seeds,IHS,7,CV,1,278679
10,0.02142857142857143,0.9571428571428572,6586.0,1,1,Seeds,IHS,7,CV,1,278680
11,0.02142857142857143,0.9571428571428572,6685.0,1,1,Seeds,IHS,7,CV,1,278681
12,0.03571428571428571,0.9571428571428572,6763.0,1,1,Seeds,IHS,7,CV,1,278682
13,0.03571428571428571,0.9285714285714286,6839.0,1,1,Seeds,IHS,7,CV,1,278683
14,0.03571428571428571,0.9285714285714286,6965.0,1,1,Seeds,IHS,7,CV,1,278684
15,0.02857142857142857,0.9428571428571428,7220.0,1,1,Seeds,IHS,7,CV,1,278685
16,0.03571428571428571,0.9857142857142858,6651.0,1,1,Seeds,IHS,7,CV,1,278686
17,0.02857142857142857,0.9428571428571428,9924.0,1,1,Seeds,IHS,7,CV,1,229877
18,0.03571428571428571,0.9142857142857143,6962.0,1,1,Seeds,IHS,7,CV,1,278688
19,0.02142857142857143,0.9714285714285714,6682.0,1,1,Seeds,IHS,7,CV,1,278689
20,0.02857142857142857,0.9571428571428572,7210.0,1,1,Seeds,IHS,7,CV,1,278690
21,0.03571428571428571,0.9285714285714286,8375.0,1,1,Seeds,IHS,7,CV,1,278691
22,0.02857142857142857,0.9571428571428572,8886.0,1,1,Seeds,IHS,7,CV,1,278692
23,0.03571428571428571,0.9428571428571428,8305.0,1,1,Seeds,IHS,7,CV,1,278693
24,0.02857142857142857,0.9714285714285714,5958.0,1,1,Seeds,IHS,7,CV,1,278694
25,0.03571428571428571,0.9428571428571428,6907.0,1,1,Seeds,IHS,7,CV,1,278695
26,0.03571428571428571,0.9714285714285714,6889.0,1,1,Seeds,IHS,7,CV,1,278696
27,0.03571428571428571,0.9428571428571428,6703.0,1,1,Seeds,IHS,7,CV,1,278697
28,0.04285714285714285,0.9571428571428572,8313.0,1,1,Seeds,IHS,7,CV,1,278698
29,0.03571428571428571,0.9571428571428572,6399.0,1,1,Seeds,IHS,7,CV,1,278699
30,0.03571428571428571,0.9857142857142858,7130.0,1,1,Seeds,IHS,7,CV,1,278700
31,0.03571428571428571,0.9571428571428572,7321.0,1,1,Seeds,IHS,7,CV,1,278701
32,0.03571428571428571,0.9428571428571428,6344.0,1,1,Seeds,IHS,7,CV,1,278702
33,0.02857142857142857,0.9142857142857143,8321.0,1,1,Seeds,IHS,7,CV,1,278703
34,0.03571428571428571,0.9714285714285714,8277.0,1,1,Seeds,IHS,7,CV,1,278704