
0,0.016166666666666666,0.9672131147540983,12983.0,1,1,Dermatology,IHS,8,CV,1,279370
1,0.016,0.9672131147540983,15232.0,1,1,Dermatology,IHS,8,CV,1,279371
2,0.016166666666666666,0.9672131147540983,16384.0,1,1,Dermatology,IHS,8,CV,1,279652
3,0.012,0.9754098360655737,15387.0,1,1,Dermatology,IHS,8,CV,1,279373
4,0.012,0.9672131147540983,15650.0,1,1,Dermatology,IHS,8,CV,1,279374
5,0.008166666666666666,0.9672131147540983,14921.0,1,1,Dermatology,IHS,8,CV,1,279655
6,0.012166666666666668,0.9590163934426229,13497.0,1,1,Dermatology,IHS,8,CV,1,279376
7,0.012,0.9590163934426229,11954.0,1,1,Dermatology,IHS,8,CV,1,279377
8,0.012,0.9836065573770492,15016.0,1,1,Dermatology,IHS,8,CV,1,279378
9,0.016,0.9590163934426229,15533.0,1,1,Dermatology,IHS,8,CV,1,279379
10,0.016,0.9672131147540983,15285.0,1,1,Dermatology,IHS,8,CV,1,279380
11,0.012,0.9590163934426229,15932.0,1,1,Dermatology,IHS,8,CV,1,279661
12,0.016166666666666666,0.9754098360655737,15298.0,1,1,Dermatology,IHS,8,CV,1,279382
13,0.012166666666666668,0.9590163934426229,15607.0,1,1,Dermatology,IHS,8,CV,1,279383
14,0.016166666666666666,0.9754098360655737,15203.0,1,1,Dermatology,IHS,8,CV,1,279664
15,0.012166666666666668,0.9590163934426229,15300.0,1,1,Dermatology,IHS,8,CV,1,279385
16,0.02,0.9754098360655737,15573.0,1,1,Dermatology,IHS,8,CV,1,279386
17,0.012166666666666668,0.9836065573770492,15735.0,1,1,Dermatology,IHS,8,CV,1,279387
18,0.016,0.9672131147540983,15227.0,1,1,Dermatology,IHS,8,CV,1,279388
19,0.008,0.9508196721311475,15433.0,1,1,Dermatology,IHS,8,CV,1,279389
20,0.008,0.9672131147540983,15499.0,1,1,Dermatology,IHS,8,CV,1,279390
21,0.016,0.9590163934426229,15329.0,1,1,Dermatology,IHS,8,CV,1,279391
22,0.016,0.9590163934426229,16215.0,1,1,Dermatology,IHS,8,CV,1,279392
23,0.012,0.9754098360655737,15313.0,1,1,Dermatology,IHS,8,CV,1,279393
24,0.016,0.9754098360655737,13604.0,1,1,Dermatology,IHS,8,CV,1,279394
25,0.016,0.9590163934426229,15369.0,1,1,Dermatology,IHS,8,CV,1,279675
26,0.012,0.9426229508196722,12844.0,1,1,Dermatology,IHS,8,CV,1,279396
27,0.012,0.9672131147540983,13140.0,1,1,Dermatology,IHS,8,CV,1,279397
28,0.012,0.9836065573770492,15207.0,1,1,Dermatology,IHS,8,CV,1,279678
29,0.012333333333333332,0.9754098360655737,15682.0,1,1,Dermatology,IHS,8,CV,1,279399
30,0.012,0.9754098360655737,23517.0,1,1,Dermatology,IHS,8,CV,1,279400
31,0.012166666666666668,0.9754098360655737,15387.0,1,1,Dermatology,IHS,8,CV,1,279401
32,0.016,0.9754098360655737,15345.0,1,1,Dermatology,IHS,8,CV,1,279402
33,0.012,0.9426229508196722,11515.0,1,1,Dermatology,IHS,8,CV,1,279683
34,0.012166666666666668,0.9672131147540983,15348.0,1,1,Dermatology,IHS,8,CV,1,279404