
0,0.12857142857142856,0.8666666666666667,3713.0,1,1,Fertility,IHS,8,CV,1,279755
1,0.11428571428571428,0.8333333333333334,4788.0,1,1,Fertility,IHS,8,CV,1,279756
2,0.12857142857142856,0.7,4972.0,1,1,Fertility,IHS,8,CV,1,279757
3,0.09999999999999998,0.7666666666666666,3942.0,1,1,Fertility,IHS,8,CV,1,279758
4,0.12857142857142856,0.8666666666666667,5039.0,1,1,Fertility,IHS,8,CV,1,279759
5,0.11428571428571428,0.6666666666666667,3578.0,1,1,Fertility,IHS,8,CV,1,279760
6,0.14285714285714285,0.7,4115.0,1,1,Fertility,IHS,8,CV,1,279761
7,0.14285714285714285,0.8,4955.0,1,1,Fertility,IHS,8,CV,1,279762
8,0.1571428571428571,0.8,4100.0,1,1,Fertility,IHS,8,CV,1,279763
9,0.12857142857142856,0.8333333333333334,4662.0,1,1,Fertility,IHS,8,CV,1,279764
10,0.12857142857142856,0.7333333333333334,4757.0,1,1,Fertility,IHS,8,CV,1,279765
11,0.14285714285714285,0.8333333333333334,4438.0,1,1,Fertility,IHS,8,CV,1,279766
12,0.14285714285714285,0.7,4343.0,1,1,Fertility,IHS,8,CV,1,279767
13,0.14285714285714285,0.8666666666666667,3704.0,1,1,Fertility,IHS,8,CV,1,279768
14,0.14285714285714285,0.7333333333333334,3562.0,1,1,Fertility,IHS,8,CV,1,279769
15,0.12857142857142856,0.7333333333333334,3929.0,1,1,Fertility,IHS,8,CV,1,279770
16,0.12857142857142856,0.8,4903.0,1,1,Fertility,IHS,8,CV,1,279771
17,0.12857142857142856,0.8333333333333334,4027.0,1,1,Fertility,IHS,8,CV,1,279772
18,0.17142857142857143,0.8,3686.0,1,1,Fertility,IHS,8,CV,1,279773
19,0.09999999999999999,0.7,4661.0,1,1,Fertility,IHS,8,CV,1,279774
20,0.09999999999999998,0.7666666666666666,4936.0,1,1,Fertility,IHS,8,CV,1,279775
21,0.12857142857142856,0.7666666666666666,4234.0,1,1,Fertility,IHS,8,CV,1,279776
22,0.14285714285714285,0.7,3744.0,1,1,Fertility,IHS,8,CV,1,279777
23,0.12857142857142856,0.6666666666666667,3799.0,1,1,Fertility,IHS,8,CV,1,279778
24,0.1,0.7666666666666666,3531.0,1,1,Fertility,IHS,8,CV,1,279779
25,0.12857142857142856,0.7666666666666666,3719.0,1,1,Fertility,IHS,8,CV,1,279780
26,0.12857142857142856,0.7,3875.0,1,1,Fertility,IHS,8,CV,1,279781
27,0.14285714285714285,0.7666666666666666,3596.0,1,1,Fertility,IHS,8,CV,1,279782
28,0.12857142857142856,0.7666666666666666,3722.0,1,1,Fertility,IHS,8,CV,1,279783
29,0.1571428571428571,0.6666666666666667,4637.0,1,1,Fertility,IHS,8,CV,1,279784
30,0.14285714285714282,0.8,4671.0,1,1,Fertility,IHS,8,CV,1,279785
31,0.1714285714285714,0.8666666666666667,4634.0,1,1,Fertility,IHS,8,CV,1,279786
32,0.1571428571428571,0.6333333333333333,4359.0,1,1,Fertility,IHS,8,CV,1,279787
33,0.1714285714285714,0.7666666666666666,3547.0,1,1,Fertility,IHS,8,CV,1,279788
34,0.12857142857142853,0.9666666666666667,4644.0,1,1,Fertility,IHS,8,CV,1,279789