
0,0.29717948717948717,0.6473684210526316,21662.0,1,1,Indian,IHS,8,CV,1,279930
1,0.2923076923076923,0.7052631578947368,20347.0,1,1,Indian,IHS,8,CV,1,279931
2,0.29717948717948717,0.7105263157894737,20497.0,1,1,Indian,IHS,8,CV,1,279932
3,0.28717948717948716,0.7315789473684211,20582.0,1,1,Indian,IHS,8,CV,1,279933
4,0.2846794871794872,0.7105263157894737,16856.0,1,1,Indian,IHS,8,CV,1,279934
5,0.2923717948717949,0.7263157894736842,21267.0,1,1,Indian,IHS,8,CV,1,279935
6,0.2923717948717949,0.7526315789473684,16935.0,1,1,Indian,IHS,8,CV,1,279936
7,0.29256410256410254,0.6947368421052631,18061.0,1,1,Indian,IHS,8,CV,1,279937
8,0.2846153846153846,0.7210526315789474,20315.0,1,1,Indian,IHS,8,CV,1,279938
9,0.28717948717948716,0.7157894736842105,20521.0,1,1,Indian,IHS,8,CV,1,279939
10,0.29224358974358977,0.7157894736842105,19672.0,1,1,Indian,IHS,8,CV,1,279940
11,0.2873076923076923,0.7105263157894737,20596.0,1,1,Indian,IHS,8,CV,1,279941
12,0.2844871794871795,0.6789473684210526,17516.0,1,1,Indian,IHS,8,CV,1,279942
13,0.2898717948717949,0.7157894736842105,16707.0,1,1,Indian,IHS,8,CV,1,279943
14,0.28205128205128205,0.6947368421052631,15891.0,1,1,Indian,IHS,8,CV,1,230894
15,0.2847435897435897,0.7105263157894737,17862.0,1,1,Indian,IHS,8,CV,1,279945
16,0.284551282051282,0.6947368421052631,22206.0,1,1,Indian,IHS,8,CV,1,279946
17,0.27717948717948715,0.7,19625.0,1,1,Indian,IHS,8,CV,1,279947
18,0.29730769230769233,0.7157894736842105,18471.0,1,1,Indian,IHS,8,CV,1,279948
19,0.28750000000000003,0.7105263157894737,15944.0,1,1,Indian,IHS,8,CV,1,279949
20,0.2873717948717949,0.7052631578947368,17942.0,1,1,Indian,IHS,8,CV,1,279950
21,0.2796794871794872,0.7,21988.0,1,1,Indian,IHS,8,CV,1,279951
22,0.2873717948717948,0.7,15672.0,1,1,Indian,IHS,8,CV,1,279952
23,0.28217948717948715,0.7157894736842105,21963.0,1,1,Indian,IHS,8,CV,1,279953
24,0.2898076923076923,0.7210526315789474,18395.0,1,1,Indian,IHS,8,CV,1,279954
25,0.2948717948717949,0.7157894736842105,15765.0,1,1,Indian,IHS,8,CV,1,279955
26,0.2924358974358975,0.7,20534.0,1,1,Indian,IHS,8,CV,1,279956
27,0.2898076923076923,0.7105263157894737,19985.0,1,1,Indian,IHS,8,CV,1,279957
28,0.28955128205128206,0.6842105263157895,21685.0,1,1,Indian,IHS,8,CV,1,279958
29,0.2921153846153846,0.7157894736842105,21859.0,1,1,Indian,IHS,8,CV,1,279959
30,0.2925000000000001,0.7157894736842105,16267.0,1,1,Indian,IHS,8,CV,1,279960
31,0.29217948717948716,0.7,16843.0,1,1,Indian,IHS,8,CV,1,279961
32,0.28474358974358976,0.6789473684210526,16897.0,1,1,Indian,IHS,8,CV,1,279962
33,0.29012820512820514,0.7210526315789474,16392.0,1,1,Indian,IHS,8,CV,1,279963
34,0.28237179487179487,0.7263157894736842,18007.0,1,1,Indian,IHS,8,CV,1,279964