
0,0.06800678030976173,0.8786867000556483,338212.0,1,1,Optdigits,IHS,8,CV,1,280105
1,0.06565007586838544,0.8881469115191987,308066.0,1,1,Optdigits,IHS,8,CV,1,280106
2,0.0690497997348024,0.867557039510295,271213.0,1,1,Optdigits,IHS,8,CV,1,280107
3,0.0674770686096264,0.8859209794101279,276869.0,1,1,Optdigits,IHS,8,CV,1,280108
4,0.06904911623583448,0.8742348358375069,286632.0,1,1,Optdigits,IHS,8,CV,1,280109
5,0.07061842986617091,0.8898163606010017,276745.0,1,1,Optdigits,IHS,8,CV,1,280110
6,0.06696171038781731,0.8937117417918754,341197.0,1,1,Optdigits,IHS,8,CV,1,280111
7,0.06958156193184148,0.8792431830829159,292687.0,1,1,Optdigits,IHS,8,CV,1,280112
8,0.06774705070195344,0.8987200890372844,294254.0,1,1,Optdigits,IHS,8,CV,1,280113
9,0.06931294683745029,0.8887033945464663,306554.0,1,1,Optdigits,IHS,8,CV,1,280114
10,0.0674852705972414,0.8987200890372844,304095.0,1,1,Optdigits,IHS,8,CV,1,280115
11,0.07061637936926715,0.8764607679465777,328820.0,1,1,Optdigits,IHS,8,CV,1,280116
12,0.0661729525788416,0.862548692264886,337834.0,1,1,Optdigits,IHS,8,CV,1,280117
13,0.07114609106940249,0.895937673900946,243318.0,1,1,Optdigits,IHS,8,CV,1,280118
14,0.06721938949872185,0.889259877573734,224557.0,1,1,Optdigits,IHS,8,CV,1,280119
15,0.05858884803083947,0.89259877573734,334793.0,1,1,Optdigits,IHS,8,CV,1,280120
16,0.06617431957677744,0.8914858096828047,315527.0,1,1,Optdigits,IHS,8,CV,1,280121
17,0.0661729525788416,0.8987200890372844,272615.0,1,1,Optdigits,IHS,8,CV,1,280122
18,0.06539239675748089,0.8809126321647189,267801.0,1,1,Optdigits,IHS,8,CV,1,280123
19,0.06644156767323281,0.869226488592098,340519.0,1,1,Optdigits,IHS,8,CV,1,280124
20,0.0659166404658729,0.890929326655537,243229.0,1,1,Optdigits,IHS,8,CV,1,231050
21,0.06852350552950666,0.8814691151919867,345659.0,1,1,Optdigits,IHS,8,CV,1,280126
22,0.06983172255409893,0.8914858096828047,349256.0,1,1,Optdigits,IHS,8,CV,1,280127
23,0.06434664333656856,0.890929326655537,268181.0,1,1,Optdigits,IHS,8,CV,1,280128
24,0.06931089634054652,0.8887033945464663,347313.0,1,1,Optdigits,IHS,8,CV,1,280129
25,0.06956720845351524,0.8742348358375069,322532.0,1,1,Optdigits,IHS,8,CV,1,280130
26,0.06827129441034543,0.8636616583194212,382874.0,1,1,Optdigits,IHS,8,CV,1,280131
27,0.06459680395882603,0.9053978853644964,323791.0,1,1,Optdigits,IHS,8,CV,1,280132
28,0.06878665263215453,0.9020589872008904,349907.0,1,1,Optdigits,IHS,8,CV,1,280133
29,0.07114609106940249,0.8881469115191987,344423.0,1,1,Optdigits,IHS,8,CV,1,280134
30,0.06774226620917803,0.889259877573734,287609.0,1,1,Optdigits,IHS,8,CV,1,280135
31,0.06330157341462414,0.8714524207011686,346075.0,1,1,Optdigits,IHS,8,CV,1,280136
32,0.06774500020504969,0.8948247078464107,348363.0,1,1,Optdigits,IHS,8,CV,1,280137
33,0.06696102688884939,0.8853644963828603,411731.0,1,1,Optdigits,IHS,8,CV,1,280138
34,0.06459748745779394,0.907623817473567,277769.0,1,1,Optdigits,IHS,8,CV,1,280139