
0,0.31426829268292683,0.6683168316831682,29792.0,1,1,Hill,IHS,9,CV,1,281365
1,0.3141463414634147,0.6683168316831682,29499.0,1,1,Hill,IHS,9,CV,1,281366
2,0.31920731707317074,0.6831683168316831,31447.0,1,1,Hill,IHS,9,CV,1,281367
3,0.31908536585365854,0.7128712871287128,30138.0,1,1,Hill,IHS,9,CV,1,281368
4,0.3044512195121951,0.693069306930693,28417.0,1,1,Hill,IHS,9,CV,1,281369
5,0.31134146341463415,0.6633663366336633,24155.0,1,1,Hill,IHS,9,CV,1,281370
6,0.30920731707317073,0.6732673267326732,24555.0,1,1,Hill,IHS,9,CV,1,281371
7,0.31896341463414635,0.6633663366336633,28863.0,1,1,Hill,IHS,9,CV,1,281372
8,0.3142682926829269,0.6881188118811881,28828.0,1,1,Hill,IHS,9,CV,1,281373
9,0.32134146341463415,0.6831683168316831,31264.0,1,1,Hill,IHS,9,CV,1,281374
10,0.31676829268292683,0.6782178217821782,25384.0,1,1,Hill,IHS,9,CV,1,281375
11,0.3044512195121951,0.6732673267326732,27929.0,1,1,Hill,IHS,9,CV,1,281376
12,0.3190853658536585,0.6831683168316831,28071.0,1,1,Hill,IHS,9,CV,1,281377
13,0.31170731707317073,0.6732673267326732,24758.0,1,1,Hill,IHS,9,CV,1,281378
14,0.3190243902439024,0.6831683168316831,29800.0,1,1,Hill,IHS,9,CV,1,281379
15,0.31908536585365854,0.6633663366336633,29214.0,1,1,Hill,IHS,9,CV,1,281380
16,0.30920731707317073,0.6831683168316831,23116.0,1,1,Hill,IHS,9,CV,1,281381
17,0.31152439024390244,0.6732673267326732,29713.0,1,1,Hill,IHS,9,CV,1,281382
18,0.3216463414634146,0.6831683168316831,31027.0,1,1,Hill,IHS,9,CV,1,281383
19,0.31426829268292683,0.6831683168316831,26808.0,1,1,Hill,IHS,9,CV,1,281384
20,0.31945121951219513,0.6831683168316831,28297.0,1,1,Hill,IHS,9,CV,1,281385
21,0.309329268292683,0.6831683168316831,23241.0,1,1,Hill,IHS,9,CV,1,281386
22,0.3239634146341463,0.7029702970297029,31542.0,1,1,Hill,IHS,9,CV,1,281387
23,0.3094512195121951,0.6534653465346535,32033.0,1,1,Hill,IHS,9,CV,1,281388
24,0.3215853658536585,0.6633663366336633,23402.0,1,1,Hill,IHS,9,CV,1,281389
25,0.31658536585365854,0.6386138613861386,26827.0,1,1,Hill,IHS,9,CV,1,281390
26,0.30932926829268287,0.7079207920792079,30336.0,1,1,Hill,IHS,9,CV,1,281391
27,0.3215853658536586,0.6782178217821782,28161.0,1,1,Hill,IHS,9,CV,1,281392
28,0.31670731707317074,0.6534653465346535,23501.0,1,1,Hill,IHS,9,CV,1,281393
29,0.3117073170731707,0.6683168316831682,23918.0,1,1,Hill,IHS,9,CV,1,281394
31,0.30920731707317073,0.693069306930693,29903.0,1,1,Hill,IHS,9,CV,1,281396
32,0.31414634146341464,0.6782178217821782,29705.0,1,1,Hill,IHS,9,CV,1,281397
33,0.31658536585365854,0.698019801980198,23115.0,1,1,Hill,IHS,9,CV,1,281398
34,0.3092682926829268,0.6485148514851485,24731.0,1,1,Hill,IHS,9,CV,1,281399
30,0.3092682926829268,0.6881188118811881,25234.0,1,1,Hill,IHS,9,CV,1,240535