
0,0.03571428571428571,0.9714285714285714,6636.0,1,1,Seeds,IHS,9,CV,1,281610
1,0.02857142857142857,0.9714285714285714,6600.0,1,1,Seeds,IHS,9,CV,1,281611
2,0.03571428571428571,0.9428571428571428,6654.0,1,1,Seeds,IHS,9,CV,1,281612
3,0.03571428571428571,0.9857142857142858,6665.0,1,1,Seeds,IHS,9,CV,1,281613
4,0.02857142857142857,0.9285714285714286,6617.0,1,1,Seeds,IHS,9,CV,1,281614
5,0.02142857142857143,0.9714285714285714,6422.0,1,1,Seeds,IHS,9,CV,1,281615
6,0.02142857142857143,0.9714285714285714,6640.0,1,1,Seeds,IHS,9,CV,1,281616
7,0.02857142857142857,0.9285714285714286,6528.0,1,1,Seeds,IHS,9,CV,1,281617
8,0.02857142857142857,0.9571428571428572,8601.0,1,1,Seeds,IHS,9,CV,1,281618
9,0.02142857142857143,0.9428571428571428,6844.0,1,1,Seeds,IHS,9,CV,1,281619
10,0.02857142857142857,0.9857142857142858,6160.0,1,1,Seeds,IHS,9,CV,1,281620
11,0.02857142857142857,0.9571428571428572,6703.0,1,1,Seeds,IHS,9,CV,1,281621
12,0.02857142857142857,0.9142857142857143,6552.0,1,1,Seeds,IHS,9,CV,1,281622
13,0.03571428571428571,0.9714285714285714,6626.0,1,1,Seeds,IHS,9,CV,1,281623
14,0.02857142857142857,0.9571428571428572,6543.0,1,1,Seeds,IHS,9,CV,1,281624
15,0.02857142857142857,0.9428571428571428,7899.0,1,1,Seeds,IHS,9,CV,1,281625
16,0.02857142857142857,0.9714285714285714,6906.0,1,1,Seeds,IHS,9,CV,1,281626
17,0.02857142857142857,0.9571428571428572,8436.0,1,1,Seeds,IHS,9,CV,1,281627
18,0.03571428571428571,0.9571428571428572,6644.0,1,1,Seeds,IHS,9,CV,1,281628
19,0.02857142857142857,0.9571428571428572,6616.0,1,1,Seeds,IHS,9,CV,1,281629
20,0.03571428571428571,0.9571428571428572,6161.0,1,1,Seeds,IHS,9,CV,1,281630
21,0.02857142857142857,0.9714285714285714,8009.0,1,1,Seeds,IHS,9,CV,1,232281
22,0.02857142857142857,0.9428571428571428,6650.0,1,1,Seeds,IHS,9,CV,1,281632
23,0.02857142857142857,0.9571428571428572,6703.0,1,1,Seeds,IHS,9,CV,1,281633
24,0.03571428571428571,0.9571428571428572,6502.0,1,1,Seeds,IHS,9,CV,1,281634
25,0.02857142857142857,0.9428571428571428,6625.0,1,1,Seeds,IHS,9,CV,1,281635
26,0.03571428571428571,0.9714285714285714,8429.0,1,1,Seeds,IHS,9,CV,1,281636
27,0.02857142857142857,0.9285714285714286,6390.0,1,1,Seeds,IHS,9,CV,1,281637
28,0.02857142857142857,0.9428571428571428,6107.0,1,1,Seeds,IHS,9,CV,1,281638
29,0.02142857142857143,0.9571428571428572,6595.0,1,1,Seeds,IHS,9,CV,1,232289
30,0.02857142857142857,0.9571428571428572,6610.0,1,1,Seeds,IHS,9,CV,1,281640
31,0.03571428571428571,0.9714285714285714,6596.0,1,1,Seeds,IHS,9,CV,1,281641
32,0.02857142857142857,0.9857142857142858,6922.0,1,1,Seeds,IHS,9,CV,1,281642
33,0.03571428571428571,0.9714285714285714,6480.0,1,1,Seeds,IHS,9,CV,1,281643
34,0.03571428571428571,0.9428571428571428,6641.0,1,1,Seeds,IHS,9,CV,1,281644